NC_003454
15.856693	194.109958	0.050132	19.255345	231.873283	0.041931
13.079564	200.289705	0.060973	18.086124	242.193168	0.044496
13.985091	200.878891	0.057901	18.109920	242.800852	0.044359
18.129498	192.911231	0.045596	19.770899	232.694812	0.040916
NC_003454
15.856693	194.109958	0.050132	19.255345	231.873283	0.041931
13.079564	200.289705	0.060973	18.086124	242.193168	0.044496
13.985091	200.878891	0.057901	18.109920	242.800852	0.044359
18.129498	192.911231	0.045596	19.770899	232.694812	0.040916
NC_003454
15.856693	194.109958	0.050132	19.255345	231.873283	0.041931
13.079564	200.289705	0.060973	18.086124	242.193168	0.044496
13.985091	200.878891	0.057901	18.109920	242.800852	0.044359
18.129498	192.911231	0.045596	19.770899	232.694812	0.040916
NC_007577
12.573274	205.776771	0.061557	16.864251	238.566734	0.047564
11.816781	215.378886	0.067238	14.080472	243.131642	0.056857
10.953677	215.780076	0.071475	14.477035	244.528966	0.055749
13.325338	206.303482	0.059724	17.309817	240.182080	0.046760
NC_007577
12.573274	205.776771	0.061557	16.864251	238.566734	0.047564
11.816781	215.378886	0.067238	14.080472	243.131642	0.056857
10.953677	215.780076	0.071475	14.477035	244.528966	0.055749
13.325338	206.303482	0.059724	17.309817	240.182080	0.046760
NC_000908
8.745495	200.206648	0.088230	12.003028	229.536907	0.066754
12.009855	197.476155	0.081957	12.067732	231.992099	0.066835
8.915254	197.509471	0.087410	12.392135	230.398286	0.065043
9.068398	186.498391	0.088022	11.703160	221.277639	0.068442
NC_004461
11.702699	208.551466	0.066127	15.245041	244.298438	0.052379
11.233029	215.839039	0.071593	14.274371	253.333282	0.056017
11.288453	217.842805	0.070407	14.347251	252.981764	0.055629
13.414757	207.353088	0.060244	15.775387	245.437952	0.050546
NC_004461
11.702699	208.551466	0.066127	15.245041	244.298438	0.052379
11.233029	215.839039	0.071593	14.274371	253.333282	0.056017
11.288453	217.842805	0.070407	14.347251	252.981764	0.055629
13.414757	207.353088	0.060244	15.775387	245.437952	0.050546
NC_005362
12.186030	206.148498	0.064796	15.008236	247.981168	0.053528
11.051256	216.800163	0.072515	13.687299	255.694018	0.058231
13.027881	215.915414	0.067230	12.797841	253.336294	0.061887
12.185519	202.116328	0.064965	15.179476	247.389581	0.052843
NC_008530
14.124364	210.264712	0.057801	13.794758	244.952801	0.058225
12.242557	218.021478	0.069849	13.529620	256.217457	0.059032
10.904707	216.869796	0.074778	12.942021	252.522645	0.061605
12.085771	206.459659	0.064433	14.105044	244.221065	0.056827
NC_004350
11.566581	208.194056	0.065170	14.356955	249.966169	0.055898
9.716035	222.821356	0.081075	12.683276	254.551790	0.063164
9.903058	222.605736	0.079759	12.870511	254.498921	0.062250
11.843434	208.192716	0.064495	14.878790	249.345554	0.054032
NC_010382
13.019424	221.137517	0.061511	12.555673	246.977398	0.064058
10.415389	227.694593	0.079489	11.502169	256.482113	0.069463
9.420069	228.427580	0.084236	11.170865	254.805215	0.071041
13.845503	219.821152	0.060123	12.716493	246.926123	0.063154
NC_009567
13.325612	209.548877	0.059207	13.792310	250.099918	0.058218
10.026883	220.945582	0.080446	10.940490	253.163400	0.072658
9.972259	223.135979	0.080768	10.657038	252.601348	0.074502
14.571501	208.757407	0.055516	13.841862	250.445480	0.058117
NC_010611
10.078228	221.192772	0.077194	12.386147	252.150111	0.065040
9.197492	228.915448	0.087616	11.264447	258.259542	0.071045
9.388607	228.506082	0.084970	11.413717	258.506377	0.070355
10.449144	221.442689	0.076049	12.045324	251.396555	0.066709
NC_000912
10.282515	212.258380	0.076506	11.248060	243.021852	0.071206
8.743811	215.765550	0.088968	10.848413	246.256114	0.073650
7.607770	213.477799	0.106546	10.648585	244.460722	0.075567
11.225228	203.140274	0.076622	10.751644	237.633757	0.074600
NC_000912
10.282515	212.258380	0.076506	11.248060	243.021852	0.071206
8.743811	215.765550	0.088968	10.848413	246.256114	0.073650
7.607770	213.477799	0.106546	10.648585	244.460722	0.075567
11.225228	203.140274	0.076622	10.751644	237.633757	0.074600
NC_009009
11.598766	212.880456	0.066505	13.376304	257.533037	0.059646
9.217789	227.660035	0.087461	10.645410	258.512389	0.074488
7.576033	228.983520	0.101383	10.464732	257.328044	0.075728
10.349785	211.310689	0.071967	13.774119	257.856724	0.057716
NC_009009
11.598766	212.880456	0.066505	13.376304	257.533037	0.059646
9.217789	227.660035	0.087461	10.645410	258.512389	0.074488
7.576033	228.983520	0.101383	10.464732	257.328044	0.075728
10.349785	211.310689	0.071967	13.774119	257.856724	0.057716
NC_009715
17.118144	211.528920	0.049038	13.196746	249.054038	0.060620
9.883366	223.780405	0.083792	11.169198	252.692863	0.071136
9.171014	224.715493	0.086484	11.487172	253.436782	0.069513
14.553741	210.109919	0.052359	13.703791	249.823977	0.058610
NC_008497
8.387730	216.831526	0.090463	10.284615	255.070849	0.077508
6.274830	230.720342	0.126239	8.992698	256.793209	0.088711
6.973747	232.389911	0.112085	9.182266	258.608550	0.086515
9.617760	218.061876	0.083752	11.148464	257.010344	0.071731
NC_008497
8.387730	216.831526	0.090463	10.284615	255.070849	0.077508
6.274830	230.720342	0.126239	8.992698	256.793209	0.088711
6.973747	232.389911	0.112085	9.182266	258.608550	0.086515
9.617760	218.061876	0.083752	11.148464	257.010344	0.071731
NC_010634
8.495762	228.715199	0.092262	9.514213	253.671669	0.083862
6.195925	236.145702	0.128687	8.736645	257.353413	0.091027
6.370437	236.731021	0.126447	8.529000	257.119663	0.093165
8.120778	228.345463	0.096034	9.852203	254.073190	0.081392
NC_002950
12.026846	225.136218	0.066932	9.436535	249.998526	0.084543
6.749790	232.362773	0.115136	7.832301	254.722378	0.101250
7.482112	233.149733	0.108878	7.717627	254.735659	0.102796
12.625759	224.936587	0.065488	9.607117	250.857702	0.082974
NC_009328
11.971097	222.379002	0.066633	10.297782	250.741123	0.077522
7.835195	232.387482	0.101866	8.040851	253.058222	0.098250
8.364317	232.621646	0.097444	8.483711	254.260767	0.093452
10.556887	221.841036	0.071178	10.369041	251.046313	0.076841
NC_002655
9.080875	230.912330	0.089223	9.179355	251.834603	0.087640
6.806965	235.825792	0.116187	8.749150	257.193509	0.091204
7.244176	235.805406	0.110838	8.728056	257.288642	0.091247
8.633712	230.085074	0.089761	9.429479	252.510831	0.085010
NC_010610
12.519748	218.512883	0.066150	10.771582	253.277383	0.074001
9.056348	226.672146	0.088270	10.663068	262.341474	0.074534
8.527648	226.714506	0.093326	10.819526	261.603888	0.073942
13.197462	218.534314	0.062214	11.201519	253.924023	0.071435
NC_002946
11.660718	223.118535	0.071246	9.670656	247.304242	0.082934
9.169627	228.462196	0.087918	8.609688	252.745656	0.092243
8.171213	229.588014	0.096145	8.708197	253.499291	0.090816
10.943087	222.424097	0.072259	10.349829	249.457189	0.077470
NC_002935
7.926083	232.164908	0.100503	7.799542	248.975888	0.102995
7.133175	233.733408	0.112948	8.691141	256.884816	0.091469
6.822638	234.325899	0.116111	8.286114	256.370607	0.095574
7.796512	231.776494	0.105680	7.893394	249.052725	0.101957
NC_002935
7.926083	232.164908	0.100503	7.799542	248.975888	0.102995
7.133175	233.733408	0.112948	8.691141	256.884816	0.091469
6.822638	234.325899	0.116111	8.286114	256.370607	0.095574
7.796512	231.776494	0.105680	7.893394	249.052725	0.101957
NC_009668
8.446422	225.381201	0.094790	9.166305	248.036911	0.087574
7.392878	227.846194	0.106373	9.104507	253.325468	0.087377
7.106637	227.976064	0.112974	8.921526	252.503599	0.089176
7.635333	224.664321	0.101968	8.936217	247.424824	0.089320
NC_009668
8.446422	225.381201	0.094790	9.166305	248.036911	0.087574
7.392878	227.846194	0.106373	9.104507	253.325468	0.087377
7.106637	227.976064	0.112974	8.921526	252.503599	0.089176
7.635333	224.664321	0.101968	8.936217	247.424824	0.089320
NC_009648
7.668550	230.138021	0.102161	9.917375	250.517998	0.081082
9.103385	230.432904	0.086888	10.793829	260.558483	0.073845
9.041484	230.198244	0.086745	10.918615	260.696555	0.072786
7.702921	229.827946	0.102124	10.403770	250.674098	0.077466
NC_009648
7.668550	230.138021	0.102161	9.917375	250.517998	0.081082
9.103385	230.432904	0.086888	10.793829	260.558483	0.073845
9.041484	230.198244	0.086745	10.918615	260.696555	0.072786
7.702921	229.827946	0.102124	10.403770	250.674098	0.077466
NC_003062
9.060597	227.318906	0.089626	10.809029	244.634720	0.075599
8.908470	225.507927	0.088957	10.360905	255.844257	0.076801
9.166493	226.080545	0.086411	10.571763	255.779902	0.075111
8.355006	227.499183	0.094882	10.701211	245.014506	0.076250
NC_006085
9.493415	228.479762	0.084596	8.381580	243.898651	0.095135
7.903630	228.766516	0.098295	8.925463	252.233905	0.088698
9.626968	228.852956	0.082218	9.025143	253.267106	0.087314
10.123852	227.391128	0.080767	9.153048	244.920261	0.087639
NC_007492
9.450944	227.838656	0.083886	10.278108	247.724856	0.078039
9.128367	227.451235	0.084333	11.062306	258.444053	0.071883
9.512768	227.849237	0.082555	11.072961	258.572641	0.071535
9.383818	227.998224	0.084829	10.378593	247.980592	0.077306
NC_002678
9.757908	229.820102	0.082688	11.263005	239.066505	0.073267
12.308540	224.295438	0.064744	12.118657	255.640843	0.065626
13.010189	224.306246	0.063340	11.899545	255.108239	0.066817
9.683301	229.535223	0.082844	11.609759	239.432311	0.071196
NC_004129
10.839802	228.713515	0.075265	10.294311	243.498169	0.078229
11.176780	222.620718	0.069789	13.347549	262.482732	0.059751
11.502395	222.706279	0.069377	13.362186	262.422100	0.059626
10.292161	228.232916	0.077963	10.386823	243.528315	0.077473
NC_004129
10.839802	228.713515	0.075265	10.294311	243.498169	0.078229
11.176780	222.620718	0.069789	13.347549	262.482732	0.059751
11.502395	222.706279	0.069377	13.362186	262.422100	0.059626
10.292161	228.232916	0.077963	10.386823	243.528315	0.077473
NC_002755
9.185399	229.543660	0.087848	9.620874	235.485918	0.083430
11.309826	225.353094	0.071674	11.003912	248.763857	0.071897
9.678881	226.537836	0.080832	10.919146	247.534792	0.072465
8.603500	230.374985	0.092550	9.331202	235.196875	0.085972
NC_008463
12.018570	222.545292	0.066694	12.691565	239.708975	0.062883
12.089957	214.628849	0.063735	19.907483	264.932624	0.042849
12.148885	215.025615	0.062969	18.886839	263.977821	0.044407
12.633966	222.564862	0.064210	12.704105	239.413973	0.063132
NC_002929
0.000000	230.082065	0.041603	11.127474	238.108856	0.070939
42.778092	200.672588	0.035684	20.671557	267.971248	0.041258
44.305925	185.327194	0.045462	20.060771	264.642364	0.041855
75.049553	170.090125	0.048655	12.167371	238.430734	0.066224
NC_002929
0.000000	230.082065	0.041603	11.127474	238.108856	0.070939
42.778092	200.672588	0.035684	20.671557	267.971248	0.041258
44.305925	185.327194	0.045462	20.060771	264.642364	0.041855
75.049553	170.090125	0.048655	12.167371	238.430734	0.066224
NC_007494
10.597577	206.213614	0.072441	12.084825	226.629143	0.065495
10.454353	200.245501	0.072733	15.169688	245.271445	0.052683
9.592391	201.815278	0.075886	14.998802	248.694426	0.053306
11.633210	205.199834	0.073359	11.855615	229.353913	0.066381