>NC_003454
0.097612	0.015576	0.034268	0.072690	0.011423	0.002077	0.001038	0.018692	0.023884	0.005192	0.004154	0.015576	0.073728	0.013499	0.019730	0.065421	0.016615	0.006231	0.004154	0.007269	0.004154	0.001038	0.002077	0.006231	0.002077	0.002077	0.002077	0.001038	0.018692	0.002077	0.003115	0.014538	0.028037	0.003115	0.007269	0.018692	0.010384	0.002077	0.001038	0.009346	0.016615	0.002077	0.004154	0.005192	0.016615	0.003115	0.005192	0.017653	0.069574	0.012461	0.015576	0.041537	0.006231	0.005192	0.001038	0.010384	0.011423	0.003115	0.010384	0.015576	0.052960	0.011423	0.017653	0.063344	
0.117342	0.012461	0.016615	0.065421	0.017653	0.003115	0.002077	0.014538	0.030114	0.004154	0.010384	0.016615	0.061267	0.012461	0.011423	0.055036	0.015576	0.003115	0.007269	0.006231	0.005192	0.001038	0.001038	0.003115	0.001038	0.001038	0.002077	0.001038	0.016615	0.002077	0.009346	0.016615	0.026999	0.003115	0.007269	0.016615	0.006231	0.001038	0.001038	0.004154	0.007269	0.003115	0.005192	0.005192	0.013499	0.001038	0.005192	0.017653	0.069574	0.009346	0.023884	0.059190	0.009346	0.004154	0.003115	0.013499	0.024922	0.003115	0.005192	0.012461	0.059190	0.007269	0.014538	0.079958	
0.128764	0.016615	0.025961	0.058152	0.012461	0.006231	0.002077	0.007269	0.021807	0.008307	0.007269	0.017653	0.063344	0.008307	0.017653	0.058152	0.019730	0.001038	0.008307	0.009346	0.006231	0.001038	0.001038	0.001038	0.003115	0.001038	0.001038	0.002077	0.015576	0.007269	0.005192	0.007269	0.038422	0.004154	0.008307	0.012461	0.005192	0.002077	0.001038	0.003115	0.011423	0.004154	0.004154	0.003115	0.015576	0.001038	0.004154	0.014538	0.059190	0.011423	0.017653	0.062305	0.012461	0.002077	0.001038	0.007269	0.014538	0.002077	0.012461	0.011423	0.075805	0.006231	0.014538	0.072690	
0.143302	0.012461	0.022845	0.067497	0.018692	0.004154	0.001038	0.009346	0.022845	0.006231	0.007269	0.023884	0.065421	0.013499	0.019730	0.043614	0.023884	0.005192	0.002077	0.005192	0.003115	0.003115	0.001038	0.004154	0.002077	0.001038	0.001038	0.001038	0.006231	0.001038	0.004154	0.007269	0.021807	0.004154	0.011423	0.013499	0.011423	0.001038	0.001038	0.002077	0.009346	0.004154	0.004154	0.007269	0.012461	0.001038	0.004154	0.016615	0.066459	0.012461	0.021807	0.069574	0.013499	0.002077	0.001038	0.006231	0.011423	0.005192	0.008307	0.016615	0.069574	0.013499	0.010384	0.059190	
0.137072	0.015576	0.029076	0.073728	0.016615	0.005192	0.003115	0.009346	0.028037	0.008307	0.006231	0.015576	0.064382	0.012461	0.015576	0.063344	0.030114	0.004154	0.005192	0.007269	0.005192	0.001038	0.001038	0.003115	0.001038	0.001038	0.001038	0.001038	0.010384	0.004154	0.002077	0.005192	0.026999	0.004154	0.006231	0.008307	0.006231	0.001038	0.002077	0.007269	0.009346	0.003115	0.002077	0.006231	0.023884	0.002077	0.003115	0.019730	0.065421	0.008307	0.021807	0.058152	0.015576	0.003115	0.001038	0.009346	0.023884	0.005192	0.007269	0.002077	0.051921	0.006231	0.014538	0.053998	
0.122534	0.019730	0.035306	0.082035	0.015576	0.004154	0.001038	0.011423	0.022845	0.007269	0.012461	0.019730	0.059190	0.011423	0.015576	0.061267	0.020768	0.004154	0.007269	0.011423	0.002077	0.002077	0.001038	0.005192	0.004154	0.001038	0.001038	0.001038	0.012461	0.001038	0.001038	0.014538	0.030114	0.003115	0.005192	0.023884	0.006231	0.002077	0.002077	0.007269	0.008307	0.001038	0.002077	0.005192	0.009346	0.001038	0.007269	0.007269	0.066459	0.009346	0.020768	0.053998	0.007269	0.005192	0.002077	0.010384	0.012461	0.004154	0.008307	0.010384	0.055036	0.011423	0.013499	0.062305	
0.129803	0.014538	0.026999	0.068536	0.015576	0.005192	0.001038	0.014538	0.036345	0.007269	0.007269	0.017653	0.060228	0.010384	0.021807	0.078920	0.014538	0.003115	0.004154	0.009346	0.005192	0.002077	0.001038	0.005192	0.002077	0.002077	0.001038	0.001038	0.013499	0.003115	0.003115	0.014538	0.025961	0.002077	0.006231	0.013499	0.004154	0.001038	0.001038	0.007269	0.009346	0.002077	0.003115	0.009346	0.017653	0.004154	0.003115	0.011423	0.059190	0.011423	0.018692	0.046729	0.010384	0.002077	0.001038	0.011423	0.018692	0.003115	0.006231	0.009346	0.057113	0.011423	0.014538	0.062305	
0.116303	0.012461	0.024922	0.075805	0.013499	0.003115	0.002077	0.012461	0.032191	0.003115	0.006231	0.014538	0.070613	0.009346	0.011423	0.046729	0.013499	0.002077	0.008307	0.011423	0.003115	0.003115	0.002077	0.002077	0.001038	0.001038	0.001038	0.001038	0.016615	0.001038	0.005192	0.015576	0.035306	0.006231	0.008307	0.016615	0.005192	0.002077	0.001038	0.006231	0.009346	0.002077	0.003115	0.003115	0.011423	0.002077	0.004154	0.019730	0.069574	0.013499	0.021807	0.043614	0.015576	0.002077	0.001038	0.010384	0.019730	0.004154	0.008307	0.010384	0.063344	0.006231	0.025961	0.071651	
0.119418	0.006231	0.029076	0.079958	0.011423	0.003115	0.002077	0.017653	0.036345	0.009346	0.009346	0.008307	0.062305	0.006231	0.014538	0.064382	0.016615	0.003115	0.005192	0.012461	0.003115	0.002077	0.001038	0.004154	0.002077	0.001038	0.001038	0.002077	0.012461	0.002077	0.005192	0.011423	0.036345	0.003115	0.010384	0.012461	0.003115	0.001038	0.001038	0.005192	0.006231	0.001038	0.006231	0.005192	0.011423	0.002077	0.003115	0.012461	0.080997	0.005192	0.018692	0.057113	0.003115	0.006231	0.002077	0.007269	0.016615	0.006231	0.009346	0.014538	0.067497	0.006231	0.010384	0.069574	
0.134995	0.014538	0.024922	0.078920	0.008307	0.002077	0.001038	0.006231	0.028037	0.006231	0.012461	0.016615	0.067497	0.010384	0.019730	0.064382	0.010384	0.002077	0.004154	0.004154	0.004154	0.001038	0.001038	0.006231	0.001038	0.001038	0.002077	0.002077	0.018692	0.001038	0.002077	0.012461	0.029076	0.003115	0.010384	0.018692	0.008307	0.002077	0.001038	0.006231	0.015576	0.001038	0.003115	0.006231	0.012461	0.002077	0.001038	0.014538	0.074766	0.009346	0.021807	0.047767	0.005192	0.001038	0.001038	0.009346	0.021807	0.001038	0.005192	0.005192	0.064382	0.011423	0.014538	0.067497	
0.134995	0.013499	0.026999	0.073728	0.014538	0.002077	0.003115	0.009346	0.033229	0.003115	0.008307	0.016615	0.050883	0.011423	0.018692	0.068536	0.011423	0.004154	0.004154	0.006231	0.002077	0.001038	0.001038	0.002077	0.001038	0.001038	0.001038	0.001038	0.011423	0.004154	0.005192	0.007269	0.036345	0.003115	0.007269	0.019730	0.002077	0.003115	0.001038	0.003115	0.011423	0.002077	0.002077	0.007269	0.008307	0.005192	0.002077	0.014538	0.074766	0.008307	0.026999	0.052960	0.011423	0.003115	0.004154	0.006231	0.019730	0.003115	0.002077	0.012461	0.064382	0.008307	0.017653	0.068536	
0.125649	0.009346	0.033229	0.089304	0.012461	0.004154	0.001038	0.011423	0.035306	0.003115	0.013499	0.013499	0.070613	0.003115	0.011423	0.067497	0.016615	0.002077	0.004154	0.007269	0.003115	0.001038	0.001038	0.004154	0.001038	0.002077	0.005192	0.001038	0.006231	0.003115	0.002077	0.009346	0.036345	0.002077	0.010384	0.016615	0.002077	0.001038	0.001038	0.005192	0.006231	0.001038	0.003115	0.003115	0.009346	0.003115	0.006231	0.018692	0.061267	0.007269	0.021807	0.044652	0.014538	0.003115	0.002077	0.009346	0.020768	0.007269	0.009346	0.006231	0.059190	0.012461	0.020768	0.066459	
0.137072	0.007269	0.035306	0.060228	0.008307	0.002077	0.002077	0.008307	0.037383	0.003115	0.006231	0.022845	0.057113	0.008307	0.020768	0.071651	0.013499	0.005192	0.005192	0.008307	0.002077	0.001038	0.001038	0.005192	0.001038	0.001038	0.001038	0.002077	0.010384	0.003115	0.003115	0.013499	0.035306	0.003115	0.010384	0.014538	0.006231	0.002077	0.001038	0.004154	0.018692	0.004154	0.005192	0.003115	0.010384	0.002077	0.003115	0.008307	0.068536	0.005192	0.018692	0.052960	0.005192	0.002077	0.001038	0.013499	0.017653	0.001038	0.009346	0.012461	0.070613	0.009346	0.010384	0.071651	
0.127726	0.007269	0.040498	0.078920	0.009346	0.002077	0.001038	0.008307	0.038422	0.004154	0.015576	0.011423	0.056075	0.010384	0.018692	0.050883	0.009346	0.002077	0.003115	0.007269	0.002077	0.002077	0.001038	0.002077	0.001038	0.001038	0.002077	0.001038	0.009346	0.003115	0.007269	0.011423	0.041537	0.002077	0.017653	0.013499	0.004154	0.001038	0.001038	0.003115	0.011423	0.001038	0.007269	0.002077	0.017653	0.004154	0.010384	0.008307	0.068536	0.006231	0.024922	0.048806	0.007269	0.002077	0.001038	0.012461	0.017653	0.002077	0.008307	0.009346	0.055036	0.007269	0.032191	0.070613	
0.122534	0.013499	0.048806	0.062305	0.004154	0.002077	0.001038	0.010384	0.037383	0.005192	0.038422	0.005192	0.062305	0.004154	0.020768	0.061267	0.010384	0.001038	0.007269	0.004154	0.003115	0.002077	0.001038	0.001038	0.001038	0.001038	0.001038	0.001038	0.007269	0.001038	0.004154	0.013499	0.039460	0.001038	0.011423	0.016615	0.002077	0.001038	0.001038	0.004154	0.018692	0.003115	0.010384	0.001038	0.012461	0.003115	0.004154	0.004154	0.051921	0.008307	0.029076	0.048806	0.013499	0.002077	0.003115	0.006231	0.031153	0.004154	0.015576	0.017653	0.064382	0.010384	0.017653	0.048806	
0.105919	0.009346	0.057113	0.051921	0.009346	0.001038	0.002077	0.011423	0.035306	0.002077	0.044652	0.014538	0.061267	0.008307	0.009346	0.052960	0.007269	0.003115	0.004154	0.008307	0.003115	0.001038	0.001038	0.002077	0.002077	0.002077	0.001038	0.001038	0.005192	0.002077	0.004154	0.010384	0.044652	0.004154	0.024922	0.014538	0.006231	0.001038	0.002077	0.004154	0.035306	0.002077	0.012461	0.015576	0.011423	0.002077	0.003115	0.008307	0.071651	0.006231	0.030114	0.038422	0.008307	0.001038	0.002077	0.007269	0.012461	0.003115	0.024922	0.006231	0.067497	0.002077	0.007269	0.050883	
0.097612	0.009346	0.071651	0.050883	0.012461	0.002077	0.004154	0.004154	0.025961	0.009346	0.067497	0.013499	0.040498	0.004154	0.026999	0.041537	0.006231	0.004154	0.007269	0.009346	0.001038	0.001038	0.001038	0.001038	0.002077	0.002077	0.001038	0.002077	0.008307	0.001038	0.007269	0.008307	0.029076	0.002077	0.040498	0.013499	0.002077	0.002077	0.002077	0.003115	0.045691	0.003115	0.021807	0.012461	0.010384	0.001038	0.013499	0.012461	0.057113	0.002077	0.049844	0.036345	0.003115	0.002077	0.003115	0.006231	0.007269	0.003115	0.009346	0.004154	0.045691	0.009346	0.014538	0.052960	
0.065421	0.008307	0.070613	0.045691	0.004154	0.004154	0.002077	0.007269	0.038422	0.003115	0.115265	0.012461	0.044652	0.006231	0.025961	0.033229	0.006231	0.005192	0.003115	0.004154	0.001038	0.001038	0.001038	0.004154	0.004154	0.001038	0.004154	0.001038	0.006231	0.002077	0.003115	0.003115	0.029076	0.003115	0.040498	0.008307	0.006231	0.002077	0.002077	0.007269	0.059190	0.003115	0.024922	0.012461	0.014538	0.002077	0.011423	0.004154	0.043614	0.003115	0.038422	0.019730	0.007269	0.004154	0.001038	0.003115	0.016615	0.005192	0.030114	0.010384	0.041537	0.009346	0.029076	0.035306	
0.066459	0.003115	0.046729	0.028037	0.011423	0.001038	0.002077	0.005192	0.050883	0.004154	0.087227	0.010384	0.034268	0.004154	0.014538	0.024922	0.006231	0.002077	0.006231	0.004154	0.007269	0.001038	0.001038	0.002077	0.002077	0.001038	0.002077	0.001038	0.008307	0.002077	0.004154	0.007269	0.028037	0.003115	0.071651	0.015576	0.006231	0.001038	0.002077	0.003115	0.120457	0.004154	0.032191	0.017653	0.009346	0.003115	0.010384	0.013499	0.044652	0.003115	0.035306	0.023884	0.011423	0.003115	0.001038	0.004154	0.016615	0.005192	0.036345	0.011423	0.045691	0.004154	0.002077	0.023884	
0.051921	0.006231	0.064382	0.022845	0.002077	0.002077	0.002077	0.005192	0.034268	0.006231	0.106957	0.012461	0.036345	0.006231	0.012461	0.016615	0.015576	0.003115	0.010384	0.007269	0.002077	0.001038	0.001038	0.002077	0.001038	0.002077	0.001038	0.002077	0.005192	0.002077	0.001038	0.006231	0.031153	0.003115	0.134995	0.020768	0.008307	0.002077	0.002077	0.002077	0.083074	0.002077	0.039460	0.033229	0.004154	0.004154	0.015576	0.016615	0.029076	0.003115	0.035306	0.030114	0.004154	0.004154	0.002077	0.003115	0.014538	0.004154	0.007269	0.005192	0.020768	0.009346	0.018692	0.020768	
0.050883	0.008307	0.030114	0.038422	0.008307	0.003115	0.001038	0.003115	0.060228	0.005192	0.152648	0.026999	0.025961	0.007269	0.014538	0.033229	0.005192	0.001038	0.006231	0.004154	0.004154	0.003115	0.001038	0.001038	0.001038	0.002077	0.002077	0.002077	0.003115	0.003115	0.002077	0.004154	0.023884	0.006231	0.091381	0.011423	0.005192	0.002077	0.002077	0.005192	0.085151	0.006231	0.038422	0.024922	0.015576	0.002077	0.024922	0.010384	0.029076	0.001038	0.015576	0.020768	0.008307	0.003115	0.002077	0.008307	0.011423	0.008307	0.020768	0.007269	0.017653	0.001038	0.009346	0.032191	
0.053998	0.004154	0.020768	0.030114	0.007269	0.002077	0.001038	0.006231	0.035306	0.006231	0.082035	0.019730	0.029076	0.009346	0.017653	0.018692	0.008307	0.002077	0.005192	0.010384	0.004154	0.001038	0.001038	0.005192	0.002077	0.001038	0.001038	0.002077	0.011423	0.001038	0.003115	0.002077	0.057113	0.003115	0.076843	0.020768	0.008307	0.002077	0.001038	0.010384	0.120457	0.006231	0.028037	0.059190	0.019730	0.003115	0.016615	0.021807	0.032191	0.002077	0.010384	0.017653	0.002077	0.004154	0.002077	0.005192	0.031153	0.001038	0.009346	0.009346	0.033229	0.002077	0.004154	0.040498	
0.080997	0.008307	0.022845	0.039460	0.007269	0.002077	0.001038	0.001038	0.031153	0.005192	0.053998	0.022845	0.039460	0.004154	0.014538	0.020768	0.009346	0.003115	0.005192	0.004154	0.004154	0.001038	0.001038	0.003115	0.002077	0.001038	0.001038	0.001038	0.014538	0.004154	0.003115	0.005192	0.064382	0.004154	0.079958	0.040498	0.004154	0.001038	0.003115	0.006231	0.063344	0.006231	0.020768	0.030114	0.021807	0.002077	0.043614	0.022845	0.042575	0.006231	0.010384	0.034268	0.006231	0.004154	0.001038	0.004154	0.020768	0.002077	0.009346	0.009346	0.032191	0.005192	0.014538	0.031153	
0.093458	0.014538	0.036345	0.052960	0.004154	0.003115	0.001038	0.013499	0.049844	0.006231	0.043614	0.018692	0.067497	0.006231	0.011423	0.033229	0.010384	0.001038	0.004154	0.006231	0.001038	0.002077	0.001038	0.004154	0.002077	0.001038	0.001038	0.002077	0.007269	0.002077	0.001038	0.004154	0.047767	0.003115	0.031153	0.035306	0.005192	0.002077	0.001038	0.006231	0.043614	0.006231	0.016615	0.018692	0.029076	0.003115	0.008307	0.022845	0.046729	0.004154	0.013499	0.043614	0.005192	0.003115	0.001038	0.006231	0.048806	0.007269	0.014538	0.005192	0.026999	0.004154	0.007269	0.041537	
0.089304	0.011423	0.039460	0.058152	0.007269	0.001038	0.002077	0.012461	0.041537	0.006231	0.011423	0.025961	0.068536	0.008307	0.013499	0.047767	0.008307	0.002077	0.001038	0.004154	0.005192	0.002077	0.001038	0.002077	0.001038	0.001038	0.001038	0.001038	0.014538	0.001038	0.003115	0.011423	0.072690	0.006231	0.018692	0.046729	0.009346	0.002077	0.002077	0.007269	0.037383	0.006231	0.012461	0.019730	0.018692	0.003115	0.003115	0.019730	0.065421	0.009346	0.020768	0.035306	0.008307	0.001038	0.001038	0.005192	0.013499	0.002077	0.006231	0.006231	0.041537	0.003115	0.008307	0.048806	
0.132918	0.013499	0.043614	0.045691	0.012461	0.002077	0.004154	0.010384	0.036345	0.007269	0.019730	0.016615	0.077882	0.008307	0.014538	0.043614	0.013499	0.004154	0.004154	0.008307	0.003115	0.001038	0.001038	0.001038	0.003115	0.001038	0.001038	0.001038	0.011423	0.005192	0.002077	0.008307	0.051921	0.004154	0.018692	0.018692	0.008307	0.002077	0.001038	0.004154	0.016615	0.003115	0.004154	0.007269	0.030114	0.004154	0.007269	0.011423	0.075805	0.006231	0.024922	0.036345	0.007269	0.001038	0.001038	0.006231	0.010384	0.004154	0.004154	0.009346	0.042575	0.004154	0.014538	0.066459	
0.147456	0.024922	0.024922	0.076843	0.010384	0.003115	0.001038	0.013499	0.041537	0.011423	0.014538	0.023884	0.049844	0.007269	0.007269	0.044652	0.013499	0.006231	0.004154	0.007269	0.001038	0.001038	0.001038	0.003115	0.004154	0.001038	0.001038	0.001038	0.008307	0.003115	0.001038	0.009346	0.039460	0.003115	0.008307	0.015576	0.006231	0.003115	0.001038	0.005192	0.016615	0.002077	0.006231	0.004154	0.011423	0.003115	0.004154	0.015576	0.079958	0.017653	0.019730	0.044652	0.006231	0.003115	0.002077	0.010384	0.019730	0.005192	0.005192	0.008307	0.031153	0.016615	0.011423	0.070613	
0.174455	0.008307	0.024922	0.072690	0.018692	0.002077	0.006231	0.024922	0.032191	0.002077	0.007269	0.015576	0.061267	0.006231	0.011423	0.065421	0.009346	0.002077	0.008307	0.004154	0.004154	0.001038	0.001038	0.004154	0.001038	0.001038	0.001038	0.002077	0.008307	0.001038	0.004154	0.018692	0.037383	0.005192	0.014538	0.024922	0.008307	0.001038	0.001038	0.009346	0.014538	0.001038	0.001038	0.010384	0.010384	0.001038	0.003115	0.022845	0.039460	0.003115	0.017653	0.040498	0.013499	0.002077	0.001038	0.013499	0.012461	0.001038	0.001038	0.009346	0.052960	0.007269	0.007269	0.072690	
0.201454	0.001038	0.023884	0.034268	0.007269	0.001038	0.001038	0.009346	0.042575	0.001038	0.014538	0.007269	0.118380	0.001038	0.007269	0.015576	0.024922	0.001038	0.010384	0.008307	0.001038	0.001038	0.001038	0.003115	0.005192	0.001038	0.002077	0.001038	0.034268	0.001038	0.003115	0.013499	0.037383	0.001038	0.014538	0.007269	0.001038	0.001038	0.001038	0.002077	0.003115	0.001038	0.002077	0.004154	0.024922	0.001038	0.006231	0.005192	0.095535	0.001038	0.016615	0.019730	0.007269	0.001038	0.002077	0.005192	0.015576	0.001038	0.004154	0.005192	0.139148	0.001038	0.009346	0.030114	
0.001038	0.001038	0.001038	0.356179	0.001038	0.001038	0.001038	0.001038	0.001038	0.001038	0.001038	0.062305	0.001038	0.001038	0.001038	0.066459	0.001038	0.001038	0.001038	0.013499	0.001038	0.001038	0.001038	0.001038	0.001038	0.001038	0.001038	0.002077	0.001038	0.001038	0.001038	0.016615	0.001038	0.001038	0.001038	0.063344	0.001038	0.001038	0.001038	0.001038	0.001038	0.001038	0.001038	0.019730	0.001038	0.001038	0.001038	0.014538	0.001038	0.001038	0.001038	0.313603	0.001038	0.001038	0.001038	0.001038	0.001038	0.001038	0.001038	0.022845	0.001038	0.001038	0.001038	0.061267	
0.001038	0.001038	0.001038	0.001038	0.001038	0.001038	0.001038	0.001038	0.001038	0.001038	0.001038	0.001038	0.001038	0.001038	0.743510	0.001038	0.001038	0.001038	0.001038	0.001038	0.001038	0.001038	0.001038	0.001038	0.001038	0.001038	0.001038	0.001038	0.001038	0.001038	0.001038	0.001038	0.001038	0.001038	0.001038	0.001038	0.001038	0.001038	0.001038	0.001038	0.001038	0.001038	0.001038	0.001038	0.001038	0.001038	0.103842	0.001038	0.001038	0.001038	0.001038	0.001038	0.001038	0.001038	0.001038	0.001038	0.001038	0.001038	0.001038	0.001038	0.001038	0.001038	0.155763	0.001038	
0.001038	0.001038	0.001038	0.001038	0.001038	0.001038	0.001038	0.001038	0.001038	0.001038	0.001038	0.001038	0.001038	0.001038	0.001038	0.001038	0.001038	0.001038	0.001038	0.001038	0.001038	0.001038	0.001038	0.001038	0.001038	0.001038	0.001038	0.001038	0.001038	0.001038	0.001038	0.001038	0.001038	0.001038	0.001038	0.001038	0.001038	0.001038	0.001038	0.001038	0.001038	0.001038	0.001038	0.001038	0.001038	0.001038	0.001038	0.001038	0.001038	0.001038	0.001038	0.001038	0.001038	0.001038	0.001038	0.001038	0.498442	0.059190	0.262721	0.183801	0.001038	0.001038	0.001038	0.001038	
0.001038	0.001038	0.001038	0.001038	0.001038	0.001038	0.001038	0.001038	0.001038	0.001038	0.001038	0.001038	0.001038	0.001038	0.001038	0.001038	0.001038	0.001038	0.001038	0.001038	0.001038	0.001038	0.001038	0.001038	0.001038	0.001038	0.001038	0.001038	0.001038	0.001038	0.001038	0.001038	0.300104	0.036345	0.073728	0.091381	0.029076	0.012461	0.003115	0.017653	0.154725	0.042575	0.028037	0.040498	0.036345	0.044652	0.007269	0.098650	0.001038	0.001038	0.001038	0.001038	0.001038	0.001038	0.001038	0.001038	0.001038	0.001038	0.001038	0.001038	0.001038	0.001038	0.001038	0.001038	
0.206646	0.010384	0.017653	0.068536	0.019730	0.001038	0.002077	0.016615	0.031153	0.005192	0.009346	0.031153	0.056075	0.001038	0.008307	0.029076	0.020768	0.001038	0.004154	0.006231	0.007269	0.001038	0.001038	0.006231	0.002077	0.001038	0.001038	0.002077	0.006231	0.001038	0.003115	0.010384	0.079958	0.004154	0.029076	0.044652	0.020768	0.001038	0.001038	0.022845	0.016615	0.002077	0.006231	0.006231	0.022845	0.001038	0.003115	0.016615	0.001038	0.007269	0.001038	0.030114	0.028037	0.003115	0.001038	0.015576	0.001038	0.002077	0.003115	0.004154	0.057113	0.002077	0.003115	0.039460	
0.199377	0.016615	0.048806	0.043614	0.010384	0.001038	0.006231	0.005192	0.019730	0.002077	0.022845	0.007269	0.088266	0.006231	0.021807	0.033229	0.040498	0.007269	0.016615	0.011423	0.002077	0.001038	0.001038	0.002077	0.002077	0.001038	0.001038	0.001038	0.031153	0.002077	0.013499	0.014538	0.025961	0.003115	0.009346	0.012461	0.004154	0.002077	0.002077	0.002077	0.006231	0.003115	0.005192	0.005192	0.016615	0.002077	0.012461	0.012461	0.072690	0.007269	0.035306	0.026999	0.001038	0.001038	0.001038	0.002077	0.009346	0.002077	0.004154	0.002077	0.036345	0.007269	0.022845	0.029076	
0.206646	0.026999	0.029076	0.075805	0.010384	0.005192	0.002077	0.016615	0.051921	0.022845	0.014538	0.020768	0.023884	0.010384	0.005192	0.055036	0.011423	0.001038	0.002077	0.003115	0.001038	0.001038	0.002077	0.001038	0.006231	0.002077	0.001038	0.001038	0.004154	0.002077	0.001038	0.004154	0.022845	0.002077	0.007269	0.005192	0.003115	0.001038	0.001038	0.003115	0.014538	0.002077	0.005192	0.011423	0.002077	0.002077	0.002077	0.009346	0.073728	0.024922	0.017653	0.056075	0.006231	0.004154	0.001038	0.006231	0.032191	0.012461	0.013499	0.012461	0.022845	0.017653	0.007269	0.041537	
0.187954	0.010384	0.043614	0.072690	0.030114	0.004154	0.002077	0.018692	0.028037	0.005192	0.007269	0.015576	0.058152	0.003115	0.023884	0.055036	0.009346	0.004154	0.002077	0.005192	0.005192	0.001038	0.003115	0.002077	0.003115	0.001038	0.001038	0.001038	0.008307	0.002077	0.004154	0.012461	0.055036	0.006231	0.014538	0.029076	0.018692	0.002077	0.001038	0.017653	0.020768	0.001038	0.006231	0.006231	0.017653	0.002077	0.005192	0.020768	0.001038	0.009346	0.001038	0.041537	0.015576	0.001038	0.002077	0.013499	0.001038	0.003115	0.005192	0.006231	0.055036	0.002077	0.005192	0.047767	
0.137072	0.010384	0.049844	0.056075	0.013499	0.004154	0.005192	0.007269	0.031153	0.004154	0.012461	0.013499	0.087227	0.011423	0.021807	0.028037	0.028037	0.007269	0.018692	0.015576	0.003115	0.003115	0.001038	0.001038	0.004154	0.001038	0.001038	0.002077	0.022845	0.002077	0.009346	0.017653	0.023884	0.009346	0.014538	0.005192	0.005192	0.002077	0.001038	0.002077	0.010384	0.002077	0.005192	0.002077	0.008307	0.004154	0.009346	0.007269	0.062305	0.012461	0.037383	0.026999	0.003115	0.001038	0.001038	0.004154	0.015576	0.001038	0.011423	0.010384	0.046729	0.010384	0.032191	0.046729	
0.114226	0.021807	0.022845	0.092420	0.008307	0.006231	0.001038	0.023884	0.057113	0.014538	0.020768	0.028037	0.023884	0.012461	0.001038	0.066459	0.010384	0.002077	0.006231	0.006231	0.004154	0.002077	0.002077	0.002077	0.004154	0.001038	0.001038	0.002077	0.004154	0.002077	0.001038	0.007269	0.036345	0.002077	0.007269	0.015576	0.001038	0.002077	0.001038	0.004154	0.012461	0.002077	0.004154	0.011423	0.004154	0.004154	0.002077	0.017653	0.074766	0.012461	0.016615	0.061267	0.015576	0.004154	0.001038	0.007269	0.033229	0.012461	0.013499	0.013499	0.014538	0.011423	0.006231	0.067497	
0.127726	0.006231	0.028037	0.073728	0.018692	0.002077	0.002077	0.015576	0.031153	0.002077	0.004154	0.015576	0.068536	0.010384	0.024922	0.071651	0.017653	0.001038	0.003115	0.007269	0.005192	0.002077	0.002077	0.005192	0.001038	0.001038	0.001038	0.002077	0.015576	0.002077	0.002077	0.017653	0.052960	0.003115	0.016615	0.034268	0.010384	0.003115	0.002077	0.014538	0.020768	0.002077	0.004154	0.012461	0.024922	0.001038	0.003115	0.025961	0.001038	0.006231	0.001038	0.038422	0.018692	0.001038	0.002077	0.008307	0.001038	0.002077	0.004154	0.003115	0.083074	0.005192	0.007269	0.063344	
0.098650	0.010384	0.056075	0.034268	0.008307	0.002077	0.002077	0.004154	0.021807	0.005192	0.013499	0.008307	0.065421	0.010384	0.031153	0.046729	0.024922	0.003115	0.017653	0.007269	0.001038	0.002077	0.001038	0.004154	0.003115	0.001038	0.002077	0.002077	0.014538	0.002077	0.009346	0.017653	0.021807	0.002077	0.017653	0.012461	0.002077	0.001038	0.002077	0.002077	0.006231	0.001038	0.003115	0.003115	0.011423	0.002077	0.008307	0.011423	0.082035	0.012461	0.043614	0.053998	0.006231	0.002077	0.004154	0.006231	0.016615	0.003115	0.009346	0.008307	0.067497	0.015576	0.041537	0.053998	
0.109034	0.029076	0.020768	0.068536	0.014538	0.003115	0.001038	0.009346	0.065421	0.018692	0.023884	0.026999	0.019730	0.019730	0.007269	0.061267	0.007269	0.005192	0.002077	0.003115	0.002077	0.001038	0.001038	0.003115	0.003115	0.001038	0.002077	0.003115	0.004154	0.003115	0.002077	0.007269	0.016615	0.006231	0.009346	0.015576	0.005192	0.002077	0.001038	0.002077	0.010384	0.005192	0.005192	0.007269	0.005192	0.004154	0.002077	0.010384	0.053998	0.015576	0.022845	0.066459	0.012461	0.004154	0.001038	0.012461	0.034268	0.008307	0.024922	0.022845	0.016615	0.022845	0.009346	0.080997	
0.104881	0.005192	0.016615	0.060228	0.036345	0.002077	0.003115	0.014538	0.017653	0.004154	0.006231	0.026999	0.062305	0.005192	0.033229	0.052960	0.021807	0.003115	0.004154	0.005192	0.004154	0.001038	0.002077	0.003115	0.001038	0.001038	0.001038	0.001038	0.008307	0.003115	0.003115	0.012461	0.055036	0.003115	0.011423	0.043614	0.017653	0.002077	0.002077	0.011423	0.031153	0.003115	0.004154	0.017653	0.024922	0.003115	0.007269	0.024922	0.001038	0.005192	0.001038	0.038422	0.022845	0.002077	0.002077	0.022845	0.001038	0.003115	0.003115	0.013499	0.074766	0.005192	0.006231	0.073728	
0.091381	0.009346	0.045691	0.036345	0.010384	0.001038	0.002077	0.003115	0.014538	0.002077	0.008307	0.008307	0.064382	0.008307	0.031153	0.043614	0.043614	0.011423	0.012461	0.013499	0.002077	0.001038	0.001038	0.003115	0.002077	0.002077	0.001038	0.004154	0.018692	0.006231	0.009346	0.017653	0.028037	0.008307	0.009346	0.005192	0.003115	0.001038	0.001038	0.006231	0.006231	0.002077	0.004154	0.002077	0.026999	0.002077	0.014538	0.015576	0.059190	0.019730	0.047767	0.043614	0.006231	0.004154	0.001038	0.005192	0.024922	0.003115	0.013499	0.008307	0.059190	0.009346	0.046729	0.048806	
0.090343	0.021807	0.031153	0.078920	0.017653	0.007269	0.005192	0.018692	0.058152	0.013499	0.011423	0.032191	0.023884	0.009346	0.004154	0.061267	0.007269	0.001038	0.003115	0.010384	0.002077	0.002077	0.001038	0.002077	0.002077	0.001038	0.001038	0.001038	0.004154	0.002077	0.003115	0.008307	0.022845	0.002077	0.005192	0.017653	0.003115	0.003115	0.001038	0.002077	0.013499	0.006231	0.003115	0.004154	0.005192	0.002077	0.002077	0.013499	0.074766	0.011423	0.018692	0.064382	0.008307	0.004154	0.003115	0.010384	0.037383	0.013499	0.017653	0.033229	0.019730	0.013499	0.016615	0.075805	
0.104881	0.004154	0.018692	0.067497	0.016615	0.001038	0.002077	0.016615	0.031153	0.005192	0.005192	0.016615	0.075805	0.005192	0.023884	0.066459	0.016615	0.005192	0.001038	0.008307	0.007269	0.002077	0.002077	0.005192	0.003115	0.001038	0.001038	0.005192	0.015576	0.002077	0.002077	0.013499	0.053998	0.008307	0.008307	0.040498	0.011423	0.001038	0.003115	0.018692	0.020768	0.001038	0.001038	0.010384	0.033229	0.004154	0.004154	0.029076	0.001038	0.005192	0.001038	0.045691	0.016615	0.001038	0.001038	0.008307	0.001038	0.002077	0.005192	0.017653	0.073728	0.010384	0.007269	0.067497	
0.082035	0.010384	0.046729	0.037383	0.011423	0.002077	0.002077	0.007269	0.012461	0.005192	0.006231	0.005192	0.069574	0.006231	0.044652	0.041537	0.017653	0.004154	0.016615	0.013499	0.001038	0.002077	0.001038	0.001038	0.003115	0.001038	0.002077	0.002077	0.012461	0.006231	0.015576	0.014538	0.022845	0.005192	0.019730	0.008307	0.005192	0.001038	0.001038	0.002077	0.004154	0.001038	0.004154	0.003115	0.019730	0.004154	0.011423	0.014538	0.080997	0.015576	0.052960	0.048806	0.009346	0.002077	0.003115	0.007269	0.014538	0.007269	0.007269	0.008307	0.072690	0.014538	0.043614	0.045691	
0.092420	0.020768	0.020768	0.069574	0.013499	0.004154	0.002077	0.015576	0.056075	0.018692	0.023884	0.037383	0.016615	0.013499	0.008307	0.069574	0.011423	0.006231	0.004154	0.005192	0.001038	0.003115	0.001038	0.002077	0.001038	0.001038	0.003115	0.002077	0.001038	0.004154	0.002077	0.010384	0.020768	0.002077	0.004154	0.007269	0.002077	0.003115	0.001038	0.008307	0.008307	0.005192	0.004154	0.002077	0.003115	0.002077	0.001038	0.012461	0.071651	0.017653	0.018692	0.066459	0.008307	0.005192	0.003115	0.014538	0.045691	0.018692	0.016615	0.034268	0.019730	0.016615	0.010384	0.069574	
0.115265	0.007269	0.016615	0.057113	0.025961	0.001038	0.001038	0.018692	0.032191	0.001038	0.004154	0.010384	0.053998	0.007269	0.025961	0.061267	0.011423	0.003115	0.002077	0.008307	0.009346	0.002077	0.001038	0.003115	0.001038	0.002077	0.001038	0.003115	0.011423	0.002077	0.002077	0.024922	0.062305	0.007269	0.007269	0.034268	0.019730	0.002077	0.001038	0.020768	0.021807	0.003115	0.004154	0.018692	0.030114	0.006231	0.003115	0.036345	0.001038	0.006231	0.001038	0.032191	0.018692	0.001038	0.003115	0.013499	0.001038	0.003115	0.008307	0.009346	0.091381	0.004154	0.012461	0.053998	
0.075805	0.015576	0.061267	0.037383	0.009346	0.004154	0.001038	0.009346	0.012461	0.002077	0.005192	0.007269	0.052960	0.006231	0.033229	0.039460	0.022845	0.005192	0.030114	0.015576	0.001038	0.001038	0.001038	0.003115	0.002077	0.001038	0.002077	0.001038	0.021807	0.006231	0.011423	0.016615	0.024922	0.004154	0.017653	0.009346	0.002077	0.001038	0.001038	0.005192	0.008307	0.004154	0.003115	0.002077	0.008307	0.004154	0.014538	0.014538	0.072690	0.016615	0.048806	0.048806	0.007269	0.004154	0.003115	0.005192	0.016615	0.005192	0.012461	0.009346	0.070613	0.009346	0.043614	0.052960	
0.091381	0.017653	0.029076	0.058152	0.014538	0.008307	0.001038	0.017653	0.075805	0.024922	0.030114	0.026999	0.018692	0.017653	0.004154	0.070613	0.009346	0.005192	0.001038	0.004154	0.003115	0.002077	0.001038	0.004154	0.002077	0.002077	0.001038	0.001038	0.007269	0.004154	0.003115	0.008307	0.016615	0.002077	0.007269	0.013499	0.006231	0.001038	0.001038	0.004154	0.009346	0.003115	0.006231	0.004154	0.005192	0.001038	0.002077	0.011423	0.049844	0.015576	0.017653	0.070613	0.005192	0.008307	0.001038	0.011423	0.035306	0.018692	0.019730	0.029076	0.023884	0.015576	0.009346	0.074766	
0.094496	0.011423	0.020768	0.040498	0.020768	0.003115	0.002077	0.014538	0.029076	0.002077	0.005192	0.018692	0.056075	0.008307	0.022845	0.059190	0.013499	0.001038	0.003115	0.011423	0.009346	0.001038	0.001038	0.008307	0.001038	0.001038	0.001038	0.001038	0.012461	0.004154	0.005192	0.015576	0.066459	0.006231	0.013499	0.036345	0.024922	0.004154	0.001038	0.018692	0.033229	0.003115	0.007269	0.013499	0.017653	0.003115	0.005192	0.035306	0.001038	0.008307	0.001038	0.044652	0.018692	0.002077	0.002077	0.015576	0.001038	0.001038	0.005192	0.011423	0.094496	0.008307	0.007269	0.055036	
0.082035	0.016615	0.039460	0.037383	0.015576	0.003115	0.004154	0.004154	0.015576	0.004154	0.010384	0.008307	0.042575	0.011423	0.045691	0.033229	0.019730	0.010384	0.030114	0.013499	0.005192	0.002077	0.002077	0.001038	0.002077	0.001038	0.001038	0.002077	0.018692	0.005192	0.011423	0.021807	0.024922	0.007269	0.019730	0.012461	0.002077	0.002077	0.001038	0.002077	0.009346	0.001038	0.005192	0.003115	0.014538	0.002077	0.014538	0.013499	0.070613	0.018692	0.051921	0.039460	0.008307	0.003115	0.003115	0.009346	0.019730	0.001038	0.007269	0.012461	0.055036	0.015576	0.048806	0.045691	
0.086189	0.017653	0.037383	0.056075	0.022845	0.013499	0.002077	0.014538	0.071651	0.019730	0.023884	0.025961	0.023884	0.010384	0.002077	0.066459	0.011423	0.004154	0.009346	0.006231	0.003115	0.004154	0.001038	0.002077	0.003115	0.001038	0.003115	0.003115	0.004154	0.003115	0.002077	0.007269	0.019730	0.006231	0.009346	0.011423	0.003115	0.002077	0.001038	0.001038	0.013499	0.005192	0.003115	0.002077	0.005192	0.004154	0.002077	0.014538	0.047767	0.018692	0.016615	0.047767	0.013499	0.008307	0.002077	0.010384	0.038422	0.021807	0.034268	0.025961	0.015576	0.018692	0.011423	0.068536	
0.107996	0.004154	0.013499	0.039460	0.021807	0.003115	0.002077	0.019730	0.037383	0.004154	0.009346	0.021807	0.041537	0.005192	0.020768	0.053998	0.019730	0.002077	0.005192	0.015576	0.011423	0.001038	0.003115	0.012461	0.001038	0.001038	0.001038	0.003115	0.012461	0.004154	0.001038	0.010384	0.065421	0.005192	0.016615	0.039460	0.019730	0.002077	0.004154	0.021807	0.037383	0.002077	0.006231	0.018692	0.024922	0.005192	0.002077	0.024922	0.001038	0.003115	0.001038	0.043614	0.015576	0.002077	0.001038	0.017653	0.001038	0.002077	0.002077	0.012461	0.073728	0.004154	0.012461	0.066459	
0.093458	0.019730	0.046729	0.034268	0.006231	0.003115	0.003115	0.002077	0.015576	0.005192	0.008307	0.007269	0.051921	0.010384	0.043614	0.032191	0.022845	0.005192	0.029076	0.011423	0.002077	0.002077	0.001038	0.003115	0.002077	0.002077	0.002077	0.004154	0.023884	0.005192	0.021807	0.020768	0.036345	0.008307	0.020768	0.011423	0.003115	0.002077	0.001038	0.003115	0.011423	0.003115	0.001038	0.003115	0.011423	0.005192	0.021807	0.017653	0.056075	0.012461	0.052960	0.031153	0.007269	0.004154	0.003115	0.004154	0.018692	0.001038	0.009346	0.007269	0.049844	0.015576	0.042575	0.047767	
0.094496	0.025961	0.023884	0.064382	0.017653	0.005192	0.001038	0.021807	0.062305	0.023884	0.031153	0.032191	0.019730	0.010384	0.006231	0.051921	0.004154	0.002077	0.004154	0.008307	0.002077	0.004154	0.002077	0.003115	0.002077	0.002077	0.003115	0.001038	0.001038	0.004154	0.002077	0.005192	0.020768	0.004154	0.007269	0.015576	0.006231	0.002077	0.001038	0.002077	0.008307	0.005192	0.004154	0.003115	0.003115	0.007269	0.003115	0.008307	0.053998	0.011423	0.016615	0.055036	0.014538	0.006231	0.003115	0.012461	0.049844	0.026999	0.023884	0.029076	0.015576	0.020768	0.010384	0.071651	
0.096573	0.007269	0.019730	0.049844	0.024922	0.002077	0.003115	0.013499	0.022845	0.004154	0.007269	0.017653	0.048806	0.012461	0.022845	0.059190	0.018692	0.002077	0.004154	0.015576	0.010384	0.001038	0.001038	0.005192	0.001038	0.001038	0.002077	0.003115	0.020768	0.001038	0.003115	0.014538	0.066459	0.003115	0.011423	0.041537	0.028037	0.004154	0.003115	0.022845	0.035306	0.005192	0.007269	0.014538	0.025961	0.004154	0.003115	0.032191	0.001038	0.003115	0.001038	0.034268	0.022845	0.004154	0.001038	0.014538	0.001038	0.001038	0.005192	0.014538	0.053998	0.009346	0.010384	0.063344	
0.076843	0.012461	0.061267	0.032191	0.005192	0.004154	0.001038	0.005192	0.013499	0.004154	0.010384	0.008307	0.050883	0.012461	0.042575	0.035306	0.037383	0.006231	0.029076	0.013499	0.006231	0.001038	0.001038	0.003115	0.003115	0.002077	0.002077	0.001038	0.013499	0.008307	0.018692	0.015576	0.023884	0.005192	0.021807	0.009346	0.002077	0.001038	0.001038	0.007269	0.006231	0.004154	0.005192	0.006231	0.012461	0.006231	0.021807	0.009346	0.060228	0.017653	0.039460	0.032191	0.008307	0.005192	0.003115	0.010384	0.010384	0.006231	0.016615	0.006231	0.048806	0.016615	0.048806	0.055036	
0.076843	0.028037	0.024922	0.068536	0.010384	0.011423	0.002077	0.017653	0.070613	0.020768	0.025961	0.034268	0.015576	0.011423	0.008307	0.051921	0.006231	0.005192	0.003115	0.007269	0.002077	0.002077	0.002077	0.005192	0.001038	0.002077	0.001038	0.002077	0.006231	0.006231	0.002077	0.011423	0.014538	0.001038	0.006231	0.011423	0.007269	0.002077	0.001038	0.006231	0.015576	0.006231	0.006231	0.006231	0.005192	0.003115	0.001038	0.012461	0.048806	0.009346	0.019730	0.047767	0.016615	0.007269	0.003115	0.016615	0.057113	0.014538	0.035306	0.024922	0.013499	0.020768	0.006231	0.074766	
0.080997	0.004154	0.013499	0.047767	0.020768	0.003115	0.001038	0.018692	0.024922	0.005192	0.003115	0.020768	0.055036	0.008307	0.031153	0.040498	0.017653	0.002077	0.004154	0.012461	0.010384	0.001038	0.001038	0.010384	0.001038	0.002077	0.001038	0.004154	0.014538	0.003115	0.004154	0.023884	0.085151	0.010384	0.006231	0.042575	0.019730	0.005192	0.001038	0.017653	0.041537	0.001038	0.006231	0.019730	0.029076	0.001038	0.005192	0.032191	0.001038	0.005192	0.001038	0.033229	0.018692	0.001038	0.001038	0.020768	0.001038	0.001038	0.007269	0.008307	0.065421	0.006231	0.010384	0.068536	
