>NC_000908
0.086643	0.039711	0.028881	0.043321	0.028881	0.010830	0.007220	0.018051	0.018051	0.021661	0.021661	0.028881	0.036101	0.018051	0.018051	0.036101	0.036101	0.014440	0.010830	0.007220	0.014440	0.014440	0.003610	0.010830	0.007220	0.010830	0.003610	0.007220	0.014440	0.003610	0.007220	0.032491	0.014440	0.007220	0.007220	0.028881	0.010830	0.003610	0.003610	0.010830	0.010830	0.003610	0.010830	0.007220	0.014440	0.010830	0.014440	0.028881	0.039711	0.014440	0.025271	0.028881	0.007220	0.028881	0.007220	0.018051	0.032491	0.010830	0.010830	0.018051	0.046931	0.014440	0.021661	0.057762	
0.061372	0.039711	0.025271	0.050542	0.025271	0.018051	0.003610	0.028881	0.021661	0.014440	0.014440	0.021661	0.025271	0.014440	0.010830	0.057762	0.039711	0.007220	0.010830	0.003610	0.021661	0.010830	0.018051	0.007220	0.003610	0.003610	0.003610	0.010830	0.032491	0.003610	0.003610	0.018051	0.028881	0.003610	0.003610	0.032491	0.014440	0.010830	0.007220	0.014440	0.018051	0.007220	0.010830	0.010830	0.010830	0.007220	0.018051	0.025271	0.050542	0.018051	0.010830	0.032491	0.018051	0.003610	0.010830	0.014440	0.025271	0.010830	0.010830	0.014440	0.046931	0.007220	0.032491	0.068592	
0.090253	0.018051	0.032491	0.039711	0.025271	0.010830	0.007220	0.025271	0.014440	0.003610	0.014440	0.018051	0.039711	0.010830	0.018051	0.050542	0.050542	0.007220	0.007220	0.014440	0.025271	0.003610	0.003610	0.010830	0.010830	0.010830	0.007220	0.010830	0.025271	0.010830	0.007220	0.021661	0.032491	0.003610	0.007220	0.025271	0.010830	0.007220	0.007220	0.010830	0.003610	0.007220	0.007220	0.021661	0.014440	0.007220	0.007220	0.028881	0.057762	0.010830	0.014440	0.032491	0.018051	0.003610	0.003610	0.007220	0.025271	0.007220	0.014440	0.018051	0.079422	0.018051	0.028881	0.043321	
0.104693	0.054152	0.025271	0.046931	0.014440	0.003610	0.003610	0.018051	0.014440	0.014440	0.003610	0.028881	0.025271	0.018051	0.010830	0.057762	0.046931	0.010830	0.010830	0.010830	0.010830	0.003610	0.003610	0.007220	0.003610	0.007220	0.003610	0.007220	0.018051	0.007220	0.010830	0.018051	0.014440	0.007220	0.007220	0.025271	0.010830	0.007220	0.003610	0.007220	0.003610	0.010830	0.010830	0.018051	0.014440	0.014440	0.010830	0.028881	0.090253	0.018051	0.036101	0.014440	0.014440	0.007220	0.010830	0.014440	0.018051	0.018051	0.010830	0.014440	0.046931	0.007220	0.043321	0.046931	
0.101083	0.054152	0.036101	0.064982	0.021661	0.025271	0.010830	0.032491	0.032491	0.014440	0.007220	0.025271	0.014440	0.003610	0.014440	0.064982	0.018051	0.007220	0.014440	0.010830	0.003610	0.007220	0.003610	0.007220	0.003610	0.010830	0.003610	0.003610	0.014440	0.003610	0.007220	0.021661	0.010830	0.007220	0.007220	0.014440	0.021661	0.010830	0.003610	0.014440	0.003610	0.003610	0.003610	0.018051	0.021661	0.007220	0.014440	0.025271	0.039711	0.014440	0.021661	0.028881	0.021661	0.003610	0.007220	0.014440	0.032491	0.014440	0.010830	0.018051	0.064982	0.010830	0.025271	0.050542	
0.057762	0.032491	0.043321	0.036101	0.028881	0.018051	0.010830	0.025271	0.028881	0.025271	0.003610	0.021661	0.036101	0.018051	0.014440	0.050542	0.043321	0.010830	0.007220	0.007220	0.018051	0.014440	0.003610	0.010830	0.003610	0.007220	0.003610	0.010830	0.032491	0.007220	0.010830	0.018051	0.036101	0.010830	0.007220	0.018051	0.014440	0.007220	0.003610	0.018051	0.003610	0.007220	0.003610	0.010830	0.010830	0.003610	0.014440	0.036101	0.050542	0.010830	0.021661	0.032491	0.007220	0.010830	0.003610	0.003610	0.021661	0.007220	0.014440	0.018051	0.057762	0.010830	0.036101	0.057762	
0.061372	0.036101	0.021661	0.068592	0.021661	0.021661	0.003610	0.018051	0.021661	0.014440	0.014440	0.028881	0.028881	0.018051	0.018051	0.028881	0.036101	0.007220	0.014440	0.010830	0.018051	0.010830	0.010830	0.010830	0.003610	0.007220	0.007220	0.003610	0.014440	0.003610	0.014440	0.025271	0.018051	0.010830	0.003610	0.025271	0.021661	0.003610	0.003610	0.018051	0.010830	0.003610	0.003610	0.007220	0.007220	0.007220	0.014440	0.032491	0.079422	0.007220	0.025271	0.025271	0.007220	0.014440	0.003610	0.014440	0.021661	0.025271	0.010830	0.018051	0.054152	0.021661	0.036101	0.050542	
0.072202	0.028881	0.032491	0.061372	0.028881	0.003610	0.007220	0.021661	0.021661	0.014440	0.007220	0.021661	0.036101	0.025271	0.025271	0.043321	0.025271	0.018051	0.007220	0.018051	0.018051	0.010830	0.007220	0.014440	0.003610	0.010830	0.003610	0.003610	0.014440	0.003610	0.021661	0.021661	0.025271	0.010830	0.007220	0.014440	0.021661	0.003610	0.003610	0.021661	0.003610	0.007220	0.007220	0.018051	0.010830	0.007220	0.014440	0.025271	0.046931	0.003610	0.025271	0.028881	0.025271	0.010830	0.007220	0.007220	0.028881	0.018051	0.010830	0.025271	0.061372	0.007220	0.014440	0.054152	
0.075812	0.028881	0.021661	0.043321	0.025271	0.010830	0.003610	0.021661	0.018051	0.018051	0.014440	0.021661	0.046931	0.018051	0.014440	0.043321	0.046931	0.010830	0.018051	0.018051	0.007220	0.007220	0.007220	0.007220	0.003610	0.010830	0.003610	0.007220	0.028881	0.003610	0.007220	0.025271	0.025271	0.010830	0.003610	0.018051	0.010830	0.010830	0.007220	0.021661	0.007220	0.003610	0.007220	0.010830	0.018051	0.003610	0.010830	0.036101	0.057762	0.021661	0.014440	0.028881	0.010830	0.010830	0.007220	0.014440	0.032491	0.014440	0.010830	0.018051	0.057762	0.010830	0.032491	0.043321	
0.068592	0.043321	0.021661	0.072202	0.028881	0.014440	0.010830	0.018051	0.014440	0.018051	0.010830	0.014440	0.032491	0.010830	0.014440	0.050542	0.021661	0.007220	0.014440	0.010830	0.010830	0.007220	0.007220	0.014440	0.007220	0.007220	0.003610	0.007220	0.018051	0.007220	0.018051	0.021661	0.025271	0.003610	0.014440	0.018051	0.010830	0.014440	0.007220	0.014440	0.007220	0.007220	0.010830	0.010830	0.018051	0.010830	0.007220	0.021661	0.068592	0.007220	0.050542	0.025271	0.014440	0.003610	0.007220	0.010830	0.025271	0.018051	0.010830	0.010830	0.057762	0.018051	0.025271	0.046931	
0.061372	0.028881	0.039711	0.054152	0.028881	0.007220	0.003610	0.021661	0.032491	0.018051	0.010830	0.039711	0.028881	0.007220	0.021661	0.068592	0.025271	0.018051	0.007220	0.014440	0.010830	0.010830	0.010830	0.007220	0.010830	0.003610	0.007220	0.010830	0.007220	0.007220	0.010830	0.032491	0.025271	0.003610	0.010830	0.014440	0.021661	0.010830	0.003610	0.014440	0.007220	0.007220	0.007220	0.014440	0.014440	0.003610	0.007220	0.018051	0.057762	0.007220	0.025271	0.036101	0.018051	0.010830	0.007220	0.010830	0.014440	0.018051	0.014440	0.018051	0.046931	0.007220	0.028881	0.057762	
0.072202	0.032491	0.025271	0.039711	0.018051	0.007220	0.007220	0.025271	0.032491	0.018051	0.018051	0.014440	0.028881	0.021661	0.018051	0.050542	0.043321	0.014440	0.007220	0.014440	0.010830	0.014440	0.003610	0.010830	0.003610	0.003610	0.003610	0.014440	0.021661	0.007220	0.010830	0.014440	0.036101	0.007220	0.003610	0.018051	0.018051	0.003610	0.014440	0.010830	0.014440	0.003610	0.007220	0.014440	0.018051	0.014440	0.014440	0.036101	0.043321	0.010830	0.003610	0.039711	0.010830	0.003610	0.003610	0.007220	0.039711	0.014440	0.007220	0.007220	0.086643	0.018051	0.021661	0.050542	
0.064982	0.043321	0.036101	0.050542	0.018051	0.014440	0.010830	0.021661	0.014440	0.007220	0.010830	0.007220	0.032491	0.018051	0.018051	0.043321	0.014440	0.025271	0.014440	0.003610	0.007220	0.003610	0.003610	0.014440	0.007220	0.003610	0.003610	0.014440	0.014440	0.010830	0.010830	0.018051	0.054152	0.010830	0.003610	0.021661	0.018051	0.007220	0.003610	0.010830	0.014440	0.010830	0.007220	0.003610	0.014440	0.003610	0.003610	0.028881	0.064982	0.021661	0.032491	0.036101	0.018051	0.007220	0.003610	0.032491	0.021661	0.003610	0.014440	0.025271	0.054152	0.014440	0.018051	0.064982	
0.083032	0.025271	0.028881	0.061372	0.032491	0.010830	0.010830	0.046931	0.032491	0.018051	0.003610	0.032491	0.028881	0.007220	0.010830	0.064982	0.036101	0.003610	0.007220	0.014440	0.010830	0.003610	0.003610	0.014440	0.003610	0.007220	0.007220	0.003610	0.032491	0.007220	0.010830	0.028881	0.025271	0.007220	0.007220	0.018051	0.010830	0.003610	0.007220	0.003610	0.010830	0.003610	0.007220	0.014440	0.007220	0.007220	0.010830	0.025271	0.054152	0.003610	0.025271	0.032491	0.007220	0.010830	0.003610	0.025271	0.018051	0.010830	0.003610	0.018051	0.043321	0.014440	0.010830	0.086643	
0.079422	0.021661	0.036101	0.061372	0.010830	0.007220	0.007220	0.014440	0.010830	0.007220	0.025271	0.025271	0.043321	0.032491	0.021661	0.028881	0.032491	0.007220	0.010830	0.010830	0.014440	0.007220	0.003610	0.003610	0.007220	0.003610	0.007220	0.007220	0.025271	0.014440	0.018051	0.032491	0.028881	0.003610	0.018051	0.014440	0.014440	0.003610	0.007220	0.014440	0.010830	0.003610	0.003610	0.003610	0.025271	0.007220	0.010830	0.025271	0.054152	0.014440	0.021661	0.021661	0.010830	0.007220	0.007220	0.010830	0.014440	0.003610	0.010830	0.014440	0.075812	0.010830	0.050542	0.068592	
0.075812	0.032491	0.018051	0.068592	0.021661	0.007220	0.003610	0.014440	0.036101	0.021661	0.014440	0.014440	0.010830	0.014440	0.014440	0.068592	0.018051	0.003610	0.010830	0.018051	0.010830	0.007220	0.003610	0.003610	0.010830	0.003610	0.003610	0.007220	0.010830	0.003610	0.010830	0.018051	0.014440	0.010830	0.007220	0.010830	0.007220	0.003610	0.003610	0.003610	0.018051	0.007220	0.010830	0.010830	0.018051	0.003610	0.014440	0.014440	0.075812	0.010830	0.036101	0.046931	0.028881	0.007220	0.007220	0.021661	0.032491	0.018051	0.025271	0.025271	0.046931	0.018051	0.032491	0.057762	
0.057762	0.039711	0.018051	0.068592	0.021661	0.003610	0.007220	0.025271	0.014440	0.018051	0.010830	0.028881	0.039711	0.021661	0.007220	0.075812	0.036101	0.014440	0.007220	0.010830	0.010830	0.007220	0.003610	0.003610	0.007220	0.003610	0.003610	0.003610	0.018051	0.003610	0.010830	0.010830	0.028881	0.010830	0.032491	0.025271	0.021661	0.007220	0.007220	0.014440	0.021661	0.003610	0.014440	0.014440	0.014440	0.007220	0.014440	0.021661	0.036101	0.014440	0.010830	0.025271	0.010830	0.010830	0.003610	0.014440	0.032491	0.010830	0.007220	0.021661	0.050542	0.010830	0.010830	0.086643	
0.072202	0.021661	0.010830	0.054152	0.010830	0.021661	0.007220	0.039711	0.021661	0.018051	0.018051	0.010830	0.046931	0.018051	0.010830	0.054152	0.036101	0.010830	0.007220	0.010830	0.014440	0.003610	0.007220	0.003610	0.003610	0.003610	0.007220	0.007220	0.018051	0.007220	0.007220	0.025271	0.043321	0.007220	0.010830	0.014440	0.010830	0.003610	0.003610	0.018051	0.007220	0.007220	0.007220	0.014440	0.028881	0.007220	0.010830	0.021661	0.057762	0.018051	0.025271	0.021661	0.018051	0.010830	0.003610	0.010830	0.014440	0.007220	0.014440	0.007220	0.108303	0.018051	0.039711	0.028881	
0.090253	0.028881	0.028881	0.061372	0.021661	0.007220	0.003610	0.025271	0.021661	0.003610	0.007220	0.021661	0.043321	0.014440	0.007220	0.036101	0.032491	0.007220	0.007220	0.007220	0.018051	0.010830	0.003610	0.007220	0.007220	0.007220	0.003610	0.003610	0.036101	0.007220	0.003610	0.025271	0.021661	0.007220	0.007220	0.010830	0.018051	0.007220	0.003610	0.007220	0.014440	0.003610	0.007220	0.021661	0.010830	0.003610	0.010830	0.014440	0.119134	0.021661	0.036101	0.025271	0.028881	0.007220	0.003610	0.010830	0.036101	0.010830	0.010830	0.010830	0.046931	0.018051	0.018051	0.046931	
0.122744	0.032491	0.032491	0.075812	0.025271	0.003610	0.007220	0.028881	0.021661	0.018051	0.014440	0.025271	0.018051	0.010830	0.007220	0.068592	0.054152	0.007220	0.010830	0.014440	0.014440	0.003610	0.003610	0.010830	0.003610	0.003610	0.003610	0.003610	0.018051	0.003610	0.018051	0.010830	0.032491	0.003610	0.021661	0.021661	0.010830	0.007220	0.003610	0.003610	0.003610	0.007220	0.003610	0.014440	0.010830	0.007220	0.010830	0.028881	0.057762	0.014440	0.036101	0.028881	0.021661	0.007220	0.003610	0.010830	0.018051	0.007220	0.007220	0.007220	0.046931	0.003610	0.018051	0.054152	
0.122744	0.039711	0.036101	0.068592	0.021661	0.010830	0.007220	0.018051	0.028881	0.021661	0.021661	0.028881	0.054152	0.014440	0.018051	0.054152	0.032491	0.010830	0.014440	0.014440	0.010830	0.003610	0.003610	0.003610	0.003610	0.007220	0.003610	0.003610	0.010830	0.010830	0.007220	0.025271	0.021661	0.003610	0.010830	0.010830	0.014440	0.007220	0.003610	0.010830	0.010830	0.007220	0.003610	0.007220	0.010830	0.003610	0.007220	0.028881	0.032491	0.014440	0.018051	0.028881	0.007220	0.003610	0.007220	0.007220	0.010830	0.007220	0.014440	0.021661	0.086643	0.018051	0.018051	0.039711	
0.101083	0.046931	0.032491	0.028881	0.028881	0.018051	0.003610	0.018051	0.032491	0.007220	0.014440	0.025271	0.046931	0.021661	0.003610	0.050542	0.018051	0.007220	0.010830	0.018051	0.007220	0.003610	0.010830	0.003610	0.007220	0.007220	0.003610	0.003610	0.007220	0.003610	0.007220	0.021661	0.014440	0.010830	0.010830	0.018051	0.014440	0.007220	0.007220	0.014440	0.021661	0.003610	0.003610	0.014440	0.007220	0.003610	0.010830	0.039711	0.075812	0.010830	0.028881	0.046931	0.025271	0.003610	0.003610	0.014440	0.021661	0.010830	0.007220	0.010830	0.064982	0.010830	0.014440	0.057762	
0.083032	0.043321	0.036101	0.046931	0.028881	0.010830	0.007220	0.028881	0.028881	0.014440	0.003610	0.036101	0.028881	0.014440	0.007220	0.061372	0.039711	0.014440	0.007220	0.014440	0.014440	0.007220	0.003610	0.007220	0.003610	0.007220	0.003610	0.010830	0.010830	0.007220	0.010830	0.021661	0.025271	0.003610	0.010830	0.043321	0.007220	0.007220	0.003610	0.010830	0.010830	0.003610	0.003610	0.010830	0.010830	0.003610	0.010830	0.028881	0.057762	0.018051	0.021661	0.028881	0.014440	0.003610	0.007220	0.014440	0.010830	0.003610	0.010830	0.010830	0.057762	0.007220	0.025271	0.079422	
0.075812	0.025271	0.043321	0.061372	0.032491	0.014440	0.003610	0.028881	0.007220	0.014440	0.010830	0.043321	0.054152	0.021661	0.025271	0.032491	0.032491	0.007220	0.014440	0.010830	0.014440	0.003610	0.003610	0.007220	0.010830	0.003610	0.003610	0.003610	0.036101	0.003610	0.014440	0.007220	0.014440	0.003610	0.010830	0.025271	0.014440	0.003610	0.003610	0.007220	0.010830	0.003610	0.003610	0.003610	0.025271	0.007220	0.010830	0.025271	0.046931	0.010830	0.014440	0.036101	0.014440	0.007220	0.003610	0.007220	0.018051	0.010830	0.010830	0.014440	0.101083	0.007220	0.025271	0.057762	
0.054152	0.032491	0.036101	0.046931	0.010830	0.007220	0.003610	0.025271	0.032491	0.018051	0.018051	0.014440	0.072202	0.021661	0.003610	0.036101	0.043321	0.014440	0.010830	0.007220	0.010830	0.003610	0.003610	0.010830	0.003610	0.003610	0.003610	0.003610	0.007220	0.007220	0.010830	0.025271	0.010830	0.007220	0.014440	0.014440	0.018051	0.003610	0.003610	0.007220	0.007220	0.007220	0.003610	0.010830	0.028881	0.007220	0.007220	0.021661	0.148014	0.010830	0.046931	0.010830	0.021661	0.007220	0.003610	0.007220	0.039711	0.018051	0.007220	0.010830	0.064982	0.010830	0.010830	0.036101	
0.079422	0.061372	0.054152	0.061372	0.028881	0.014440	0.007220	0.014440	0.032491	0.025271	0.018051	0.032491	0.039711	0.010830	0.003610	0.025271	0.032491	0.003610	0.003610	0.021661	0.010830	0.003610	0.003610	0.003610	0.003610	0.003610	0.003610	0.003610	0.007220	0.003610	0.007220	0.032491	0.021661	0.007220	0.025271	0.028881	0.018051	0.007220	0.003610	0.018051	0.014440	0.003610	0.003610	0.010830	0.007220	0.003610	0.003610	0.025271	0.083032	0.018051	0.039711	0.032491	0.010830	0.010830	0.007220	0.018051	0.010830	0.003610	0.007220	0.010830	0.036101	0.010830	0.028881	0.043321	
0.093863	0.064982	0.010830	0.046931	0.021661	0.010830	0.003610	0.054152	0.025271	0.032491	0.014440	0.050542	0.054152	0.021661	0.003610	0.064982	0.036101	0.007220	0.010830	0.014440	0.010830	0.003610	0.003610	0.018051	0.007220	0.007220	0.003610	0.003610	0.021661	0.003610	0.003610	0.025271	0.025271	0.010830	0.003610	0.021661	0.007220	0.007220	0.007220	0.014440	0.003610	0.014440	0.003610	0.010830	0.018051	0.007220	0.003610	0.028881	0.046931	0.007220	0.014440	0.021661	0.007220	0.007220	0.003610	0.010830	0.014440	0.007220	0.003610	0.018051	0.036101	0.010830	0.018051	0.061372	
0.064982	0.018051	0.072202	0.046931	0.043321	0.014440	0.007220	0.025271	0.007220	0.010830	0.003610	0.018051	0.057762	0.014440	0.003610	0.028881	0.010830	0.010830	0.014440	0.010830	0.007220	0.003610	0.003610	0.014440	0.003610	0.007220	0.003610	0.003610	0.061372	0.003610	0.010830	0.021661	0.014440	0.007220	0.007220	0.021661	0.025271	0.007220	0.003610	0.025271	0.003610	0.003610	0.010830	0.007220	0.018051	0.003610	0.007220	0.054152	0.057762	0.003610	0.036101	0.032491	0.018051	0.014440	0.003610	0.007220	0.003610	0.007220	0.003610	0.014440	0.083032	0.014440	0.025271	0.057762	
0.108303	0.003610	0.025271	0.010830	0.025271	0.003610	0.007220	0.003610	0.119134	0.003610	0.003610	0.003610	0.093863	0.003610	0.010830	0.003610	0.075812	0.003610	0.010830	0.003610	0.028881	0.003610	0.003610	0.003610	0.007220	0.003610	0.003610	0.003610	0.046931	0.003610	0.007220	0.014440	0.007220	0.003610	0.003610	0.003610	0.014440	0.003610	0.003610	0.007220	0.010830	0.003610	0.003610	0.003610	0.025271	0.003610	0.007220	0.007220	0.202166	0.003610	0.010830	0.003610	0.025271	0.003610	0.003610	0.003610	0.036101	0.003610	0.003610	0.003610	0.133574	0.003610	0.018051	0.007220	
0.003610	0.003610	0.003610	0.382671	0.003610	0.003610	0.003610	0.003610	0.003610	0.003610	0.003610	0.039711	0.003610	0.003610	0.003610	0.010830	0.003610	0.003610	0.003610	0.083032	0.003610	0.003610	0.003610	0.003610	0.003610	0.003610	0.003610	0.007220	0.003610	0.003610	0.003610	0.007220	0.003610	0.003610	0.003610	0.162455	0.003610	0.003610	0.003610	0.003610	0.003610	0.003610	0.003610	0.003610	0.003610	0.003610	0.003610	0.003610	0.003610	0.003610	0.003610	0.288809	0.003610	0.003610	0.003610	0.003610	0.003610	0.003610	0.003610	0.032491	0.003610	0.003610	0.003610	0.021661	
0.003610	0.003610	0.003610	0.003610	0.003610	0.003610	0.003610	0.003610	0.003610	0.003610	0.003610	0.003610	0.003610	0.003610	0.906137	0.003610	0.003610	0.003610	0.003610	0.003610	0.003610	0.003610	0.003610	0.003610	0.003610	0.003610	0.003610	0.003610	0.003610	0.003610	0.003610	0.003610	0.003610	0.003610	0.003610	0.003610	0.003610	0.003610	0.003610	0.003610	0.003610	0.003610	0.003610	0.003610	0.003610	0.003610	0.072202	0.003610	0.003610	0.003610	0.003610	0.003610	0.003610	0.003610	0.003610	0.003610	0.003610	0.003610	0.003610	0.003610	0.003610	0.003610	0.032491	0.003610	
0.003610	0.003610	0.003610	0.003610	0.003610	0.003610	0.003610	0.003610	0.003610	0.003610	0.003610	0.003610	0.003610	0.003610	0.003610	0.003610	0.003610	0.003610	0.003610	0.003610	0.003610	0.003610	0.003610	0.003610	0.003610	0.003610	0.003610	0.003610	0.003610	0.003610	0.003610	0.003610	0.003610	0.003610	0.003610	0.003610	0.003610	0.003610	0.003610	0.003610	0.003610	0.003610	0.003610	0.003610	0.003610	0.003610	0.003610	0.003610	0.003610	0.003610	0.003610	0.003610	0.003610	0.003610	0.003610	0.003610	0.436823	0.155235	0.306859	0.115523	0.003610	0.003610	0.003610	0.003610	
0.003610	0.003610	0.003610	0.003610	0.003610	0.003610	0.003610	0.003610	0.003610	0.003610	0.003610	0.003610	0.003610	0.003610	0.003610	0.003610	0.003610	0.003610	0.003610	0.003610	0.003610	0.003610	0.003610	0.003610	0.003610	0.003610	0.003610	0.003610	0.003610	0.003610	0.003610	0.003610	0.281588	0.057762	0.025271	0.083032	0.068592	0.028881	0.025271	0.043321	0.148014	0.101083	0.032491	0.036101	0.014440	0.028881	0.010830	0.072202	0.003610	0.003610	0.003610	0.003610	0.003610	0.003610	0.003610	0.003610	0.003610	0.003610	0.003610	0.003610	0.003610	0.003610	0.003610	0.003610	
0.173285	0.028881	0.043321	0.046931	0.032491	0.010830	0.003610	0.021661	0.007220	0.003610	0.003610	0.021661	0.018051	0.010830	0.010830	0.054152	0.032491	0.025271	0.007220	0.014440	0.010830	0.010830	0.003610	0.014440	0.014440	0.010830	0.003610	0.007220	0.018051	0.003610	0.010830	0.021661	0.054152	0.018051	0.007220	0.079422	0.057762	0.007220	0.007220	0.039711	0.021661	0.003610	0.010830	0.007220	0.018051	0.003610	0.003610	0.021661	0.003610	0.007220	0.003610	0.010830	0.021661	0.003610	0.003610	0.010830	0.003610	0.003610	0.003610	0.010830	0.032491	0.010830	0.018051	0.021661	
0.129964	0.046931	0.028881	0.057762	0.032491	0.018051	0.010830	0.018051	0.014440	0.014440	0.018051	0.014440	0.075812	0.014440	0.043321	0.018051	0.064982	0.014440	0.028881	0.014440	0.014440	0.007220	0.007220	0.003610	0.007220	0.003610	0.003610	0.003610	0.039711	0.010830	0.021661	0.014440	0.014440	0.018051	0.007220	0.007220	0.007220	0.003610	0.003610	0.007220	0.007220	0.007220	0.003610	0.003610	0.007220	0.007220	0.021661	0.010830	0.057762	0.010830	0.010830	0.007220	0.010830	0.007220	0.003610	0.007220	0.010830	0.010830	0.010830	0.010830	0.061372	0.003610	0.043321	0.010830	
0.126354	0.054152	0.043321	0.043321	0.039711	0.010830	0.018051	0.021661	0.028881	0.021661	0.014440	0.010830	0.018051	0.021661	0.007220	0.039711	0.028881	0.018051	0.010830	0.007220	0.014440	0.010830	0.007220	0.003610	0.010830	0.003610	0.003610	0.007220	0.010830	0.007220	0.003610	0.014440	0.007220	0.003610	0.003610	0.025271	0.003610	0.003610	0.010830	0.018051	0.014440	0.003610	0.003610	0.014440	0.010830	0.003610	0.007220	0.010830	0.119134	0.021661	0.028881	0.014440	0.010830	0.010830	0.003610	0.010830	0.057762	0.021661	0.010830	0.039711	0.003610	0.003610	0.010830	0.036101	
0.144404	0.039711	0.046931	0.050542	0.046931	0.018051	0.010830	0.021661	0.025271	0.014440	0.010830	0.036101	0.028881	0.014440	0.010830	0.036101	0.043321	0.003610	0.010830	0.010830	0.025271	0.003610	0.003610	0.003610	0.007220	0.007220	0.007220	0.018051	0.014440	0.007220	0.014440	0.018051	0.046931	0.010830	0.007220	0.046931	0.018051	0.007220	0.003610	0.021661	0.014440	0.003610	0.007220	0.007220	0.018051	0.003610	0.010830	0.039711	0.003610	0.021661	0.003610	0.014440	0.018051	0.007220	0.003610	0.007220	0.010830	0.003610	0.010830	0.003610	0.032491	0.025271	0.007220	0.036101	
0.119134	0.064982	0.032491	0.021661	0.028881	0.018051	0.010830	0.018051	0.018051	0.018051	0.010830	0.021661	0.057762	0.032491	0.014440	0.018051	0.064982	0.021661	0.010830	0.010830	0.021661	0.003610	0.003610	0.007220	0.007220	0.007220	0.003610	0.003610	0.025271	0.003610	0.018051	0.007220	0.025271	0.014440	0.007220	0.010830	0.007220	0.003610	0.010830	0.007220	0.010830	0.003610	0.007220	0.014440	0.018051	0.003610	0.021661	0.021661	0.039711	0.014440	0.014440	0.025271	0.028881	0.003610	0.010830	0.007220	0.014440	0.007220	0.007220	0.014440	0.072202	0.007220	0.028881	0.021661	
0.122744	0.032491	0.025271	0.068592	0.050542	0.025271	0.007220	0.032491	0.018051	0.018051	0.014440	0.014440	0.010830	0.025271	0.003610	0.028881	0.057762	0.003610	0.007220	0.018051	0.010830	0.003610	0.003610	0.010830	0.014440	0.010830	0.007220	0.003610	0.010830	0.003610	0.007220	0.018051	0.025271	0.003610	0.003610	0.018051	0.014440	0.003610	0.003610	0.014440	0.010830	0.007220	0.003610	0.007220	0.021661	0.003610	0.010830	0.018051	0.101083	0.021661	0.039711	0.010830	0.021661	0.007220	0.007220	0.010830	0.018051	0.036101	0.014440	0.014440	0.007220	0.014440	0.010830	0.036101	
0.122744	0.061372	0.036101	0.086643	0.025271	0.014440	0.007220	0.014440	0.021661	0.007220	0.010830	0.036101	0.021661	0.025271	0.010830	0.057762	0.050542	0.007220	0.018051	0.021661	0.021661	0.003610	0.007220	0.007220	0.003610	0.003610	0.003610	0.010830	0.025271	0.010830	0.007220	0.025271	0.028881	0.007220	0.007220	0.018051	0.028881	0.010830	0.007220	0.025271	0.010830	0.003610	0.010830	0.014440	0.007220	0.007220	0.007220	0.018051	0.003610	0.021661	0.003610	0.021661	0.025271	0.003610	0.003610	0.014440	0.010830	0.003610	0.010830	0.007220	0.028881	0.007220	0.014440	0.050542	
0.122744	0.036101	0.025271	0.021661	0.039711	0.025271	0.014440	0.018051	0.018051	0.003610	0.018051	0.025271	0.072202	0.010830	0.021661	0.043321	0.064982	0.010830	0.018051	0.007220	0.010830	0.007220	0.007220	0.007220	0.007220	0.003610	0.007220	0.007220	0.032491	0.003610	0.014440	0.010830	0.018051	0.010830	0.010830	0.007220	0.003610	0.003610	0.007220	0.003610	0.010830	0.007220	0.007220	0.010830	0.025271	0.003610	0.007220	0.032491	0.032491	0.007220	0.025271	0.018051	0.014440	0.007220	0.003610	0.025271	0.014440	0.014440	0.003610	0.007220	0.057762	0.025271	0.039711	0.028881	
0.111913	0.043321	0.018051	0.064982	0.025271	0.014440	0.003610	0.021661	0.018051	0.025271	0.021661	0.014440	0.014440	0.018051	0.003610	0.018051	0.039711	0.007220	0.007220	0.014440	0.021661	0.007220	0.007220	0.007220	0.010830	0.007220	0.003610	0.010830	0.007220	0.007220	0.007220	0.032491	0.021661	0.003610	0.010830	0.014440	0.014440	0.003610	0.003610	0.007220	0.007220	0.003610	0.018051	0.007220	0.010830	0.003610	0.003610	0.032491	0.090253	0.018051	0.028881	0.050542	0.014440	0.007220	0.007220	0.014440	0.043321	0.010830	0.003610	0.025271	0.025271	0.014440	0.007220	0.068592	
0.111913	0.064982	0.039711	0.046931	0.032491	0.014440	0.003610	0.021661	0.036101	0.003610	0.003610	0.021661	0.039711	0.032491	0.007220	0.064982	0.050542	0.003610	0.010830	0.010830	0.014440	0.007220	0.003610	0.007220	0.007220	0.003610	0.003610	0.007220	0.018051	0.007220	0.014440	0.010830	0.032491	0.007220	0.010830	0.028881	0.021661	0.007220	0.007220	0.010830	0.014440	0.003610	0.014440	0.014440	0.018051	0.007220	0.010830	0.021661	0.003610	0.025271	0.003610	0.025271	0.021661	0.003610	0.003610	0.014440	0.010830	0.003610	0.003610	0.003610	0.075812	0.014440	0.021661	0.039711	
0.083032	0.046931	0.043321	0.025271	0.054152	0.021661	0.007220	0.018051	0.032491	0.003610	0.014440	0.014440	0.039711	0.021661	0.021661	0.028881	0.043321	0.018051	0.018051	0.010830	0.010830	0.007220	0.003610	0.010830	0.003610	0.007220	0.003610	0.003610	0.014440	0.003610	0.018051	0.018051	0.039711	0.003610	0.010830	0.014440	0.003610	0.003610	0.003610	0.003610	0.014440	0.003610	0.003610	0.003610	0.010830	0.003610	0.010830	0.021661	0.079422	0.007220	0.036101	0.028881	0.021661	0.014440	0.007220	0.018051	0.018051	0.003610	0.018051	0.014440	0.079422	0.010830	0.014440	0.032491	
0.129964	0.021661	0.046931	0.046931	0.043321	0.003610	0.018051	0.010830	0.036101	0.018051	0.014440	0.039711	0.007220	0.021661	0.003610	0.046931	0.050542	0.007220	0.014440	0.018051	0.018051	0.007220	0.007220	0.014440	0.007220	0.003610	0.003610	0.007220	0.003610	0.003610	0.007220	0.036101	0.021661	0.010830	0.010830	0.025271	0.007220	0.003610	0.003610	0.003610	0.010830	0.003610	0.010830	0.014440	0.003610	0.003610	0.014440	0.014440	0.090253	0.010830	0.021661	0.021661	0.007220	0.003610	0.010830	0.018051	0.021661	0.021661	0.007220	0.014440	0.018051	0.010830	0.014440	0.057762	
0.151625	0.032491	0.046931	0.061372	0.018051	0.003610	0.003610	0.025271	0.032491	0.007220	0.007220	0.046931	0.032491	0.007220	0.007220	0.064982	0.043321	0.010830	0.010830	0.010830	0.003610	0.007220	0.003610	0.003610	0.007220	0.010830	0.010830	0.010830	0.014440	0.010830	0.010830	0.010830	0.028881	0.003610	0.018051	0.025271	0.014440	0.007220	0.007220	0.018051	0.007220	0.003610	0.014440	0.010830	0.014440	0.014440	0.010830	0.036101	0.003610	0.018051	0.003610	0.007220	0.014440	0.007220	0.003610	0.014440	0.025271	0.003610	0.003610	0.007220	0.054152	0.014440	0.014440	0.072202	
0.083032	0.064982	0.043321	0.036101	0.028881	0.010830	0.010830	0.014440	0.028881	0.021661	0.007220	0.021661	0.050542	0.021661	0.018051	0.014440	0.014440	0.010830	0.018051	0.007220	0.007220	0.007220	0.007220	0.003610	0.007220	0.003610	0.003610	0.003610	0.021661	0.007220	0.018051	0.014440	0.032491	0.018051	0.010830	0.010830	0.003610	0.003610	0.014440	0.003610	0.018051	0.007220	0.007220	0.003610	0.021661	0.003610	0.028881	0.021661	0.061372	0.014440	0.021661	0.018051	0.018051	0.010830	0.003610	0.014440	0.014440	0.010830	0.010830	0.007220	0.061372	0.028881	0.046931	0.046931	
0.068592	0.039711	0.046931	0.036101	0.043321	0.021661	0.007220	0.036101	0.025271	0.028881	0.018051	0.021661	0.025271	0.007220	0.003610	0.036101	0.032491	0.010830	0.003610	0.010830	0.010830	0.007220	0.007220	0.007220	0.003610	0.010830	0.007220	0.014440	0.003610	0.007220	0.007220	0.018051	0.018051	0.003610	0.007220	0.039711	0.010830	0.003610	0.007220	0.021661	0.014440	0.003610	0.003610	0.007220	0.007220	0.007220	0.010830	0.010830	0.068592	0.028881	0.021661	0.036101	0.025271	0.010830	0.003610	0.021661	0.036101	0.032491	0.028881	0.014440	0.007220	0.010830	0.010830	0.068592	
0.090253	0.028881	0.032491	0.036101	0.032491	0.010830	0.003610	0.036101	0.036101	0.007220	0.010830	0.025271	0.025271	0.025271	0.003610	0.068592	0.054152	0.007220	0.018051	0.010830	0.014440	0.014440	0.007220	0.007220	0.003610	0.007220	0.007220	0.007220	0.018051	0.014440	0.010830	0.043321	0.021661	0.007220	0.018051	0.032491	0.036101	0.003610	0.010830	0.025271	0.010830	0.007220	0.010830	0.028881	0.025271	0.003610	0.010830	0.018051	0.003610	0.014440	0.003610	0.021661	0.010830	0.010830	0.003610	0.007220	0.003610	0.010830	0.010830	0.007220	0.054152	0.018051	0.014440	0.046931	
0.068592	0.036101	0.032491	0.032491	0.014440	0.018051	0.010830	0.014440	0.021661	0.014440	0.021661	0.014440	0.025271	0.028881	0.014440	0.032491	0.068592	0.007220	0.010830	0.007220	0.018051	0.010830	0.003610	0.007220	0.007220	0.007220	0.003610	0.007220	0.018051	0.014440	0.028881	0.014440	0.025271	0.010830	0.003610	0.014440	0.007220	0.003610	0.003610	0.018051	0.021661	0.003610	0.010830	0.003610	0.018051	0.014440	0.018051	0.018051	0.057762	0.014440	0.036101	0.014440	0.014440	0.025271	0.007220	0.014440	0.021661	0.003610	0.010830	0.003610	0.054152	0.014440	0.057762	0.050542	
0.097473	0.036101	0.032491	0.054152	0.021661	0.014440	0.018051	0.014440	0.021661	0.025271	0.010830	0.025271	0.007220	0.010830	0.003610	0.046931	0.025271	0.010830	0.007220	0.010830	0.025271	0.014440	0.003610	0.014440	0.010830	0.003610	0.007220	0.003610	0.014440	0.007220	0.007220	0.025271	0.014440	0.003610	0.007220	0.046931	0.010830	0.007220	0.003610	0.007220	0.014440	0.003610	0.014440	0.014440	0.007220	0.007220	0.003610	0.010830	0.068592	0.018051	0.014440	0.014440	0.025271	0.010830	0.003610	0.032491	0.039711	0.018051	0.032491	0.028881	0.014440	0.018051	0.018051	0.064982	
0.111913	0.025271	0.021661	0.046931	0.025271	0.018051	0.003610	0.021661	0.010830	0.007220	0.010830	0.032491	0.028881	0.018051	0.032491	0.046931	0.036101	0.018051	0.021661	0.007220	0.010830	0.003610	0.003610	0.028881	0.010830	0.007220	0.007220	0.003610	0.014440	0.014440	0.010830	0.028881	0.036101	0.007220	0.007220	0.036101	0.021661	0.007220	0.003610	0.018051	0.007220	0.007220	0.010830	0.039711	0.021661	0.003610	0.003610	0.043321	0.003610	0.014440	0.003610	0.021661	0.014440	0.007220	0.003610	0.018051	0.007220	0.007220	0.007220	0.010830	0.061372	0.021661	0.003610	0.061372	
0.075812	0.050542	0.036101	0.025271	0.021661	0.018051	0.010830	0.014440	0.014440	0.007220	0.003610	0.028881	0.036101	0.018051	0.025271	0.032491	0.032491	0.010830	0.018051	0.010830	0.014440	0.007220	0.007220	0.007220	0.003610	0.003610	0.003610	0.003610	0.039711	0.003610	0.014440	0.028881	0.014440	0.010830	0.003610	0.007220	0.007220	0.007220	0.007220	0.007220	0.014440	0.007220	0.010830	0.003610	0.018051	0.010830	0.032491	0.025271	0.064982	0.010830	0.039711	0.010830	0.025271	0.010830	0.003610	0.018051	0.010830	0.018051	0.010830	0.010830	0.083032	0.010830	0.046931	0.039711	
0.086643	0.018051	0.025271	0.057762	0.021661	0.025271	0.007220	0.028881	0.018051	0.028881	0.018051	0.032491	0.014440	0.010830	0.003610	0.025271	0.014440	0.018051	0.021661	0.014440	0.014440	0.010830	0.010830	0.007220	0.003610	0.010830	0.007220	0.007220	0.010830	0.003610	0.003610	0.028881	0.010830	0.007220	0.010830	0.014440	0.010830	0.003610	0.003610	0.018051	0.007220	0.007220	0.007220	0.007220	0.003610	0.003610	0.007220	0.032491	0.061372	0.028881	0.032491	0.054152	0.018051	0.003610	0.007220	0.014440	0.043321	0.021661	0.025271	0.028881	0.025271	0.018051	0.007220	0.075812	
0.075812	0.036101	0.032491	0.028881	0.018051	0.014440	0.003610	0.036101	0.021661	0.018051	0.007220	0.043321	0.010830	0.046931	0.007220	0.075812	0.036101	0.007220	0.010830	0.010830	0.018051	0.003610	0.003610	0.018051	0.007220	0.010830	0.003610	0.007220	0.021661	0.014440	0.007220	0.025271	0.025271	0.010830	0.014440	0.021661	0.032491	0.010830	0.003610	0.021661	0.014440	0.014440	0.010830	0.018051	0.010830	0.014440	0.007220	0.043321	0.003610	0.010830	0.003610	0.036101	0.010830	0.007220	0.010830	0.007220	0.003610	0.003610	0.003610	0.010830	0.075812	0.014440	0.010830	0.061372	
0.039711	0.046931	0.036101	0.018051	0.025271	0.010830	0.007220	0.021661	0.010830	0.014440	0.021661	0.014440	0.039711	0.010830	0.025271	0.021661	0.032491	0.014440	0.018051	0.014440	0.007220	0.021661	0.003610	0.003610	0.003610	0.007220	0.007220	0.003610	0.032491	0.007220	0.021661	0.021661	0.021661	0.003610	0.014440	0.007220	0.014440	0.007220	0.018051	0.007220	0.010830	0.003610	0.007220	0.003610	0.014440	0.010830	0.014440	0.039711	0.039711	0.025271	0.039711	0.014440	0.036101	0.018051	0.007220	0.028881	0.007220	0.007220	0.010830	0.007220	0.064982	0.025271	0.075812	0.039711	
0.043321	0.025271	0.014440	0.050542	0.032491	0.021661	0.007220	0.028881	0.036101	0.010830	0.032491	0.028881	0.007220	0.010830	0.007220	0.028881	0.043321	0.003610	0.014440	0.021661	0.018051	0.018051	0.003610	0.018051	0.010830	0.007220	0.003610	0.014440	0.007220	0.010830	0.010830	0.032491	0.003610	0.003610	0.007220	0.018051	0.010830	0.003610	0.003610	0.014440	0.010830	0.010830	0.007220	0.018051	0.003610	0.003610	0.003610	0.018051	0.068592	0.018051	0.032491	0.032491	0.021661	0.010830	0.007220	0.014440	0.061372	0.021661	0.018051	0.036101	0.021661	0.025271	0.014440	0.061372	
0.061372	0.032491	0.028881	0.036101	0.007220	0.018051	0.007220	0.018051	0.025271	0.010830	0.007220	0.025271	0.018051	0.021661	0.010830	0.072202	0.050542	0.003610	0.014440	0.014440	0.018051	0.014440	0.003610	0.018051	0.003610	0.007220	0.003610	0.007220	0.014440	0.010830	0.018051	0.032491	0.057762	0.007220	0.018051	0.036101	0.010830	0.014440	0.007220	0.018051	0.014440	0.010830	0.007220	0.028881	0.025271	0.007220	0.007220	0.057762	0.003610	0.014440	0.003610	0.018051	0.018051	0.003610	0.007220	0.021661	0.007220	0.014440	0.007220	0.007220	0.068592	0.014440	0.018051	0.039711	
0.079422	0.039711	0.036101	0.018051	0.018051	0.018051	0.003610	0.018051	0.018051	0.014440	0.007220	0.025271	0.025271	0.010830	0.043321	0.025271	0.021661	0.010830	0.010830	0.010830	0.021661	0.014440	0.007220	0.007220	0.007220	0.010830	0.003610	0.003610	0.032491	0.007220	0.021661	0.014440	0.007220	0.018051	0.007220	0.018051	0.010830	0.003610	0.003610	0.025271	0.007220	0.003610	0.007220	0.007220	0.010830	0.007220	0.021661	0.028881	0.050542	0.010830	0.043321	0.021661	0.018051	0.014440	0.003610	0.018051	0.014440	0.018051	0.018051	0.003610	0.064982	0.032491	0.057762	0.046931	
0.064982	0.028881	0.028881	0.036101	0.036101	0.018051	0.003610	0.021661	0.021661	0.014440	0.018051	0.043321	0.003610	0.010830	0.010830	0.043321	0.025271	0.010830	0.018051	0.014440	0.018051	0.010830	0.007220	0.014440	0.003610	0.003610	0.007220	0.003610	0.014440	0.014440	0.003610	0.036101	0.018051	0.003610	0.007220	0.018051	0.018051	0.007220	0.007220	0.014440	0.007220	0.007220	0.007220	0.014440	0.003610	0.003610	0.007220	0.025271	0.079422	0.018051	0.010830	0.025271	0.021661	0.010830	0.007220	0.018051	0.050542	0.010830	0.039711	0.043321	0.007220	0.021661	0.025271	0.061372	
0.072202	0.021661	0.050542	0.043321	0.014440	0.007220	0.007220	0.032491	0.010830	0.018051	0.007220	0.028881	0.018051	0.010830	0.010830	0.054152	0.046931	0.018051	0.021661	0.007220	0.021661	0.010830	0.003610	0.010830	0.003610	0.003610	0.003610	0.014440	0.014440	0.014440	0.010830	0.028881	0.028881	0.014440	0.010830	0.028881	0.018051	0.003610	0.007220	0.007220	0.018051	0.010830	0.014440	0.028881	0.014440	0.010830	0.014440	0.064982	0.003610	0.007220	0.003610	0.014440	0.018051	0.010830	0.003610	0.018051	0.014440	0.003610	0.010830	0.018051	0.043321	0.010830	0.032491	0.079422	
