>NC_004461
0.065138	0.018349	0.029358	0.065138	0.017431	0.002752	0.003670	0.011009	0.017431	0.004587	0.008257	0.031193	0.055046	0.019266	0.016514	0.057798	0.028440	0.009174	0.006422	0.023853	0.006422	0.000917	0.004587	0.004587	0.007339	0.003670	0.000917	0.006422	0.014679	0.004587	0.000917	0.011009	0.027523	0.006422	0.010092	0.028440	0.006422	0.002752	0.002752	0.006422	0.006422	0.003670	0.003670	0.006422	0.013761	0.003670	0.002752	0.017431	0.055963	0.022936	0.012844	0.048624	0.013761	0.003670	0.004587	0.011009	0.029358	0.004587	0.005505	0.016514	0.042202	0.012844	0.020183	0.048624	
0.066055	0.019266	0.018349	0.073394	0.024771	0.006422	0.005505	0.020183	0.022936	0.008257	0.006422	0.021101	0.063303	0.023853	0.023853	0.055046	0.014679	0.006422	0.008257	0.014679	0.003670	0.001835	0.000917	0.003670	0.004587	0.002752	0.001835	0.006422	0.010092	0.004587	0.005505	0.012844	0.024771	0.010092	0.006422	0.019266	0.003670	0.002752	0.002752	0.007339	0.005505	0.002752	0.001835	0.008257	0.022018	0.003670	0.011009	0.023853	0.055963	0.016514	0.011009	0.042202	0.019266	0.004587	0.004587	0.011927	0.022936	0.002752	0.004587	0.010092	0.053211	0.008257	0.018349	0.055046	
0.058716	0.019266	0.020183	0.063303	0.020183	0.011009	0.007339	0.013761	0.016514	0.007339	0.004587	0.015596	0.057798	0.018349	0.025688	0.047706	0.024771	0.004587	0.005505	0.016514	0.006422	0.002752	0.001835	0.004587	0.002752	0.002752	0.003670	0.004587	0.015596	0.006422	0.004587	0.016514	0.034862	0.006422	0.004587	0.010092	0.008257	0.000917	0.002752	0.004587	0.005505	0.000917	0.001835	0.006422	0.019266	0.002752	0.007339	0.016514	0.052294	0.021101	0.016514	0.058716	0.022018	0.007339	0.005505	0.005505	0.033945	0.004587	0.009174	0.011009	0.062385	0.015596	0.016514	0.052294	
0.074312	0.018349	0.020183	0.057798	0.021101	0.007339	0.005505	0.017431	0.019266	0.005505	0.007339	0.014679	0.068807	0.015596	0.017431	0.046789	0.029358	0.006422	0.002752	0.018349	0.008257	0.002752	0.003670	0.007339	0.007339	0.002752	0.001835	0.005505	0.009174	0.005505	0.003670	0.010092	0.031193	0.003670	0.006422	0.017431	0.007339	0.003670	0.001835	0.002752	0.007339	0.003670	0.003670	0.004587	0.012844	0.001835	0.005505	0.017431	0.066972	0.013761	0.011009	0.063303	0.024771	0.004587	0.004587	0.009174	0.028440	0.005505	0.006422	0.013761	0.054128	0.020183	0.008257	0.050459	
0.077064	0.027523	0.024771	0.072477	0.017431	0.003670	0.002752	0.018349	0.018349	0.005505	0.002752	0.013761	0.061468	0.014679	0.019266	0.061468	0.026606	0.005505	0.008257	0.021101	0.007339	0.002752	0.002752	0.005505	0.007339	0.001835	0.001835	0.004587	0.013761	0.004587	0.003670	0.014679	0.023853	0.008257	0.005505	0.024771	0.005505	0.001835	0.004587	0.005505	0.005505	0.003670	0.004587	0.005505	0.017431	0.001835	0.007339	0.011927	0.057798	0.013761	0.018349	0.055046	0.020183	0.006422	0.002752	0.013761	0.013761	0.005505	0.005505	0.010092	0.047706	0.012844	0.013761	0.050459	
0.081651	0.022936	0.017431	0.063303	0.021101	0.006422	0.008257	0.019266	0.029358	0.001835	0.006422	0.019266	0.063303	0.023853	0.023853	0.062385	0.022936	0.009174	0.004587	0.013761	0.006422	0.001835	0.003670	0.002752	0.003670	0.002752	0.000917	0.005505	0.018349	0.006422	0.006422	0.011927	0.025688	0.006422	0.003670	0.009174	0.004587	0.001835	0.002752	0.007339	0.005505	0.003670	0.000917	0.004587	0.015596	0.005505	0.005505	0.007339	0.071560	0.011927	0.016514	0.040367	0.020183	0.005505	0.003670	0.004587	0.016514	0.010092	0.008257	0.009174	0.045872	0.023853	0.017431	0.051376	
0.081651	0.029358	0.027523	0.063303	0.022936	0.004587	0.010092	0.012844	0.015596	0.009174	0.003670	0.013761	0.052294	0.014679	0.012844	0.046789	0.023853	0.006422	0.007339	0.014679	0.005505	0.005505	0.000917	0.003670	0.006422	0.002752	0.002752	0.006422	0.009174	0.008257	0.003670	0.012844	0.024771	0.003670	0.010092	0.016514	0.005505	0.000917	0.007339	0.004587	0.006422	0.001835	0.002752	0.005505	0.011927	0.007339	0.003670	0.015596	0.062385	0.012844	0.025688	0.042202	0.021101	0.007339	0.011009	0.020183	0.022018	0.003670	0.006422	0.021101	0.049541	0.014679	0.020183	0.048624	
0.072477	0.019266	0.026606	0.074312	0.022936	0.001835	0.011927	0.015596	0.031193	0.007339	0.004587	0.027523	0.057798	0.012844	0.019266	0.046789	0.024771	0.005505	0.005505	0.019266	0.004587	0.002752	0.003670	0.007339	0.011927	0.002752	0.003670	0.011009	0.021101	0.005505	0.001835	0.012844	0.021101	0.005505	0.009174	0.014679	0.007339	0.000917	0.003670	0.005505	0.004587	0.003670	0.003670	0.003670	0.014679	0.007339	0.008257	0.016514	0.062385	0.010092	0.012844	0.037615	0.026606	0.004587	0.005505	0.008257	0.025688	0.001835	0.003670	0.009174	0.044954	0.011927	0.013761	0.053211	
0.088073	0.020183	0.020183	0.052294	0.011927	0.006422	0.002752	0.019266	0.022018	0.006422	0.006422	0.019266	0.066972	0.011009	0.011927	0.055963	0.023853	0.007339	0.005505	0.024771	0.000917	0.002752	0.000917	0.005505	0.008257	0.007339	0.000917	0.008257	0.010092	0.002752	0.005505	0.018349	0.035780	0.009174	0.006422	0.022018	0.006422	0.001835	0.001835	0.005505	0.006422	0.000917	0.002752	0.005505	0.016514	0.004587	0.011009	0.019266	0.063303	0.021101	0.019266	0.034862	0.014679	0.005505	0.005505	0.011927	0.019266	0.006422	0.008257	0.009174	0.062385	0.014679	0.017431	0.034862	
0.088991	0.018349	0.028440	0.075229	0.023853	0.004587	0.009174	0.020183	0.021101	0.007339	0.005505	0.017431	0.059633	0.012844	0.022018	0.039450	0.014679	0.003670	0.004587	0.011009	0.006422	0.002752	0.002752	0.004587	0.002752	0.002752	0.001835	0.003670	0.013761	0.002752	0.005505	0.020183	0.021101	0.005505	0.011927	0.017431	0.008257	0.001835	0.005505	0.005505	0.005505	0.001835	0.002752	0.008257	0.016514	0.005505	0.003670	0.016514	0.074312	0.014679	0.016514	0.050459	0.013761	0.004587	0.005505	0.009174	0.023853	0.001835	0.005505	0.014679	0.048624	0.011927	0.022018	0.045872	
0.080734	0.020183	0.036697	0.061468	0.013761	0.005505	0.008257	0.014679	0.025688	0.007339	0.010092	0.018349	0.067890	0.017431	0.022936	0.045872	0.012844	0.007339	0.009174	0.022936	0.002752	0.004587	0.003670	0.002752	0.008257	0.006422	0.001835	0.006422	0.011009	0.006422	0.007339	0.014679	0.031193	0.003670	0.007339	0.011009	0.004587	0.001835	0.000917	0.006422	0.010092	0.000917	0.002752	0.001835	0.011009	0.004587	0.011009	0.017431	0.057798	0.011009	0.013761	0.055963	0.011009	0.001835	0.005505	0.014679	0.028440	0.004587	0.007339	0.012844	0.043119	0.015596	0.019266	0.044037	
0.083486	0.015596	0.030275	0.053211	0.019266	0.005505	0.006422	0.011009	0.029358	0.001835	0.018349	0.017431	0.060550	0.016514	0.024771	0.049541	0.012844	0.005505	0.004587	0.009174	0.006422	0.000917	0.000917	0.005505	0.011009	0.000917	0.002752	0.003670	0.015596	0.003670	0.009174	0.010092	0.031193	0.013761	0.012844	0.014679	0.009174	0.003670	0.000917	0.005505	0.011009	0.001835	0.005505	0.003670	0.015596	0.000917	0.009174	0.013761	0.048624	0.014679	0.025688	0.044037	0.023853	0.003670	0.004587	0.011927	0.036697	0.003670	0.008257	0.011927	0.045872	0.007339	0.020183	0.048624	
0.075229	0.017431	0.042202	0.041284	0.013761	0.004587	0.009174	0.022018	0.035780	0.004587	0.016514	0.016514	0.058716	0.008257	0.015596	0.038532	0.028440	0.007339	0.006422	0.016514	0.006422	0.000917	0.001835	0.004587	0.007339	0.000917	0.002752	0.001835	0.015596	0.004587	0.001835	0.011927	0.043119	0.006422	0.017431	0.021101	0.001835	0.002752	0.001835	0.001835	0.016514	0.001835	0.005505	0.011009	0.013761	0.004587	0.005505	0.012844	0.069725	0.010092	0.022018	0.035780	0.015596	0.002752	0.003670	0.006422	0.032110	0.005505	0.010092	0.015596	0.053211	0.013761	0.013761	0.041284	
0.092661	0.016514	0.055963	0.051376	0.013761	0.003670	0.007339	0.016514	0.040367	0.003670	0.024771	0.019266	0.045872	0.007339	0.019266	0.042202	0.013761	0.004587	0.006422	0.012844	0.003670	0.001835	0.002752	0.002752	0.010092	0.001835	0.001835	0.002752	0.010092	0.007339	0.006422	0.011009	0.055046	0.003670	0.018349	0.014679	0.002752	0.002752	0.000917	0.006422	0.019266	0.003670	0.006422	0.005505	0.021101	0.003670	0.004587	0.015596	0.073394	0.007339	0.030275	0.030275	0.010092	0.003670	0.008257	0.009174	0.021101	0.000917	0.008257	0.006422	0.045872	0.008257	0.013761	0.036697	
0.101835	0.011927	0.088991	0.032110	0.016514	0.000917	0.004587	0.010092	0.046789	0.009174	0.038532	0.016514	0.038532	0.006422	0.032110	0.032110	0.012844	0.002752	0.007339	0.007339	0.005505	0.000917	0.002752	0.002752	0.011009	0.002752	0.000917	0.004587	0.019266	0.002752	0.002752	0.010092	0.041284	0.004587	0.029358	0.015596	0.003670	0.000917	0.001835	0.003670	0.022018	0.001835	0.009174	0.008257	0.012844	0.002752	0.007339	0.011009	0.050459	0.012844	0.025688	0.033945	0.015596	0.004587	0.001835	0.004587	0.022936	0.003670	0.010092	0.007339	0.054128	0.004587	0.018349	0.028440	
0.074312	0.007339	0.090826	0.033945	0.012844	0.001835	0.012844	0.004587	0.032110	0.003670	0.100000	0.015596	0.036697	0.009174	0.018349	0.024771	0.022936	0.003670	0.006422	0.008257	0.003670	0.001835	0.000917	0.000917	0.003670	0.001835	0.003670	0.001835	0.008257	0.003670	0.005505	0.003670	0.044954	0.005505	0.041284	0.011009	0.005505	0.002752	0.005505	0.003670	0.030275	0.002752	0.018349	0.007339	0.010092	0.002752	0.014679	0.009174	0.053211	0.006422	0.047706	0.017431	0.008257	0.001835	0.002752	0.003670	0.022936	0.001835	0.030275	0.005505	0.028440	0.005505	0.021101	0.026606	
0.058716	0.017431	0.098165	0.021101	0.008257	0.001835	0.001835	0.011009	0.032110	0.002752	0.133028	0.018349	0.018349	0.008257	0.027523	0.016514	0.011927	0.002752	0.010092	0.005505	0.003670	0.001835	0.000917	0.001835	0.007339	0.002752	0.009174	0.002752	0.002752	0.002752	0.003670	0.003670	0.020183	0.005505	0.052294	0.011009	0.005505	0.000917	0.001835	0.001835	0.099083	0.002752	0.029358	0.021101	0.012844	0.001835	0.009174	0.006422	0.030275	0.001835	0.034862	0.016514	0.005505	0.001835	0.003670	0.010092	0.021101	0.003670	0.025688	0.009174	0.022936	0.002752	0.021101	0.017431	
0.033028	0.007339	0.064220	0.016514	0.008257	0.004587	0.009174	0.005505	0.035780	0.009174	0.137615	0.012844	0.020183	0.006422	0.017431	0.010092	0.011009	0.001835	0.004587	0.005505	0.001835	0.000917	0.000917	0.002752	0.000917	0.000917	0.002752	0.003670	0.013761	0.001835	0.001835	0.007339	0.017431	0.002752	0.130275	0.009174	0.002752	0.001835	0.002752	0.004587	0.125688	0.003670	0.047706	0.020183	0.013761	0.001835	0.026606	0.009174	0.014679	0.004587	0.028440	0.009174	0.005505	0.000917	0.005505	0.003670	0.020183	0.000917	0.032110	0.008257	0.010092	0.006422	0.010092	0.017431	
0.016514	0.009174	0.036697	0.013761	0.005505	0.002752	0.005505	0.002752	0.039450	0.011927	0.154128	0.022018	0.014679	0.005505	0.009174	0.011009	0.008257	0.000917	0.000917	0.008257	0.002752	0.001835	0.000917	0.002752	0.010092	0.000917	0.001835	0.005505	0.005505	0.000917	0.000917	0.009174	0.025688	0.004587	0.142202	0.010092	0.003670	0.000917	0.007339	0.002752	0.138532	0.007339	0.049541	0.024771	0.011927	0.004587	0.017431	0.011009	0.015596	0.004587	0.018349	0.019266	0.006422	0.002752	0.002752	0.004587	0.024771	0.002752	0.022018	0.006422	0.018349	0.008257	0.006422	0.011009	
0.021101	0.005505	0.025688	0.013761	0.008257	0.002752	0.005505	0.002752	0.027523	0.006422	0.122018	0.042202	0.010092	0.005505	0.018349	0.017431	0.006422	0.003670	0.000917	0.007339	0.000917	0.001835	0.000917	0.004587	0.009174	0.000917	0.003670	0.002752	0.002752	0.002752	0.002752	0.004587	0.019266	0.011009	0.157798	0.024771	0.006422	0.000917	0.008257	0.007339	0.103670	0.007339	0.048624	0.067890	0.012844	0.005505	0.026606	0.013761	0.019266	0.003670	0.011927	0.015596	0.008257	0.000917	0.004587	0.005505	0.010092	0.000917	0.014679	0.008257	0.015596	0.008257	0.009174	0.009174	
0.022936	0.008257	0.021101	0.013761	0.009174	0.001835	0.001835	0.011009	0.040367	0.006422	0.115596	0.033945	0.013761	0.005505	0.019266	0.022936	0.013761	0.003670	0.001835	0.004587	0.002752	0.000917	0.001835	0.000917	0.005505	0.000917	0.004587	0.008257	0.007339	0.002752	0.004587	0.005505	0.038532	0.010092	0.080734	0.021101	0.005505	0.002752	0.004587	0.002752	0.069725	0.017431	0.034862	0.066972	0.026606	0.008257	0.062385	0.023853	0.014679	0.010092	0.008257	0.008257	0.009174	0.004587	0.002752	0.005505	0.032110	0.003670	0.011927	0.009174	0.015596	0.007339	0.007339	0.014679	
0.032110	0.007339	0.021101	0.029358	0.011009	0.000917	0.005505	0.014679	0.030275	0.004587	0.047706	0.029358	0.016514	0.003670	0.008257	0.019266	0.011927	0.003670	0.003670	0.007339	0.003670	0.001835	0.000917	0.003670	0.004587	0.001835	0.000917	0.003670	0.008257	0.003670	0.003670	0.004587	0.051376	0.011009	0.049541	0.035780	0.011009	0.003670	0.007339	0.006422	0.056881	0.010092	0.030275	0.069725	0.020183	0.005505	0.061468	0.031193	0.024771	0.003670	0.012844	0.022018	0.013761	0.001835	0.003670	0.004587	0.052294	0.006422	0.008257	0.026606	0.027523	0.007339	0.009174	0.022936	
0.042202	0.010092	0.013761	0.054128	0.014679	0.004587	0.004587	0.001835	0.031193	0.007339	0.021101	0.027523	0.030275	0.010092	0.021101	0.033028	0.018349	0.005505	0.002752	0.012844	0.004587	0.000917	0.000917	0.001835	0.006422	0.003670	0.002752	0.004587	0.005505	0.009174	0.003670	0.011009	0.064220	0.013761	0.021101	0.044954	0.011009	0.001835	0.005505	0.004587	0.028440	0.009174	0.017431	0.032110	0.032110	0.011927	0.058716	0.026606	0.033028	0.006422	0.006422	0.026606	0.012844	0.001835	0.002752	0.002752	0.044037	0.004587	0.006422	0.027523	0.028440	0.006422	0.010092	0.033028	
0.055963	0.021101	0.028440	0.052294	0.011927	0.003670	0.004587	0.015596	0.022018	0.003670	0.010092	0.008257	0.050459	0.010092	0.022936	0.055046	0.018349	0.007339	0.002752	0.014679	0.002752	0.000917	0.000917	0.004587	0.005505	0.001835	0.000917	0.005505	0.004587	0.000917	0.000917	0.004587	0.036697	0.010092	0.011009	0.052294	0.006422	0.002752	0.005505	0.010092	0.022936	0.004587	0.009174	0.011009	0.039450	0.010092	0.015596	0.026606	0.045872	0.006422	0.014679	0.029358	0.012844	0.004587	0.002752	0.017431	0.058716	0.007339	0.011009	0.016514	0.034862	0.011927	0.008257	0.048624	
0.058716	0.023853	0.027523	0.046789	0.023853	0.003670	0.006422	0.011009	0.027523	0.005505	0.007339	0.016514	0.059633	0.013761	0.011927	0.063303	0.011927	0.002752	0.004587	0.014679	0.002752	0.003670	0.001835	0.003670	0.002752	0.001835	0.001835	0.007339	0.022018	0.007339	0.003670	0.014679	0.044037	0.011927	0.014679	0.038532	0.009174	0.003670	0.000917	0.003670	0.011927	0.008257	0.003670	0.007339	0.014679	0.003670	0.006422	0.016514	0.062385	0.012844	0.022018	0.032110	0.016514	0.001835	0.002752	0.011927	0.023853	0.010092	0.001835	0.011927	0.055046	0.011009	0.025688	0.043119	
0.082569	0.020183	0.033945	0.040367	0.027523	0.004587	0.009174	0.010092	0.033028	0.011927	0.007339	0.016514	0.055046	0.012844	0.024771	0.039450	0.024771	0.006422	0.008257	0.012844	0.007339	0.001835	0.000917	0.002752	0.004587	0.001835	0.000917	0.004587	0.011009	0.006422	0.002752	0.010092	0.025688	0.009174	0.011927	0.019266	0.012844	0.005505	0.002752	0.004587	0.004587	0.002752	0.004587	0.002752	0.015596	0.005505	0.008257	0.013761	0.066972	0.021101	0.028440	0.034862	0.012844	0.005505	0.005505	0.011927	0.023853	0.005505	0.007339	0.011009	0.054128	0.012844	0.017431	0.053211	
0.069725	0.023853	0.020183	0.086239	0.017431	0.009174	0.009174	0.021101	0.026606	0.012844	0.015596	0.027523	0.038532	0.017431	0.018349	0.033028	0.029358	0.007339	0.002752	0.021101	0.005505	0.000917	0.001835	0.009174	0.007339	0.001835	0.000917	0.008257	0.009174	0.005505	0.006422	0.008257	0.025688	0.011009	0.009174	0.020183	0.007339	0.005505	0.004587	0.004587	0.009174	0.002752	0.004587	0.003670	0.012844	0.003670	0.004587	0.013761	0.058716	0.019266	0.013761	0.044037	0.015596	0.006422	0.003670	0.011927	0.025688	0.007339	0.005505	0.014679	0.040367	0.022936	0.011009	0.042202	
0.060550	0.032110	0.035780	0.055046	0.021101	0.010092	0.013761	0.016514	0.016514	0.008257	0.003670	0.017431	0.061468	0.033028	0.012844	0.064220	0.015596	0.012844	0.000917	0.016514	0.013761	0.000917	0.001835	0.005505	0.006422	0.001835	0.002752	0.008257	0.018349	0.009174	0.003670	0.015596	0.021101	0.008257	0.020183	0.019266	0.011927	0.003670	0.000917	0.008257	0.008257	0.003670	0.005505	0.009174	0.015596	0.008257	0.004587	0.025688	0.045872	0.011009	0.016514	0.027523	0.025688	0.004587	0.002752	0.016514	0.018349	0.005505	0.005505	0.011009	0.034862	0.008257	0.009174	0.044954	
0.115596	0.000917	0.015596	0.011009	0.051376	0.000917	0.010092	0.001835	0.054128	0.000917	0.016514	0.001835	0.100000	0.000917	0.011009	0.006422	0.059633	0.000917	0.005505	0.006422	0.015596	0.000917	0.000917	0.001835	0.014679	0.000917	0.002752	0.000917	0.038532	0.000917	0.003670	0.003670	0.035780	0.000917	0.011927	0.000917	0.014679	0.000917	0.002752	0.000917	0.010092	0.000917	0.005505	0.000917	0.035780	0.000917	0.006422	0.002752	0.110092	0.000917	0.013761	0.005505	0.047706	0.000917	0.005505	0.004587	0.022936	0.000917	0.005505	0.000917	0.128440	0.000917	0.011009	0.010092	
0.000917	0.000917	0.000917	0.318349	0.000917	0.000917	0.000917	0.000917	0.000917	0.000917	0.000917	0.044037	0.000917	0.000917	0.000917	0.021101	0.000917	0.000917	0.000917	0.126606	0.000917	0.000917	0.000917	0.000917	0.000917	0.000917	0.000917	0.016514	0.000917	0.000917	0.000917	0.006422	0.000917	0.000917	0.000917	0.099083	0.000917	0.000917	0.000917	0.000917	0.000917	0.000917	0.000917	0.027523	0.000917	0.000917	0.000917	0.001835	0.000917	0.000917	0.000917	0.300000	0.000917	0.000917	0.000917	0.000917	0.000917	0.000917	0.000917	0.029358	0.000917	0.000917	0.000917	0.020183	
0.000917	0.000917	0.000917	0.000917	0.000917	0.000917	0.000917	0.000917	0.000917	0.000917	0.000917	0.000917	0.000917	0.000917	0.841284	0.000917	0.000917	0.000917	0.000917	0.000917	0.000917	0.000917	0.000917	0.000917	0.000917	0.000917	0.000917	0.000917	0.000917	0.000917	0.000917	0.000917	0.000917	0.000917	0.000917	0.000917	0.000917	0.000917	0.000917	0.000917	0.000917	0.000917	0.000917	0.000917	0.000917	0.000917	0.114679	0.000917	0.000917	0.000917	0.000917	0.000917	0.000917	0.000917	0.000917	0.000917	0.000917	0.000917	0.000917	0.000917	0.000917	0.000917	0.046789	0.000917	
0.000917	0.000917	0.000917	0.000917	0.000917	0.000917	0.000917	0.000917	0.000917	0.000917	0.000917	0.000917	0.000917	0.000917	0.000917	0.000917	0.000917	0.000917	0.000917	0.000917	0.000917	0.000917	0.000917	0.000917	0.000917	0.000917	0.000917	0.000917	0.000917	0.000917	0.000917	0.000917	0.000917	0.000917	0.000917	0.000917	0.000917	0.000917	0.000917	0.000917	0.000917	0.000917	0.000917	0.000917	0.000917	0.000917	0.000917	0.000917	0.000917	0.000917	0.000917	0.000917	0.000917	0.000917	0.000917	0.000917	0.524771	0.094495	0.225688	0.158716	0.000917	0.000917	0.000917	0.000917	
0.000917	0.000917	0.000917	0.000917	0.000917	0.000917	0.000917	0.000917	0.000917	0.000917	0.000917	0.000917	0.000917	0.000917	0.000917	0.000917	0.000917	0.000917	0.000917	0.000917	0.000917	0.000917	0.000917	0.000917	0.000917	0.000917	0.000917	0.000917	0.000917	0.000917	0.000917	0.000917	0.265138	0.074312	0.083486	0.104587	0.045872	0.016514	0.016514	0.018349	0.096330	0.076147	0.020183	0.035780	0.026606	0.061468	0.006422	0.066972	0.000917	0.000917	0.000917	0.000917	0.000917	0.000917	0.000917	0.000917	0.000917	0.000917	0.000917	0.000917	0.000917	0.000917	0.000917	0.000917	
0.142202	0.015596	0.035780	0.074312	0.035780	0.005505	0.012844	0.022936	0.021101	0.011009	0.003670	0.050459	0.033028	0.001835	0.018349	0.054128	0.021101	0.007339	0.005505	0.014679	0.011009	0.001835	0.000917	0.005505	0.003670	0.004587	0.000917	0.010092	0.004587	0.002752	0.000917	0.012844	0.055046	0.008257	0.010092	0.025688	0.033028	0.002752	0.005505	0.037615	0.011009	0.001835	0.001835	0.008257	0.016514	0.001835	0.006422	0.013761	0.000917	0.003670	0.000917	0.023853	0.028440	0.000917	0.005505	0.029358	0.000917	0.000917	0.001835	0.005505	0.035780	0.004587	0.007339	0.022018	
0.097248	0.036697	0.043119	0.042202	0.015596	0.004587	0.002752	0.011927	0.027523	0.008257	0.010092	0.006422	0.064220	0.015596	0.026606	0.032110	0.051376	0.016514	0.022018	0.018349	0.003670	0.003670	0.002752	0.000917	0.012844	0.005505	0.004587	0.001835	0.047706	0.016514	0.018349	0.012844	0.019266	0.005505	0.005505	0.006422	0.008257	0.000917	0.004587	0.004587	0.003670	0.001835	0.000917	0.001835	0.029358	0.010092	0.017431	0.017431	0.037615	0.015596	0.018349	0.018349	0.004587	0.000917	0.002752	0.002752	0.022018	0.001835	0.005505	0.003670	0.055963	0.007339	0.017431	0.022018	
0.108257	0.028440	0.022018	0.046789	0.040367	0.005505	0.011009	0.017431	0.042202	0.011009	0.012844	0.022936	0.016514	0.012844	0.006422	0.049541	0.016514	0.002752	0.000917	0.011927	0.003670	0.000917	0.002752	0.002752	0.006422	0.001835	0.000917	0.003670	0.004587	0.002752	0.001835	0.011009	0.033945	0.005505	0.007339	0.019266	0.006422	0.002752	0.004587	0.003670	0.012844	0.002752	0.000917	0.004587	0.002752	0.001835	0.003670	0.005505	0.118349	0.016514	0.018349	0.044037	0.029358	0.008257	0.007339	0.004587	0.044954	0.011927	0.004587	0.018349	0.020183	0.007339	0.007339	0.049541	
0.136697	0.027523	0.034862	0.077982	0.022936	0.003670	0.004587	0.022018	0.018349	0.003670	0.008257	0.018349	0.043119	0.010092	0.019266	0.049541	0.041284	0.007339	0.007339	0.023853	0.005505	0.000917	0.003670	0.007339	0.011927	0.001835	0.002752	0.009174	0.007339	0.001835	0.004587	0.014679	0.054128	0.008257	0.016514	0.027523	0.012844	0.000917	0.008257	0.005505	0.004587	0.001835	0.002752	0.010092	0.016514	0.002752	0.013761	0.016514	0.000917	0.007339	0.000917	0.034862	0.012844	0.001835	0.003670	0.006422	0.000917	0.001835	0.011009	0.005505	0.049541	0.010092	0.006422	0.049541	
0.095413	0.044037	0.046789	0.046789	0.022018	0.007339	0.009174	0.011927	0.022936	0.011009	0.006422	0.019266	0.066972	0.025688	0.025688	0.045872	0.020183	0.007339	0.014679	0.011927	0.003670	0.001835	0.000917	0.000917	0.006422	0.003670	0.002752	0.007339	0.013761	0.002752	0.008257	0.016514	0.011009	0.005505	0.006422	0.012844	0.003670	0.000917	0.001835	0.002752	0.009174	0.002752	0.002752	0.010092	0.019266	0.005505	0.011009	0.007339	0.046789	0.014679	0.026606	0.028440	0.014679	0.001835	0.002752	0.005505	0.021101	0.002752	0.012844	0.007339	0.050459	0.006422	0.032110	0.041284	
0.062385	0.026606	0.016514	0.067890	0.035780	0.011927	0.013761	0.010092	0.040367	0.017431	0.009174	0.027523	0.012844	0.016514	0.006422	0.064220	0.017431	0.002752	0.003670	0.020183	0.003670	0.003670	0.002752	0.001835	0.002752	0.005505	0.002752	0.003670	0.004587	0.005505	0.001835	0.009174	0.026606	0.006422	0.011009	0.015596	0.008257	0.000917	0.002752	0.008257	0.007339	0.002752	0.006422	0.008257	0.007339	0.008257	0.005505	0.022936	0.077982	0.022018	0.013761	0.036697	0.019266	0.005505	0.002752	0.012844	0.029358	0.013761	0.010092	0.023853	0.026606	0.026606	0.004587	0.053211	
0.099083	0.011009	0.018349	0.055963	0.040367	0.001835	0.004587	0.011009	0.024771	0.003670	0.003670	0.012844	0.037615	0.016514	0.026606	0.059633	0.034862	0.004587	0.008257	0.019266	0.010092	0.002752	0.004587	0.004587	0.007339	0.006422	0.000917	0.007339	0.013761	0.001835	0.001835	0.015596	0.041284	0.005505	0.013761	0.019266	0.022936	0.003670	0.004587	0.008257	0.011927	0.002752	0.004587	0.009174	0.027523	0.008257	0.009174	0.018349	0.000917	0.010092	0.000917	0.039450	0.028440	0.000917	0.005505	0.022018	0.000917	0.002752	0.007339	0.007339	0.069725	0.011927	0.014679	0.053211	
0.066055	0.025688	0.053211	0.031193	0.012844	0.005505	0.005505	0.007339	0.014679	0.008257	0.011009	0.007339	0.059633	0.015596	0.033028	0.025688	0.044954	0.011009	0.030275	0.015596	0.005505	0.001835	0.000917	0.000917	0.007339	0.003670	0.002752	0.005505	0.020183	0.002752	0.009174	0.013761	0.016514	0.007339	0.013761	0.007339	0.003670	0.002752	0.004587	0.004587	0.006422	0.002752	0.005505	0.001835	0.011927	0.001835	0.012844	0.010092	0.059633	0.016514	0.033028	0.039450	0.021101	0.003670	0.007339	0.006422	0.033945	0.002752	0.006422	0.009174	0.060550	0.013761	0.028440	0.044037	
0.076147	0.019266	0.015596	0.076147	0.021101	0.009174	0.011009	0.019266	0.057798	0.017431	0.010092	0.044954	0.018349	0.014679	0.009174	0.051376	0.010092	0.011927	0.004587	0.016514	0.009174	0.001835	0.000917	0.001835	0.009174	0.004587	0.001835	0.002752	0.003670	0.002752	0.001835	0.011009	0.031193	0.009174	0.008257	0.013761	0.007339	0.000917	0.002752	0.006422	0.013761	0.000917	0.003670	0.007339	0.007339	0.006422	0.001835	0.008257	0.062385	0.027523	0.017431	0.044954	0.018349	0.005505	0.006422	0.003670	0.034862	0.016514	0.010092	0.022018	0.013761	0.021101	0.009174	0.049541	
0.087156	0.012844	0.022936	0.056881	0.033945	0.006422	0.010092	0.017431	0.016514	0.008257	0.002752	0.018349	0.036697	0.025688	0.023853	0.065138	0.033028	0.002752	0.005505	0.014679	0.006422	0.001835	0.001835	0.007339	0.005505	0.001835	0.001835	0.011927	0.010092	0.002752	0.005505	0.012844	0.054128	0.005505	0.013761	0.042202	0.019266	0.002752	0.007339	0.010092	0.009174	0.002752	0.002752	0.011009	0.024771	0.009174	0.011009	0.032110	0.000917	0.007339	0.000917	0.033945	0.022936	0.004587	0.004587	0.012844	0.000917	0.001835	0.009174	0.010092	0.062385	0.007339	0.016514	0.033945	
0.070642	0.030275	0.040367	0.033945	0.011009	0.005505	0.004587	0.007339	0.016514	0.003670	0.009174	0.013761	0.056881	0.014679	0.038532	0.037615	0.031193	0.015596	0.016514	0.019266	0.006422	0.001835	0.003670	0.003670	0.011927	0.001835	0.003670	0.006422	0.018349	0.007339	0.011009	0.011009	0.012844	0.002752	0.009174	0.007339	0.008257	0.003670	0.001835	0.000917	0.005505	0.001835	0.003670	0.005505	0.011927	0.009174	0.012844	0.017431	0.046789	0.021101	0.035780	0.030275	0.023853	0.006422	0.010092	0.004587	0.031193	0.003670	0.011927	0.010092	0.061468	0.026606	0.026606	0.029358	
0.062385	0.022018	0.019266	0.057798	0.028440	0.011927	0.010092	0.019266	0.040367	0.019266	0.015596	0.026606	0.015596	0.012844	0.007339	0.055046	0.022018	0.007339	0.004587	0.015596	0.010092	0.003670	0.000917	0.002752	0.005505	0.003670	0.003670	0.007339	0.002752	0.002752	0.000917	0.010092	0.035780	0.009174	0.007339	0.012844	0.001835	0.002752	0.001835	0.004587	0.011927	0.003670	0.002752	0.010092	0.009174	0.003670	0.001835	0.021101	0.072477	0.018349	0.012844	0.044954	0.021101	0.005505	0.005505	0.025688	0.039450	0.009174	0.011009	0.029358	0.011927	0.011927	0.013761	0.057798	
0.096330	0.021101	0.023853	0.051376	0.022018	0.006422	0.006422	0.022018	0.021101	0.004587	0.002752	0.015596	0.032110	0.020183	0.020183	0.058716	0.035780	0.002752	0.009174	0.013761	0.011009	0.001835	0.001835	0.009174	0.004587	0.000917	0.002752	0.010092	0.019266	0.006422	0.002752	0.023853	0.045872	0.009174	0.012844	0.029358	0.020183	0.005505	0.003670	0.006422	0.016514	0.001835	0.001835	0.012844	0.031193	0.012844	0.004587	0.024771	0.000917	0.007339	0.000917	0.030275	0.011009	0.004587	0.001835	0.013761	0.000917	0.001835	0.010092	0.011009	0.064220	0.013761	0.018349	0.047706	
0.069725	0.025688	0.047706	0.035780	0.020183	0.003670	0.010092	0.006422	0.011009	0.012844	0.007339	0.015596	0.052294	0.015596	0.030275	0.026606	0.025688	0.005505	0.016514	0.016514	0.006422	0.002752	0.002752	0.006422	0.003670	0.004587	0.002752	0.002752	0.015596	0.004587	0.013761	0.017431	0.012844	0.006422	0.010092	0.013761	0.001835	0.001835	0.003670	0.001835	0.006422	0.001835	0.003670	0.005505	0.011927	0.008257	0.016514	0.012844	0.050459	0.015596	0.042202	0.038532	0.022018	0.006422	0.016514	0.008257	0.022936	0.004587	0.009174	0.009174	0.067890	0.012844	0.038532	0.035780	
0.050459	0.026606	0.016514	0.065138	0.022936	0.012844	0.002752	0.014679	0.042202	0.022936	0.016514	0.034862	0.017431	0.015596	0.008257	0.063303	0.013761	0.007339	0.003670	0.025688	0.007339	0.002752	0.000917	0.003670	0.008257	0.007339	0.003670	0.013761	0.003670	0.003670	0.000917	0.014679	0.017431	0.012844	0.003670	0.010092	0.013761	0.004587	0.002752	0.002752	0.011009	0.000917	0.003670	0.007339	0.008257	0.002752	0.002752	0.019266	0.062385	0.021101	0.011927	0.052294	0.023853	0.004587	0.002752	0.010092	0.038532	0.017431	0.011009	0.032110	0.019266	0.016514	0.010092	0.046789	
0.068807	0.011009	0.020183	0.044037	0.033028	0.008257	0.011927	0.014679	0.018349	0.003670	0.001835	0.011927	0.033028	0.032110	0.030275	0.057798	0.042202	0.008257	0.005505	0.011927	0.011927	0.004587	0.002752	0.005505	0.000917	0.001835	0.001835	0.004587	0.011009	0.001835	0.003670	0.014679	0.047706	0.005505	0.006422	0.040367	0.021101	0.007339	0.001835	0.018349	0.009174	0.004587	0.002752	0.018349	0.038532	0.010092	0.008257	0.031193	0.000917	0.010092	0.000917	0.036697	0.019266	0.006422	0.002752	0.010092	0.000917	0.004587	0.011927	0.004587	0.077064	0.015596	0.011009	0.040367	
0.050459	0.030275	0.042202	0.036697	0.015596	0.002752	0.007339	0.009174	0.015596	0.005505	0.007339	0.004587	0.048624	0.018349	0.033945	0.032110	0.039450	0.009174	0.017431	0.019266	0.010092	0.003670	0.009174	0.003670	0.009174	0.003670	0.003670	0.002752	0.016514	0.008257	0.011927	0.011927	0.011009	0.005505	0.007339	0.005505	0.004587	0.001835	0.006422	0.001835	0.010092	0.003670	0.001835	0.002752	0.019266	0.003670	0.007339	0.009174	0.059633	0.018349	0.050459	0.031193	0.028440	0.011009	0.012844	0.007339	0.023853	0.006422	0.014679	0.008257	0.053211	0.020183	0.042202	0.028440	
0.064220	0.030275	0.019266	0.046789	0.028440	0.011927	0.011927	0.011009	0.047706	0.021101	0.019266	0.029358	0.017431	0.017431	0.003670	0.054128	0.013761	0.011009	0.002752	0.031193	0.005505	0.009174	0.000917	0.003670	0.012844	0.004587	0.010092	0.008257	0.003670	0.006422	0.003670	0.008257	0.022018	0.011009	0.007339	0.018349	0.011927	0.002752	0.000917	0.003670	0.010092	0.005505	0.003670	0.008257	0.002752	0.002752	0.001835	0.011009	0.058716	0.016514	0.011927	0.050459	0.023853	0.010092	0.005505	0.011009	0.032110	0.014679	0.020183	0.028440	0.012844	0.011927	0.009174	0.047706	
0.077982	0.008257	0.019266	0.053211	0.026606	0.008257	0.011927	0.022018	0.013761	0.005505	0.001835	0.020183	0.036697	0.018349	0.017431	0.074312	0.038532	0.004587	0.005505	0.021101	0.010092	0.010092	0.002752	0.011009	0.006422	0.003670	0.000917	0.008257	0.007339	0.007339	0.001835	0.012844	0.036697	0.014679	0.012844	0.038532	0.019266	0.004587	0.006422	0.015596	0.016514	0.009174	0.009174	0.018349	0.023853	0.005505	0.007339	0.037615	0.000917	0.005505	0.000917	0.029358	0.018349	0.003670	0.001835	0.014679	0.000917	0.002752	0.007339	0.007339	0.059633	0.010092	0.013761	0.037615	
0.049541	0.025688	0.045872	0.033028	0.012844	0.004587	0.007339	0.008257	0.012844	0.008257	0.005505	0.011927	0.043119	0.031193	0.034862	0.033028	0.026606	0.012844	0.017431	0.017431	0.011009	0.004587	0.004587	0.006422	0.014679	0.000917	0.001835	0.005505	0.027523	0.009174	0.012844	0.013761	0.013761	0.006422	0.010092	0.007339	0.007339	0.003670	0.003670	0.006422	0.007339	0.002752	0.002752	0.006422	0.018349	0.009174	0.012844	0.013761	0.044037	0.022936	0.036697	0.023853	0.022936	0.004587	0.010092	0.003670	0.018349	0.006422	0.010092	0.005505	0.060550	0.016514	0.055963	0.029358	
0.050459	0.027523	0.013761	0.042202	0.021101	0.009174	0.011009	0.026606	0.047706	0.022936	0.021101	0.018349	0.012844	0.011009	0.005505	0.052294	0.010092	0.016514	0.007339	0.020183	0.005505	0.003670	0.003670	0.004587	0.012844	0.006422	0.002752	0.003670	0.005505	0.004587	0.002752	0.011927	0.017431	0.011009	0.011927	0.012844	0.006422	0.003670	0.004587	0.003670	0.010092	0.002752	0.003670	0.003670	0.001835	0.003670	0.004587	0.019266	0.066055	0.014679	0.014679	0.054128	0.036697	0.008257	0.009174	0.011927	0.052294	0.022936	0.022936	0.018349	0.014679	0.014679	0.008257	0.052294	
0.072477	0.012844	0.016514	0.042202	0.038532	0.003670	0.006422	0.021101	0.017431	0.006422	0.003670	0.020183	0.034862	0.022018	0.019266	0.053211	0.042202	0.005505	0.010092	0.011927	0.006422	0.004587	0.001835	0.011927	0.007339	0.006422	0.000917	0.013761	0.012844	0.007339	0.007339	0.019266	0.046789	0.018349	0.011009	0.046789	0.024771	0.006422	0.004587	0.019266	0.013761	0.008257	0.003670	0.024771	0.018349	0.008257	0.008257	0.009174	0.000917	0.011927	0.000917	0.021101	0.011927	0.001835	0.001835	0.018349	0.000917	0.002752	0.009174	0.008257	0.067890	0.014679	0.019266	0.033945	
0.059633	0.026606	0.046789	0.029358	0.021101	0.013761	0.006422	0.007339	0.015596	0.006422	0.008257	0.008257	0.046789	0.016514	0.034862	0.023853	0.032110	0.014679	0.022018	0.012844	0.005505	0.003670	0.003670	0.003670	0.005505	0.003670	0.001835	0.003670	0.025688	0.007339	0.023853	0.013761	0.013761	0.007339	0.012844	0.005505	0.007339	0.003670	0.004587	0.008257	0.004587	0.002752	0.005505	0.004587	0.017431	0.006422	0.029358	0.013761	0.044954	0.015596	0.038532	0.034862	0.016514	0.002752	0.017431	0.015596	0.019266	0.006422	0.019266	0.009174	0.039450	0.014679	0.034862	0.026606	
0.055963	0.029358	0.014679	0.050459	0.023853	0.012844	0.006422	0.021101	0.053211	0.020183	0.020183	0.026606	0.017431	0.010092	0.007339	0.047706	0.021101	0.006422	0.000917	0.022018	0.011009	0.006422	0.001835	0.004587	0.010092	0.002752	0.007339	0.011927	0.004587	0.007339	0.002752	0.020183	0.017431	0.010092	0.004587	0.012844	0.006422	0.006422	0.001835	0.004587	0.012844	0.006422	0.007339	0.008257	0.004587	0.009174	0.002752	0.009174	0.055046	0.021101	0.014679	0.038532	0.021101	0.009174	0.009174	0.005505	0.038532	0.021101	0.031193	0.032110	0.011927	0.017431	0.004587	0.044037	
0.065138	0.017431	0.012844	0.054128	0.021101	0.005505	0.013761	0.026606	0.013761	0.005505	0.001835	0.013761	0.032110	0.017431	0.022018	0.052294	0.026606	0.007339	0.007339	0.021101	0.017431	0.001835	0.003670	0.011927	0.004587	0.003670	0.001835	0.009174	0.007339	0.005505	0.001835	0.021101	0.049541	0.010092	0.011009	0.044037	0.022018	0.004587	0.009174	0.014679	0.022018	0.012844	0.002752	0.028440	0.024771	0.011009	0.009174	0.033945	0.000917	0.013761	0.000917	0.022936	0.019266	0.005505	0.003670	0.015596	0.000917	0.002752	0.007339	0.006422	0.061468	0.011927	0.014679	0.033028	
0.032110	0.033028	0.034862	0.042202	0.022018	0.007339	0.011009	0.008257	0.016514	0.005505	0.005505	0.004587	0.064220	0.017431	0.027523	0.033028	0.031193	0.011009	0.019266	0.018349	0.005505	0.001835	0.005505	0.004587	0.014679	0.006422	0.002752	0.006422	0.023853	0.008257	0.022936	0.013761	0.018349	0.003670	0.010092	0.009174	0.010092	0.002752	0.007339	0.004587	0.005505	0.000917	0.002752	0.004587	0.023853	0.006422	0.016514	0.011009	0.043119	0.018349	0.031193	0.033028	0.022936	0.003670	0.013761	0.005505	0.021101	0.005505	0.013761	0.007339	0.059633	0.016514	0.036697	0.027523	
0.045872	0.026606	0.016514	0.035780	0.029358	0.008257	0.007339	0.021101	0.035780	0.020183	0.019266	0.020183	0.021101	0.017431	0.006422	0.057798	0.018349	0.011927	0.004587	0.025688	0.005505	0.001835	0.003670	0.004587	0.013761	0.003670	0.008257	0.011927	0.004587	0.003670	0.002752	0.011927	0.030275	0.007339	0.003670	0.016514	0.002752	0.004587	0.003670	0.007339	0.011927	0.004587	0.005505	0.002752	0.001835	0.005505	0.003670	0.011927	0.061468	0.029358	0.020183	0.060550	0.026606	0.006422	0.006422	0.009174	0.044037	0.022018	0.017431	0.020183	0.016514	0.015596	0.004587	0.048624	
0.078899	0.017431	0.019266	0.040367	0.032110	0.004587	0.007339	0.031193	0.024771	0.003670	0.001835	0.014679	0.038532	0.022936	0.019266	0.057798	0.034862	0.006422	0.007339	0.015596	0.008257	0.000917	0.001835	0.010092	0.003670	0.003670	0.002752	0.011009	0.017431	0.004587	0.007339	0.012844	0.042202	0.009174	0.011009	0.043119	0.024771	0.005505	0.006422	0.013761	0.011009	0.004587	0.006422	0.028440	0.015596	0.011009	0.006422	0.022018	0.000917	0.006422	0.000917	0.035780	0.021101	0.000917	0.005505	0.014679	0.000917	0.000917	0.010092	0.005505	0.057798	0.011927	0.017431	0.043119	
