>NC_005362
0.063745	0.016932	0.039841	0.049801	0.016932	0.004980	0.009960	0.017928	0.027888	0.010956	0.013944	0.013944	0.047809	0.010956	0.020916	0.041833	0.012948	0.006972	0.009960	0.011952	0.008964	0.002988	0.005976	0.001992	0.005976	0.003984	0.002988	0.006972	0.016932	0.004980	0.006972	0.014940	0.027888	0.008964	0.009960	0.017928	0.009960	0.002988	0.005976	0.016932	0.007968	0.002988	0.005976	0.009960	0.015936	0.010956	0.006972	0.012948	0.056773	0.010956	0.026892	0.044821	0.017928	0.003984	0.004980	0.008964	0.025896	0.007968	0.010956	0.019920	0.046813	0.010956	0.018924	0.038845	
0.078685	0.012948	0.022908	0.046813	0.012948	0.009960	0.005976	0.014940	0.036853	0.013944	0.005976	0.029880	0.037849	0.013944	0.013944	0.058765	0.018924	0.008964	0.008964	0.016932	0.007968	0.002988	0.001992	0.001992	0.004980	0.008964	0.004980	0.007968	0.012948	0.004980	0.007968	0.019920	0.022908	0.002988	0.016932	0.024900	0.006972	0.001992	0.006972	0.009960	0.009960	0.005976	0.002988	0.014940	0.016932	0.007968	0.005976	0.019920	0.055777	0.018924	0.018924	0.033865	0.007968	0.007968	0.007968	0.013944	0.023904	0.005976	0.008964	0.014940	0.037849	0.005976	0.012948	0.051793	
0.077689	0.011952	0.028884	0.057769	0.021912	0.006972	0.004980	0.009960	0.027888	0.004980	0.010956	0.023904	0.049801	0.011952	0.023904	0.036853	0.019920	0.002988	0.005976	0.006972	0.009960	0.002988	0.004980	0.004980	0.004980	0.003984	0.004980	0.008964	0.016932	0.003984	0.007968	0.011952	0.034861	0.010956	0.009960	0.019920	0.007968	0.003984	0.005976	0.016932	0.009960	0.004980	0.001992	0.005976	0.023904	0.005976	0.007968	0.029880	0.037849	0.019920	0.015936	0.031873	0.011952	0.003984	0.004980	0.011952	0.019920	0.002988	0.005976	0.011952	0.053785	0.017928	0.024900	0.053785	
0.063745	0.015936	0.029880	0.060757	0.013944	0.007968	0.005976	0.017928	0.026892	0.012948	0.005976	0.014940	0.046813	0.006972	0.012948	0.049801	0.020916	0.006972	0.008964	0.014940	0.005976	0.002988	0.003984	0.004980	0.005976	0.002988	0.002988	0.008964	0.017928	0.002988	0.007968	0.014940	0.027888	0.005976	0.008964	0.019920	0.004980	0.000996	0.003984	0.006972	0.009960	0.004980	0.001992	0.006972	0.017928	0.003984	0.008964	0.019920	0.068725	0.012948	0.027888	0.034861	0.018924	0.004980	0.001992	0.013944	0.031873	0.007968	0.009960	0.014940	0.042829	0.017928	0.019920	0.051793	
0.069721	0.013944	0.038845	0.058765	0.020916	0.003984	0.006972	0.009960	0.031873	0.009960	0.003984	0.029880	0.057769	0.008964	0.018924	0.044821	0.020916	0.003984	0.003984	0.014940	0.005976	0.000996	0.000996	0.008964	0.007968	0.001992	0.003984	0.001992	0.018924	0.001992	0.004980	0.017928	0.038845	0.006972	0.008964	0.019920	0.007968	0.004980	0.003984	0.011952	0.007968	0.001992	0.001992	0.008964	0.019920	0.002988	0.005976	0.016932	0.043825	0.015936	0.022908	0.042829	0.006972	0.003984	0.007968	0.012948	0.019920	0.009960	0.008964	0.010956	0.057769	0.008964	0.013944	0.055777	
0.063745	0.011952	0.035857	0.061753	0.012948	0.007968	0.003984	0.015936	0.036853	0.008964	0.010956	0.017928	0.047809	0.015936	0.015936	0.056773	0.019920	0.005976	0.009960	0.005976	0.004980	0.002988	0.001992	0.003984	0.003984	0.003984	0.001992	0.009960	0.017928	0.004980	0.009960	0.010956	0.025896	0.005976	0.014940	0.020916	0.005976	0.001992	0.005976	0.009960	0.008964	0.002988	0.002988	0.003984	0.021912	0.005976	0.005976	0.017928	0.068725	0.012948	0.022908	0.049801	0.008964	0.001992	0.006972	0.004980	0.014940	0.003984	0.010956	0.013944	0.046813	0.014940	0.024900	0.048805	
0.082669	0.016932	0.026892	0.051793	0.016932	0.001992	0.005976	0.011952	0.030876	0.008964	0.014940	0.028884	0.050797	0.008964	0.020916	0.057769	0.012948	0.003984	0.006972	0.008964	0.008964	0.000996	0.002988	0.001992	0.008964	0.003984	0.002988	0.002988	0.009960	0.006972	0.006972	0.010956	0.028884	0.010956	0.008964	0.015936	0.007968	0.002988	0.002988	0.005976	0.008964	0.005976	0.008964	0.002988	0.013944	0.005976	0.006972	0.018924	0.059761	0.006972	0.034861	0.032869	0.013944	0.004980	0.010956	0.011952	0.022908	0.005976	0.011952	0.015936	0.046813	0.005976	0.016932	0.064741	
0.079681	0.014940	0.033865	0.055777	0.014940	0.000996	0.008964	0.013944	0.031873	0.011952	0.002988	0.030876	0.042829	0.006972	0.012948	0.046813	0.021912	0.003984	0.007968	0.013944	0.001992	0.000996	0.000996	0.006972	0.006972	0.001992	0.005976	0.007968	0.009960	0.003984	0.002988	0.014940	0.035857	0.003984	0.011952	0.019920	0.008964	0.001992	0.001992	0.011952	0.014940	0.010956	0.003984	0.008964	0.022908	0.005976	0.003984	0.017928	0.053785	0.013944	0.020916	0.032869	0.010956	0.005976	0.001992	0.008964	0.019920	0.009960	0.009960	0.011952	0.039841	0.017928	0.016932	0.077689	
0.073705	0.016932	0.036853	0.063745	0.012948	0.002988	0.007968	0.012948	0.039841	0.004980	0.008964	0.020916	0.045817	0.012948	0.018924	0.044821	0.016932	0.004980	0.004980	0.009960	0.004980	0.000996	0.000996	0.002988	0.002988	0.002988	0.001992	0.005976	0.016932	0.003984	0.005976	0.014940	0.041833	0.005976	0.006972	0.018924	0.015936	0.004980	0.002988	0.010956	0.009960	0.002988	0.003984	0.005976	0.021912	0.003984	0.011952	0.021912	0.055777	0.010956	0.010956	0.037849	0.013944	0.003984	0.002988	0.013944	0.012948	0.005976	0.004980	0.012948	0.061753	0.008964	0.026892	0.059761	
0.080677	0.012948	0.035857	0.058765	0.022908	0.002988	0.005976	0.006972	0.028884	0.010956	0.008964	0.010956	0.046813	0.005976	0.014940	0.062749	0.016932	0.007968	0.008964	0.013944	0.004980	0.000996	0.002988	0.003984	0.006972	0.002988	0.002988	0.001992	0.018924	0.003984	0.004980	0.012948	0.034861	0.003984	0.013944	0.012948	0.005976	0.002988	0.002988	0.004980	0.007968	0.001992	0.002988	0.006972	0.021912	0.003984	0.004980	0.014940	0.070717	0.008964	0.030876	0.035857	0.013944	0.003984	0.003984	0.007968	0.032869	0.005976	0.010956	0.013944	0.056773	0.010956	0.016932	0.056773	
0.088645	0.014940	0.045817	0.053785	0.014940	0.001992	0.005976	0.010956	0.049801	0.006972	0.008964	0.023904	0.040837	0.011952	0.009960	0.058765	0.022908	0.006972	0.003984	0.013944	0.002988	0.001992	0.000996	0.004980	0.003984	0.001992	0.002988	0.006972	0.006972	0.003984	0.000996	0.011952	0.035857	0.007968	0.011952	0.020916	0.008964	0.000996	0.004980	0.006972	0.012948	0.002988	0.003984	0.005976	0.010956	0.003984	0.002988	0.015936	0.057769	0.008964	0.026892	0.050797	0.009960	0.002988	0.003984	0.007968	0.017928	0.005976	0.004980	0.012948	0.059761	0.003984	0.019920	0.063745	
0.096614	0.018924	0.052789	0.036853	0.017928	0.003984	0.009960	0.006972	0.042829	0.011952	0.014940	0.018924	0.050797	0.012948	0.027888	0.047809	0.016932	0.001992	0.007968	0.009960	0.001992	0.000996	0.001992	0.002988	0.006972	0.000996	0.002988	0.004980	0.010956	0.000996	0.001992	0.016932	0.042829	0.006972	0.015936	0.018924	0.005976	0.002988	0.001992	0.006972	0.007968	0.003984	0.002988	0.005976	0.018924	0.001992	0.011952	0.016932	0.039841	0.017928	0.022908	0.037849	0.012948	0.003984	0.002988	0.003984	0.012948	0.004980	0.005976	0.009960	0.058765	0.007968	0.021912	0.061753	
0.090637	0.012948	0.041833	0.050797	0.022908	0.001992	0.004980	0.015936	0.049801	0.005976	0.024900	0.018924	0.040837	0.007968	0.018924	0.035857	0.017928	0.002988	0.009960	0.007968	0.004980	0.000996	0.001992	0.003984	0.011952	0.001992	0.001992	0.000996	0.009960	0.001992	0.002988	0.005976	0.041833	0.004980	0.010956	0.012948	0.011952	0.000996	0.003984	0.004980	0.017928	0.000996	0.002988	0.004980	0.016932	0.002988	0.006972	0.012948	0.057769	0.007968	0.044821	0.028884	0.011952	0.001992	0.000996	0.008964	0.030876	0.005976	0.011952	0.014940	0.037849	0.007968	0.020916	0.076693	
0.088645	0.012948	0.071713	0.034861	0.007968	0.001992	0.009960	0.008964	0.062749	0.003984	0.025896	0.014940	0.029880	0.002988	0.011952	0.055777	0.022908	0.003984	0.007968	0.016932	0.001992	0.000996	0.000996	0.001992	0.005976	0.001992	0.001992	0.001992	0.011952	0.002988	0.008964	0.009960	0.062749	0.006972	0.024900	0.015936	0.005976	0.001992	0.000996	0.005976	0.021912	0.002988	0.007968	0.008964	0.013944	0.004980	0.008964	0.011952	0.050797	0.005976	0.027888	0.020916	0.008964	0.001992	0.004980	0.004980	0.020916	0.003984	0.013944	0.010956	0.043825	0.015936	0.024900	0.046813	
0.106574	0.007968	0.081673	0.028884	0.012948	0.001992	0.007968	0.006972	0.055777	0.007968	0.053785	0.014940	0.044821	0.007968	0.018924	0.016932	0.008964	0.002988	0.007968	0.004980	0.002988	0.000996	0.001992	0.000996	0.005976	0.001992	0.007968	0.000996	0.005976	0.001992	0.007968	0.005976	0.059761	0.005976	0.025896	0.019920	0.004980	0.000996	0.001992	0.004980	0.032869	0.002988	0.009960	0.003984	0.014940	0.002988	0.007968	0.010956	0.045817	0.005976	0.030876	0.016932	0.007968	0.001992	0.006972	0.009960	0.020916	0.004980	0.016932	0.011952	0.055777	0.006972	0.017928	0.043825	
0.079681	0.007968	0.100598	0.032869	0.006972	0.000996	0.008964	0.005976	0.053785	0.007968	0.064741	0.019920	0.021912	0.004980	0.014940	0.028884	0.010956	0.001992	0.009960	0.005976	0.002988	0.000996	0.000996	0.000996	0.007968	0.001992	0.004980	0.003984	0.008964	0.000996	0.004980	0.007968	0.052789	0.001992	0.044821	0.015936	0.002988	0.003984	0.005976	0.004980	0.051793	0.004980	0.023904	0.007968	0.010956	0.002988	0.006972	0.010956	0.046813	0.008964	0.048805	0.016932	0.007968	0.000996	0.005976	0.004980	0.018924	0.004980	0.018924	0.009960	0.028884	0.004980	0.015936	0.027888	
0.078685	0.007968	0.089641	0.013944	0.006972	0.001992	0.010956	0.000996	0.052789	0.003984	0.117530	0.029880	0.028884	0.003984	0.025896	0.012948	0.008964	0.001992	0.004980	0.004980	0.001992	0.001992	0.000996	0.001992	0.010956	0.001992	0.006972	0.001992	0.004980	0.002988	0.003984	0.004980	0.041833	0.001992	0.073705	0.014940	0.004980	0.000996	0.005976	0.007968	0.064741	0.001992	0.030876	0.014940	0.017928	0.002988	0.007968	0.012948	0.020916	0.004980	0.030876	0.013944	0.004980	0.002988	0.003984	0.001992	0.015936	0.003984	0.018924	0.003984	0.018924	0.004980	0.023904	0.027888	
0.048805	0.004980	0.089641	0.006972	0.004980	0.001992	0.008964	0.000996	0.039841	0.009960	0.131474	0.017928	0.010956	0.002988	0.014940	0.018924	0.005976	0.002988	0.006972	0.002988	0.002988	0.000996	0.001992	0.001992	0.007968	0.001992	0.007968	0.003984	0.003984	0.000996	0.005976	0.001992	0.040837	0.004980	0.080677	0.017928	0.005976	0.000996	0.002988	0.001992	0.110558	0.005976	0.040837	0.016932	0.021912	0.001992	0.013944	0.012948	0.022908	0.002988	0.029880	0.014940	0.005976	0.000996	0.003984	0.003984	0.019920	0.001992	0.034861	0.004980	0.017928	0.006972	0.017928	0.015936	
0.032869	0.002988	0.066733	0.015936	0.004980	0.002988	0.004980	0.002988	0.050797	0.005976	0.139442	0.010956	0.015936	0.002988	0.011952	0.011952	0.005976	0.000996	0.008964	0.003984	0.001992	0.000996	0.000996	0.000996	0.007968	0.001992	0.005976	0.001992	0.002988	0.000996	0.003984	0.000996	0.045817	0.009960	0.107570	0.014940	0.009960	0.000996	0.003984	0.004980	0.138446	0.009960	0.034861	0.031873	0.010956	0.003984	0.017928	0.010956	0.017928	0.002988	0.030876	0.002988	0.004980	0.000996	0.002988	0.003984	0.023904	0.002988	0.019920	0.005976	0.014940	0.001992	0.021912	0.010956	
0.031873	0.002988	0.052789	0.014940	0.002988	0.001992	0.003984	0.007968	0.036853	0.006972	0.149402	0.020916	0.010956	0.001992	0.012948	0.011952	0.008964	0.002988	0.008964	0.000996	0.000996	0.000996	0.001992	0.001992	0.004980	0.000996	0.002988	0.003984	0.002988	0.000996	0.003984	0.004980	0.047809	0.011952	0.134462	0.026892	0.006972	0.003984	0.003984	0.005976	0.105578	0.006972	0.046813	0.040837	0.016932	0.000996	0.020916	0.011952	0.014940	0.003984	0.018924	0.006972	0.003984	0.000996	0.001992	0.002988	0.007968	0.003984	0.032869	0.010956	0.011952	0.001992	0.007968	0.012948	
0.030876	0.009960	0.042829	0.019920	0.008964	0.002988	0.005976	0.003984	0.056773	0.006972	0.119522	0.031873	0.020916	0.003984	0.010956	0.013944	0.007968	0.001992	0.002988	0.001992	0.002988	0.000996	0.000996	0.002988	0.001992	0.001992	0.004980	0.002988	0.009960	0.001992	0.003984	0.002988	0.049801	0.008964	0.067729	0.028884	0.006972	0.001992	0.003984	0.005976	0.098606	0.012948	0.050797	0.069721	0.019920	0.002988	0.040837	0.012948	0.007968	0.006972	0.016932	0.010956	0.000996	0.001992	0.001992	0.000996	0.023904	0.003984	0.011952	0.005976	0.007968	0.002988	0.015936	0.014940	
0.027888	0.004980	0.031873	0.031873	0.008964	0.002988	0.005976	0.009960	0.055777	0.004980	0.052789	0.016932	0.023904	0.006972	0.009960	0.020916	0.005976	0.001992	0.004980	0.006972	0.003984	0.000996	0.000996	0.001992	0.002988	0.000996	0.005976	0.002988	0.004980	0.001992	0.003984	0.002988	0.057769	0.019920	0.068725	0.034861	0.011952	0.000996	0.006972	0.005976	0.087649	0.024900	0.031873	0.042829	0.033865	0.006972	0.048805	0.020916	0.026892	0.003984	0.014940	0.012948	0.005976	0.000996	0.000996	0.003984	0.044821	0.004980	0.010956	0.010956	0.021912	0.000996	0.007968	0.013944	
0.047809	0.010956	0.018924	0.040837	0.013944	0.001992	0.004980	0.009960	0.051793	0.007968	0.043825	0.016932	0.024900	0.006972	0.020916	0.033865	0.008964	0.005976	0.008964	0.006972	0.000996	0.000996	0.002988	0.000996	0.006972	0.000996	0.002988	0.003984	0.010956	0.002988	0.001992	0.005976	0.098606	0.014940	0.032869	0.044821	0.018924	0.003984	0.008964	0.003984	0.057769	0.009960	0.013944	0.019920	0.012948	0.004980	0.026892	0.028884	0.038845	0.005976	0.018924	0.020916	0.006972	0.001992	0.002988	0.004980	0.045817	0.001992	0.010956	0.011952	0.018924	0.001992	0.005976	0.031873	
0.088645	0.017928	0.037849	0.049801	0.013944	0.004980	0.002988	0.015936	0.034861	0.009960	0.011952	0.022908	0.049801	0.008964	0.013944	0.040837	0.014940	0.003984	0.006972	0.014940	0.001992	0.001992	0.000996	0.003984	0.008964	0.001992	0.001992	0.006972	0.007968	0.000996	0.004980	0.005976	0.068725	0.016932	0.026892	0.049801	0.009960	0.002988	0.002988	0.004980	0.029880	0.007968	0.005976	0.027888	0.017928	0.000996	0.009960	0.023904	0.026892	0.006972	0.013944	0.019920	0.004980	0.004980	0.001992	0.004980	0.030876	0.005976	0.009960	0.008964	0.035857	0.007968	0.008964	0.047809	
0.110558	0.013944	0.028884	0.045817	0.014940	0.002988	0.007968	0.019920	0.043825	0.007968	0.010956	0.022908	0.073705	0.008964	0.006972	0.044821	0.012948	0.006972	0.004980	0.005976	0.002988	0.001992	0.005976	0.003984	0.001992	0.000996	0.003984	0.001992	0.012948	0.000996	0.002988	0.012948	0.049801	0.010956	0.016932	0.026892	0.009960	0.002988	0.005976	0.006972	0.009960	0.006972	0.004980	0.007968	0.033865	0.006972	0.005976	0.019920	0.061753	0.009960	0.017928	0.021912	0.006972	0.003984	0.002988	0.004980	0.018924	0.005976	0.007968	0.004980	0.035857	0.008964	0.008964	0.064741	
0.142430	0.016932	0.030876	0.044821	0.022908	0.003984	0.006972	0.007968	0.034861	0.009960	0.008964	0.014940	0.049801	0.009960	0.011952	0.028884	0.020916	0.002988	0.002988	0.007968	0.003984	0.001992	0.000996	0.004980	0.008964	0.003984	0.002988	0.006972	0.020916	0.001992	0.006972	0.005976	0.037849	0.008964	0.011952	0.015936	0.009960	0.001992	0.003984	0.005976	0.008964	0.006972	0.004980	0.006972	0.018924	0.004980	0.002988	0.010956	0.091633	0.015936	0.018924	0.029880	0.011952	0.002988	0.000996	0.009960	0.014940	0.003984	0.003984	0.001992	0.053785	0.012948	0.012948	0.062749	
0.113546	0.027888	0.034861	0.116534	0.007968	0.007968	0.002988	0.025896	0.025896	0.012948	0.007968	0.017928	0.032869	0.010956	0.004980	0.049801	0.027888	0.006972	0.002988	0.010956	0.003984	0.003984	0.001992	0.000996	0.001992	0.002988	0.001992	0.005976	0.007968	0.006972	0.003984	0.009960	0.025896	0.011952	0.007968	0.021912	0.008964	0.002988	0.000996	0.011952	0.007968	0.003984	0.004980	0.003984	0.008964	0.003984	0.004980	0.012948	0.067729	0.012948	0.012948	0.049801	0.012948	0.002988	0.001992	0.011952	0.009960	0.005976	0.004980	0.013944	0.033865	0.012948	0.014940	0.046813	
0.139442	0.011952	0.036853	0.046813	0.017928	0.008964	0.006972	0.025896	0.025896	0.006972	0.005976	0.019920	0.068725	0.018924	0.007968	0.103586	0.010956	0.009960	0.006972	0.005976	0.007968	0.001992	0.003984	0.003984	0.003984	0.000996	0.000996	0.001992	0.021912	0.006972	0.006972	0.014940	0.020916	0.004980	0.006972	0.012948	0.008964	0.002988	0.001992	0.011952	0.005976	0.004980	0.006972	0.001992	0.018924	0.004980	0.005976	0.011952	0.042829	0.006972	0.015936	0.017928	0.012948	0.002988	0.005976	0.012948	0.010956	0.004980	0.008964	0.003984	0.056773	0.010956	0.006972	0.044821	
0.174303	0.000996	0.024900	0.013944	0.025896	0.000996	0.003984	0.002988	0.050797	0.000996	0.007968	0.006972	0.065737	0.000996	0.004980	0.011952	0.039841	0.000996	0.003984	0.002988	0.008964	0.000996	0.004980	0.001992	0.013944	0.000996	0.000996	0.002988	0.043825	0.000996	0.004980	0.004980	0.034861	0.000996	0.006972	0.003984	0.011952	0.000996	0.003984	0.000996	0.015936	0.000996	0.000996	0.004980	0.016932	0.000996	0.003984	0.005976	0.148406	0.000996	0.011952	0.004980	0.037849	0.000996	0.001992	0.000996	0.023904	0.000996	0.001992	0.000996	0.146414	0.000996	0.009960	0.017928	
0.000996	0.000996	0.000996	0.394422	0.000996	0.000996	0.000996	0.000996	0.000996	0.000996	0.000996	0.044821	0.000996	0.000996	0.000996	0.022908	0.000996	0.000996	0.000996	0.081673	0.000996	0.000996	0.000996	0.000996	0.000996	0.000996	0.000996	0.011952	0.000996	0.000996	0.000996	0.003984	0.000996	0.000996	0.000996	0.101594	0.000996	0.000996	0.000996	0.000996	0.000996	0.000996	0.000996	0.008964	0.000996	0.000996	0.000996	0.012948	0.000996	0.000996	0.000996	0.269920	0.000996	0.000996	0.000996	0.000996	0.000996	0.000996	0.000996	0.020916	0.000996	0.000996	0.000996	0.037849	
0.000996	0.000996	0.000996	0.000996	0.000996	0.000996	0.000996	0.000996	0.000996	0.000996	0.000996	0.000996	0.000996	0.000996	0.844622	0.000996	0.000996	0.000996	0.000996	0.000996	0.000996	0.000996	0.000996	0.000996	0.000996	0.000996	0.000996	0.000996	0.000996	0.000996	0.000996	0.000996	0.000996	0.000996	0.000996	0.000996	0.000996	0.000996	0.000996	0.000996	0.000996	0.000996	0.000996	0.000996	0.000996	0.000996	0.083665	0.000996	0.000996	0.000996	0.000996	0.000996	0.000996	0.000996	0.000996	0.000996	0.000996	0.000996	0.000996	0.000996	0.000996	0.000996	0.074701	0.000996	
0.000996	0.000996	0.000996	0.000996	0.000996	0.000996	0.000996	0.000996	0.000996	0.000996	0.000996	0.000996	0.000996	0.000996	0.000996	0.000996	0.000996	0.000996	0.000996	0.000996	0.000996	0.000996	0.000996	0.000996	0.000996	0.000996	0.000996	0.000996	0.000996	0.000996	0.000996	0.000996	0.000996	0.000996	0.000996	0.000996	0.000996	0.000996	0.000996	0.000996	0.000996	0.000996	0.000996	0.000996	0.000996	0.000996	0.000996	0.000996	0.000996	0.000996	0.000996	0.000996	0.000996	0.000996	0.000996	0.000996	0.519920	0.102590	0.268924	0.112550	0.000996	0.000996	0.000996	0.000996	
0.000996	0.000996	0.000996	0.000996	0.000996	0.000996	0.000996	0.000996	0.000996	0.000996	0.000996	0.000996	0.000996	0.000996	0.000996	0.000996	0.000996	0.000996	0.000996	0.000996	0.000996	0.000996	0.000996	0.000996	0.000996	0.000996	0.000996	0.000996	0.000996	0.000996	0.000996	0.000996	0.305777	0.083665	0.058765	0.074701	0.039841	0.019920	0.017928	0.027888	0.099602	0.112550	0.020916	0.038845	0.016932	0.045817	0.003984	0.048805	0.000996	0.000996	0.000996	0.000996	0.000996	0.000996	0.000996	0.000996	0.000996	0.000996	0.000996	0.000996	0.000996	0.000996	0.000996	0.000996	
0.183267	0.013944	0.051793	0.059761	0.046813	0.006972	0.002988	0.029880	0.026892	0.007968	0.002988	0.023904	0.013944	0.011952	0.014940	0.036853	0.028884	0.001992	0.005976	0.005976	0.010956	0.000996	0.001992	0.008964	0.005976	0.003984	0.001992	0.008964	0.013944	0.001992	0.002988	0.011952	0.039841	0.010956	0.003984	0.047809	0.065737	0.001992	0.002988	0.044821	0.010956	0.001992	0.002988	0.007968	0.016932	0.004980	0.002988	0.016932	0.000996	0.004980	0.000996	0.012948	0.019920	0.005976	0.003984	0.018924	0.000996	0.000996	0.000996	0.003984	0.024900	0.002988	0.004980	0.018924	
0.136454	0.019920	0.051793	0.044821	0.005976	0.002988	0.007968	0.014940	0.029880	0.004980	0.013944	0.013944	0.065737	0.013944	0.021912	0.024900	0.071713	0.015936	0.042829	0.012948	0.006972	0.000996	0.003984	0.003984	0.005976	0.000996	0.001992	0.002988	0.053785	0.009960	0.022908	0.015936	0.019920	0.005976	0.009960	0.008964	0.005976	0.002988	0.004980	0.000996	0.001992	0.001992	0.001992	0.002988	0.027888	0.004980	0.004980	0.006972	0.030876	0.006972	0.015936	0.015936	0.009960	0.001992	0.004980	0.004980	0.018924	0.000996	0.003984	0.001992	0.028884	0.006972	0.023904	0.024900	
0.164343	0.034861	0.020916	0.038845	0.028884	0.004980	0.005976	0.008964	0.061753	0.007968	0.013944	0.036853	0.019920	0.018924	0.003984	0.039841	0.011952	0.001992	0.003984	0.010956	0.002988	0.001992	0.002988	0.000996	0.007968	0.005976	0.001992	0.005976	0.003984	0.013944	0.000996	0.005976	0.033865	0.003984	0.005976	0.012948	0.001992	0.000996	0.002988	0.002988	0.006972	0.002988	0.003984	0.007968	0.004980	0.002988	0.000996	0.012948	0.116534	0.023904	0.013944	0.021912	0.016932	0.007968	0.002988	0.007968	0.045817	0.010956	0.006972	0.009960	0.017928	0.015936	0.001992	0.036853	
0.175299	0.023904	0.057769	0.069721	0.028884	0.000996	0.005976	0.028884	0.027888	0.005976	0.001992	0.008964	0.021912	0.012948	0.013944	0.035857	0.029880	0.004980	0.004980	0.010956	0.007968	0.000996	0.001992	0.004980	0.003984	0.001992	0.001992	0.006972	0.007968	0.001992	0.002988	0.007968	0.066733	0.006972	0.006972	0.041833	0.015936	0.001992	0.002988	0.006972	0.015936	0.001992	0.000996	0.007968	0.018924	0.007968	0.003984	0.029880	0.000996	0.008964	0.000996	0.035857	0.017928	0.001992	0.007968	0.023904	0.000996	0.000996	0.004980	0.000996	0.045817	0.007968	0.004980	0.036853	
0.113546	0.035857	0.068725	0.054781	0.020916	0.004980	0.011952	0.006972	0.044821	0.006972	0.005976	0.012948	0.076693	0.019920	0.025896	0.035857	0.029880	0.014940	0.012948	0.012948	0.001992	0.001992	0.000996	0.000996	0.006972	0.002988	0.005976	0.002988	0.025896	0.003984	0.005976	0.028884	0.023904	0.007968	0.008964	0.007968	0.004980	0.001992	0.001992	0.001992	0.004980	0.000996	0.000996	0.002988	0.010956	0.003984	0.005976	0.003984	0.042829	0.012948	0.017928	0.020916	0.009960	0.002988	0.013944	0.003984	0.014940	0.003984	0.002988	0.003984	0.052789	0.005976	0.021912	0.029880	
0.100598	0.027888	0.022908	0.058765	0.030876	0.014940	0.009960	0.015936	0.050797	0.014940	0.016932	0.025896	0.017928	0.014940	0.003984	0.059761	0.021912	0.002988	0.002988	0.009960	0.002988	0.003984	0.002988	0.001992	0.010956	0.003984	0.004980	0.008964	0.002988	0.000996	0.001992	0.007968	0.038845	0.006972	0.005976	0.019920	0.005976	0.003984	0.001992	0.002988	0.003984	0.004980	0.003984	0.002988	0.002988	0.003984	0.001992	0.013944	0.080677	0.023904	0.015936	0.045817	0.015936	0.009960	0.003984	0.003984	0.023904	0.008964	0.009960	0.016932	0.011952	0.014940	0.007968	0.063745	
0.125498	0.006972	0.049801	0.059761	0.026892	0.004980	0.003984	0.025896	0.025896	0.002988	0.001992	0.016932	0.035857	0.010956	0.018924	0.068725	0.033865	0.005976	0.004980	0.010956	0.020916	0.001992	0.001992	0.007968	0.006972	0.002988	0.001992	0.006972	0.007968	0.004980	0.003984	0.007968	0.050797	0.005976	0.004980	0.027888	0.019920	0.004980	0.003984	0.003984	0.014940	0.005976	0.005976	0.008964	0.018924	0.002988	0.005976	0.026892	0.000996	0.006972	0.000996	0.026892	0.022908	0.000996	0.001992	0.008964	0.000996	0.000996	0.011952	0.001992	0.073705	0.004980	0.011952	0.054781	
0.088645	0.033865	0.060757	0.027888	0.011952	0.003984	0.007968	0.001992	0.031873	0.010956	0.007968	0.009960	0.059761	0.012948	0.030876	0.021912	0.051793	0.009960	0.017928	0.010956	0.002988	0.001992	0.001992	0.005976	0.005976	0.003984	0.000996	0.000996	0.016932	0.002988	0.016932	0.009960	0.017928	0.010956	0.012948	0.006972	0.001992	0.000996	0.007968	0.001992	0.006972	0.004980	0.003984	0.005976	0.013944	0.003984	0.008964	0.007968	0.058765	0.010956	0.041833	0.024900	0.007968	0.000996	0.005976	0.008964	0.015936	0.008964	0.007968	0.007968	0.057769	0.011952	0.045817	0.042829	
0.101594	0.026892	0.021912	0.066733	0.025896	0.011952	0.008964	0.018924	0.078685	0.012948	0.009960	0.031873	0.016932	0.011952	0.003984	0.037849	0.009960	0.000996	0.006972	0.006972	0.003984	0.001992	0.000996	0.000996	0.008964	0.004980	0.001992	0.007968	0.005976	0.003984	0.000996	0.007968	0.029880	0.008964	0.005976	0.015936	0.009960	0.007968	0.002988	0.007968	0.008964	0.003984	0.003984	0.003984	0.003984	0.002988	0.002988	0.014940	0.074701	0.023904	0.013944	0.035857	0.012948	0.004980	0.002988	0.010956	0.047809	0.011952	0.018924	0.023904	0.015936	0.011952	0.007968	0.046813	
0.103586	0.016932	0.029880	0.065737	0.021912	0.007968	0.002988	0.027888	0.016932	0.004980	0.005976	0.020916	0.018924	0.011952	0.011952	0.082669	0.028884	0.003984	0.006972	0.012948	0.013944	0.003984	0.002988	0.005976	0.006972	0.000996	0.000996	0.006972	0.012948	0.007968	0.001992	0.015936	0.071713	0.011952	0.012948	0.047809	0.016932	0.000996	0.005976	0.009960	0.013944	0.001992	0.001992	0.016932	0.022908	0.004980	0.004980	0.034861	0.000996	0.007968	0.000996	0.032869	0.017928	0.000996	0.003984	0.007968	0.000996	0.000996	0.007968	0.005976	0.042829	0.010956	0.014940	0.038845	
0.093625	0.025896	0.040837	0.044821	0.015936	0.004980	0.010956	0.008964	0.023904	0.008964	0.008964	0.008964	0.061753	0.021912	0.039841	0.035857	0.034861	0.012948	0.014940	0.007968	0.003984	0.003984	0.002988	0.002988	0.004980	0.002988	0.002988	0.004980	0.023904	0.005976	0.013944	0.007968	0.016932	0.006972	0.008964	0.005976	0.003984	0.000996	0.001992	0.001992	0.007968	0.000996	0.005976	0.001992	0.016932	0.004980	0.008964	0.019920	0.043825	0.011952	0.024900	0.016932	0.013944	0.004980	0.007968	0.008964	0.019920	0.002988	0.008964	0.001992	0.074701	0.017928	0.037849	0.041833	
0.073705	0.033865	0.021912	0.059761	0.019920	0.011952	0.010956	0.014940	0.029880	0.019920	0.011952	0.027888	0.014940	0.008964	0.006972	0.044821	0.015936	0.006972	0.004980	0.009960	0.005976	0.002988	0.002988	0.002988	0.014940	0.000996	0.002988	0.004980	0.003984	0.005976	0.000996	0.011952	0.026892	0.003984	0.006972	0.018924	0.004980	0.003984	0.001992	0.004980	0.013944	0.005976	0.002988	0.003984	0.004980	0.003984	0.000996	0.007968	0.092629	0.019920	0.014940	0.049801	0.025896	0.006972	0.005976	0.011952	0.037849	0.016932	0.015936	0.029880	0.010956	0.011952	0.010956	0.071713	
0.111554	0.018924	0.033865	0.044821	0.023904	0.009960	0.003984	0.026892	0.014940	0.004980	0.004980	0.023904	0.023904	0.017928	0.015936	0.080677	0.035857	0.003984	0.004980	0.011952	0.008964	0.002988	0.003984	0.009960	0.006972	0.002988	0.000996	0.010956	0.011952	0.000996	0.002988	0.018924	0.044821	0.005976	0.007968	0.037849	0.019920	0.006972	0.003984	0.012948	0.017928	0.002988	0.001992	0.010956	0.024900	0.005976	0.004980	0.030876	0.000996	0.004980	0.000996	0.027888	0.006972	0.002988	0.003984	0.016932	0.000996	0.003984	0.011952	0.002988	0.072709	0.004980	0.012948	0.045817	
0.086653	0.020916	0.039841	0.045817	0.010956	0.003984	0.005976	0.012948	0.022908	0.007968	0.012948	0.003984	0.045817	0.021912	0.024900	0.029880	0.023904	0.007968	0.017928	0.009960	0.006972	0.003984	0.005976	0.005976	0.003984	0.006972	0.000996	0.003984	0.025896	0.009960	0.021912	0.008964	0.019920	0.003984	0.004980	0.011952	0.002988	0.003984	0.002988	0.004980	0.006972	0.001992	0.004980	0.005976	0.008964	0.002988	0.019920	0.016932	0.062749	0.013944	0.038845	0.017928	0.009960	0.001992	0.007968	0.009960	0.011952	0.009960	0.007968	0.006972	0.058765	0.021912	0.050797	0.044821	
0.088645	0.025896	0.024900	0.053785	0.011952	0.007968	0.006972	0.019920	0.044821	0.015936	0.013944	0.026892	0.018924	0.010956	0.004980	0.050797	0.014940	0.002988	0.006972	0.005976	0.005976	0.001992	0.003984	0.001992	0.005976	0.004980	0.006972	0.004980	0.007968	0.002988	0.001992	0.020916	0.021912	0.006972	0.007968	0.008964	0.012948	0.003984	0.000996	0.008964	0.008964	0.002988	0.005976	0.008964	0.003984	0.004980	0.001992	0.009960	0.052789	0.021912	0.018924	0.045817	0.022908	0.009960	0.011952	0.011952	0.051793	0.023904	0.014940	0.026892	0.021912	0.014940	0.002988	0.060757	
0.091633	0.021912	0.025896	0.038845	0.019920	0.009960	0.006972	0.020916	0.026892	0.007968	0.001992	0.021912	0.018924	0.015936	0.013944	0.065737	0.029880	0.006972	0.006972	0.009960	0.008964	0.001992	0.006972	0.005976	0.004980	0.005976	0.001992	0.010956	0.017928	0.002988	0.001992	0.019920	0.054781	0.008964	0.014940	0.032869	0.021912	0.007968	0.003984	0.013944	0.017928	0.007968	0.003984	0.011952	0.020916	0.010956	0.004980	0.030876	0.000996	0.017928	0.000996	0.032869	0.010956	0.002988	0.003984	0.015936	0.000996	0.001992	0.004980	0.003984	0.065737	0.006972	0.015936	0.053785	
0.061753	0.021912	0.050797	0.042829	0.016932	0.008964	0.013944	0.015936	0.023904	0.008964	0.006972	0.008964	0.055777	0.016932	0.015936	0.025896	0.022908	0.010956	0.012948	0.014940	0.006972	0.005976	0.006972	0.002988	0.007968	0.003984	0.005976	0.003984	0.023904	0.009960	0.016932	0.005976	0.028884	0.005976	0.009960	0.005976	0.007968	0.002988	0.007968	0.004980	0.001992	0.003984	0.003984	0.002988	0.012948	0.008964	0.016932	0.009960	0.061753	0.010956	0.030876	0.019920	0.006972	0.005976	0.015936	0.007968	0.012948	0.002988	0.011952	0.008964	0.061753	0.015936	0.053785	0.038845	
0.066733	0.027888	0.024900	0.055777	0.018924	0.011952	0.008964	0.009960	0.029880	0.024900	0.022908	0.026892	0.016932	0.015936	0.007968	0.042829	0.020916	0.003984	0.003984	0.009960	0.010956	0.005976	0.002988	0.003984	0.015936	0.004980	0.012948	0.010956	0.005976	0.003984	0.002988	0.018924	0.017928	0.011952	0.004980	0.011952	0.007968	0.003984	0.002988	0.004980	0.006972	0.006972	0.003984	0.010956	0.004980	0.004980	0.001992	0.012948	0.067729	0.014940	0.020916	0.050797	0.023904	0.010956	0.007968	0.008964	0.031873	0.022908	0.024900	0.023904	0.011952	0.009960	0.007968	0.050797	
0.073705	0.017928	0.029880	0.051793	0.019920	0.006972	0.006972	0.024900	0.019920	0.005976	0.005976	0.022908	0.018924	0.013944	0.019920	0.075697	0.031873	0.005976	0.008964	0.014940	0.016932	0.002988	0.002988	0.009960	0.005976	0.002988	0.000996	0.012948	0.010956	0.001992	0.004980	0.009960	0.033865	0.014940	0.002988	0.032869	0.028884	0.008964	0.003984	0.017928	0.023904	0.013944	0.007968	0.018924	0.026892	0.004980	0.002988	0.037849	0.000996	0.004980	0.000996	0.032869	0.014940	0.001992	0.002988	0.014940	0.000996	0.000996	0.011952	0.006972	0.067729	0.009960	0.014940	0.032869	
0.048805	0.021912	0.042829	0.026892	0.014940	0.005976	0.007968	0.014940	0.015936	0.012948	0.007968	0.005976	0.039841	0.022908	0.035857	0.033865	0.028884	0.009960	0.027888	0.013944	0.007968	0.002988	0.004980	0.004980	0.002988	0.004980	0.006972	0.001992	0.023904	0.005976	0.021912	0.015936	0.018924	0.007968	0.012948	0.010956	0.004980	0.005976	0.008964	0.003984	0.010956	0.008964	0.003984	0.002988	0.014940	0.010956	0.020916	0.014940	0.048805	0.012948	0.040837	0.021912	0.010956	0.006972	0.005976	0.006972	0.020916	0.007968	0.011952	0.001992	0.055777	0.019920	0.048805	0.031873	
0.061753	0.016932	0.019920	0.046813	0.021912	0.008964	0.006972	0.014940	0.053785	0.021912	0.013944	0.034861	0.011952	0.009960	0.008964	0.042829	0.014940	0.004980	0.008964	0.009960	0.009960	0.002988	0.003984	0.004980	0.004980	0.007968	0.011952	0.002988	0.003984	0.004980	0.003984	0.017928	0.024900	0.005976	0.003984	0.015936	0.010956	0.006972	0.003984	0.012948	0.006972	0.007968	0.004980	0.010956	0.002988	0.001992	0.000996	0.006972	0.055777	0.022908	0.022908	0.032869	0.026892	0.011952	0.006972	0.013944	0.049801	0.025896	0.029880	0.021912	0.020916	0.011952	0.008964	0.054781	
0.072709	0.012948	0.032869	0.038845	0.011952	0.005976	0.003984	0.028884	0.020916	0.005976	0.005976	0.022908	0.015936	0.013944	0.021912	0.053785	0.028884	0.008964	0.006972	0.024900	0.013944	0.003984	0.002988	0.009960	0.005976	0.004980	0.001992	0.008964	0.018924	0.007968	0.006972	0.012948	0.042829	0.018924	0.003984	0.049801	0.025896	0.007968	0.003984	0.025896	0.019920	0.010956	0.001992	0.027888	0.027888	0.009960	0.004980	0.027888	0.000996	0.013944	0.000996	0.023904	0.011952	0.004980	0.000996	0.010956	0.000996	0.003984	0.009960	0.007968	0.070717	0.005976	0.014940	0.030876	
0.051793	0.017928	0.042829	0.032869	0.011952	0.014940	0.011952	0.015936	0.017928	0.010956	0.007968	0.007968	0.039841	0.019920	0.039841	0.037849	0.029880	0.006972	0.015936	0.010956	0.007968	0.003984	0.006972	0.003984	0.003984	0.000996	0.002988	0.003984	0.027888	0.004980	0.020916	0.021912	0.024900	0.003984	0.010956	0.007968	0.008964	0.006972	0.004980	0.004980	0.003984	0.002988	0.005976	0.006972	0.018924	0.011952	0.016932	0.019920	0.045817	0.017928	0.042829	0.026892	0.015936	0.002988	0.007968	0.010956	0.019920	0.007968	0.010956	0.009960	0.045817	0.013944	0.037849	0.027888	
0.071713	0.019920	0.011952	0.048805	0.011952	0.008964	0.012948	0.012948	0.053785	0.026892	0.012948	0.018924	0.014940	0.011952	0.005976	0.045817	0.018924	0.001992	0.004980	0.018924	0.016932	0.001992	0.005976	0.003984	0.007968	0.008964	0.006972	0.007968	0.008964	0.006972	0.005976	0.013944	0.020916	0.007968	0.003984	0.012948	0.007968	0.006972	0.002988	0.004980	0.011952	0.005976	0.003984	0.005976	0.009960	0.003984	0.001992	0.012948	0.048805	0.025896	0.016932	0.040837	0.018924	0.012948	0.006972	0.011952	0.041833	0.024900	0.028884	0.019920	0.011952	0.018924	0.015936	0.060757	
0.074701	0.009960	0.023904	0.051793	0.017928	0.010956	0.003984	0.022908	0.005976	0.008964	0.001992	0.020916	0.021912	0.015936	0.021912	0.061753	0.023904	0.005976	0.009960	0.015936	0.009960	0.002988	0.004980	0.012948	0.002988	0.007968	0.003984	0.013944	0.011952	0.003984	0.000996	0.016932	0.054781	0.006972	0.007968	0.045817	0.023904	0.010956	0.006972	0.024900	0.023904	0.005976	0.005976	0.016932	0.019920	0.003984	0.006972	0.021912	0.000996	0.012948	0.000996	0.030876	0.015936	0.008964	0.001992	0.014940	0.000996	0.002988	0.016932	0.008964	0.061753	0.011952	0.016932	0.042829	
0.058765	0.018924	0.056773	0.019920	0.014940	0.000996	0.010956	0.008964	0.008964	0.014940	0.012948	0.005976	0.039841	0.027888	0.050797	0.025896	0.027888	0.005976	0.018924	0.014940	0.008964	0.006972	0.009960	0.007968	0.002988	0.002988	0.006972	0.004980	0.023904	0.005976	0.031873	0.013944	0.011952	0.004980	0.007968	0.008964	0.003984	0.005976	0.008964	0.006972	0.010956	0.006972	0.007968	0.002988	0.016932	0.013944	0.014940	0.014940	0.047809	0.010956	0.039841	0.016932	0.008964	0.006972	0.008964	0.010956	0.010956	0.011952	0.013944	0.009960	0.040837	0.017928	0.050797	0.033865	
0.069721	0.023904	0.008964	0.043825	0.016932	0.004980	0.008964	0.009960	0.043825	0.022908	0.027888	0.028884	0.008964	0.009960	0.004980	0.036853	0.011952	0.004980	0.005976	0.013944	0.003984	0.003984	0.004980	0.007968	0.010956	0.009960	0.008964	0.008964	0.003984	0.003984	0.002988	0.023904	0.011952	0.005976	0.002988	0.012948	0.013944	0.007968	0.005976	0.008964	0.012948	0.007968	0.009960	0.010956	0.005976	0.002988	0.003984	0.010956	0.056773	0.024900	0.018924	0.020916	0.026892	0.010956	0.012948	0.014940	0.051793	0.025896	0.038845	0.031873	0.016932	0.013944	0.009960	0.047809	
0.064741	0.011952	0.027888	0.045817	0.022908	0.006972	0.002988	0.026892	0.015936	0.004980	0.002988	0.012948	0.013944	0.019920	0.011952	0.045817	0.030876	0.009960	0.008964	0.011952	0.009960	0.003984	0.002988	0.010956	0.009960	0.003984	0.001992	0.016932	0.012948	0.006972	0.004980	0.016932	0.052789	0.013944	0.010956	0.041833	0.021912	0.011952	0.007968	0.024900	0.023904	0.014940	0.004980	0.041833	0.022908	0.010956	0.002988	0.043825	0.000996	0.007968	0.000996	0.025896	0.013944	0.001992	0.000996	0.013944	0.000996	0.001992	0.014940	0.003984	0.047809	0.011952	0.014940	0.044821	
