>NC_008530
0.058824	0.022931	0.027916	0.048853	0.016949	0.004985	0.007976	0.013958	0.024925	0.014955	0.012961	0.024925	0.049850	0.011964	0.016949	0.040877	0.017946	0.003988	0.004985	0.005982	0.009970	0.001994	0.002991	0.005982	0.005982	0.002991	0.003988	0.003988	0.022931	0.005982	0.007976	0.020937	0.029910	0.010967	0.012961	0.013958	0.015952	0.003988	0.000997	0.014955	0.006979	0.007976	0.006979	0.012961	0.006979	0.005982	0.010967	0.018943	0.058824	0.013958	0.023928	0.043868	0.011964	0.001994	0.003988	0.012961	0.034895	0.004985	0.009970	0.015952	0.043868	0.009970	0.019940	0.042871	
0.067797	0.019940	0.033898	0.043868	0.016949	0.010967	0.008973	0.014955	0.034895	0.009970	0.005982	0.018943	0.035892	0.014955	0.019940	0.041874	0.022931	0.003988	0.009970	0.017946	0.008973	0.000997	0.000997	0.001994	0.004985	0.004985	0.001994	0.003988	0.016949	0.008973	0.007976	0.013958	0.028913	0.007976	0.007976	0.027916	0.012961	0.002991	0.004985	0.009970	0.013958	0.004985	0.003988	0.010967	0.016949	0.005982	0.011964	0.022931	0.047856	0.016949	0.018943	0.039880	0.009970	0.003988	0.009970	0.009970	0.024925	0.010967	0.007976	0.011964	0.043868	0.016949	0.015952	0.046859	
0.069791	0.013958	0.029910	0.053838	0.019940	0.001994	0.006979	0.019940	0.028913	0.011964	0.010967	0.018943	0.050847	0.007976	0.018943	0.051844	0.025922	0.002991	0.008973	0.010967	0.010967	0.000997	0.002991	0.003988	0.007976	0.002991	0.007976	0.005982	0.012961	0.005982	0.005982	0.011964	0.032901	0.010967	0.013958	0.020937	0.011964	0.001994	0.005982	0.010967	0.003988	0.003988	0.005982	0.005982	0.018943	0.006979	0.007976	0.011964	0.047856	0.011964	0.024925	0.028913	0.019940	0.010967	0.003988	0.011964	0.019940	0.012961	0.005982	0.016949	0.046859	0.007976	0.023928	0.046859	
0.068794	0.019940	0.028913	0.058824	0.016949	0.005982	0.005982	0.010967	0.025922	0.012961	0.009970	0.028913	0.030907	0.012961	0.019940	0.050847	0.025922	0.005982	0.015952	0.014955	0.007976	0.001994	0.001994	0.003988	0.007976	0.003988	0.000997	0.006979	0.018943	0.002991	0.007976	0.016949	0.017946	0.007976	0.007976	0.026919	0.007976	0.005982	0.004985	0.012961	0.010967	0.005982	0.005982	0.007976	0.014955	0.004985	0.005982	0.021934	0.056830	0.015952	0.016949	0.039880	0.005982	0.006979	0.003988	0.011964	0.024925	0.009970	0.006979	0.014955	0.041874	0.011964	0.011964	0.056830	
0.069791	0.014955	0.042871	0.041874	0.017946	0.004985	0.004985	0.021934	0.023928	0.013958	0.009970	0.021934	0.056830	0.009970	0.017946	0.055833	0.014955	0.007976	0.004985	0.010967	0.008973	0.003988	0.001994	0.005982	0.010967	0.001994	0.000997	0.002991	0.015952	0.002991	0.007976	0.012961	0.027916	0.005982	0.011964	0.023928	0.004985	0.005982	0.006979	0.014955	0.005982	0.002991	0.003988	0.010967	0.028913	0.001994	0.004985	0.022931	0.047856	0.008973	0.021934	0.027916	0.013958	0.001994	0.003988	0.012961	0.017946	0.002991	0.009970	0.014955	0.047856	0.014955	0.015952	0.067797	
0.057827	0.012961	0.028913	0.060818	0.011964	0.007976	0.002991	0.014955	0.027916	0.019940	0.009970	0.023928	0.038883	0.007976	0.014955	0.042871	0.019940	0.009970	0.008973	0.006979	0.006979	0.001994	0.003988	0.003988	0.004985	0.002991	0.002991	0.006979	0.018943	0.006979	0.012961	0.016949	0.026919	0.002991	0.008973	0.019940	0.008973	0.001994	0.003988	0.006979	0.010967	0.001994	0.002991	0.008973	0.021934	0.005982	0.008973	0.013958	0.059821	0.015952	0.023928	0.049850	0.010967	0.004985	0.000997	0.012961	0.016949	0.007976	0.008973	0.012961	0.056830	0.017946	0.027916	0.056830	
0.062812	0.015952	0.026919	0.058824	0.013958	0.005982	0.007976	0.013958	0.020937	0.014955	0.006979	0.027916	0.047856	0.005982	0.015952	0.067797	0.014955	0.002991	0.008973	0.011964	0.004985	0.001994	0.004985	0.004985	0.003988	0.003988	0.001994	0.001994	0.011964	0.004985	0.006979	0.014955	0.031904	0.006979	0.004985	0.016949	0.010967	0.002991	0.005982	0.012961	0.007976	0.004985	0.003988	0.007976	0.018943	0.006979	0.007976	0.018943	0.066800	0.008973	0.027916	0.032901	0.013958	0.002991	0.004985	0.016949	0.027916	0.009970	0.014955	0.011964	0.048853	0.012961	0.010967	0.057827	
0.069791	0.017946	0.034895	0.053838	0.010967	0.002991	0.008973	0.011964	0.036889	0.006979	0.006979	0.017946	0.044865	0.011964	0.017946	0.045862	0.016949	0.003988	0.006979	0.015952	0.001994	0.001994	0.000997	0.008973	0.007976	0.002991	0.003988	0.008973	0.017946	0.002991	0.006979	0.020937	0.035892	0.008973	0.004985	0.010967	0.016949	0.001994	0.004985	0.009970	0.012961	0.003988	0.000997	0.009970	0.017946	0.008973	0.005982	0.016949	0.055833	0.015952	0.016949	0.038883	0.015952	0.001994	0.001994	0.010967	0.013958	0.007976	0.010967	0.008973	0.067797	0.013958	0.009970	0.067797	
0.067797	0.020937	0.032901	0.056830	0.018943	0.004985	0.010967	0.011964	0.031904	0.008973	0.003988	0.018943	0.042871	0.012961	0.019940	0.043868	0.022931	0.011964	0.002991	0.007976	0.002991	0.001994	0.000997	0.002991	0.006979	0.002991	0.001994	0.004985	0.011964	0.003988	0.009970	0.015952	0.035892	0.013958	0.003988	0.017946	0.003988	0.002991	0.002991	0.011964	0.004985	0.003988	0.003988	0.009970	0.018943	0.004985	0.003988	0.017946	0.057827	0.015952	0.027916	0.046859	0.011964	0.004985	0.005982	0.014955	0.018943	0.005982	0.004985	0.010967	0.066800	0.009970	0.019940	0.054835	
0.073779	0.018943	0.034895	0.056830	0.026919	0.006979	0.009970	0.018943	0.030907	0.010967	0.007976	0.017946	0.045862	0.008973	0.014955	0.059821	0.017946	0.004985	0.006979	0.007976	0.005982	0.001994	0.000997	0.005982	0.004985	0.001994	0.003988	0.009970	0.017946	0.002991	0.004985	0.015952	0.026919	0.007976	0.008973	0.018943	0.007976	0.003988	0.001994	0.007976	0.003988	0.001994	0.004985	0.003988	0.014955	0.004985	0.008973	0.015952	0.069791	0.012961	0.030907	0.026919	0.010967	0.006979	0.003988	0.009970	0.020937	0.009970	0.007976	0.014955	0.056830	0.013958	0.012961	0.048853	
0.079761	0.015952	0.036889	0.055833	0.012961	0.002991	0.015952	0.012961	0.033898	0.012961	0.010967	0.023928	0.023928	0.016949	0.016949	0.052841	0.020937	0.006979	0.010967	0.012961	0.006979	0.002991	0.002991	0.006979	0.002991	0.003988	0.005982	0.003988	0.014955	0.001994	0.005982	0.019940	0.027916	0.005982	0.011964	0.014955	0.009970	0.002991	0.002991	0.008973	0.008973	0.004985	0.005982	0.004985	0.017946	0.004985	0.003988	0.019940	0.051844	0.012961	0.020937	0.049850	0.019940	0.000997	0.002991	0.006979	0.017946	0.004985	0.011964	0.006979	0.046859	0.008973	0.021934	0.062812	
0.084746	0.013958	0.039880	0.041874	0.015952	0.003988	0.006979	0.014955	0.037886	0.009970	0.016949	0.015952	0.049850	0.012961	0.013958	0.056830	0.014955	0.005982	0.010967	0.017946	0.001994	0.000997	0.002991	0.003988	0.008973	0.003988	0.000997	0.010967	0.016949	0.002991	0.007976	0.007976	0.031904	0.004985	0.006979	0.019940	0.007976	0.004985	0.003988	0.009970	0.007976	0.003988	0.006979	0.015952	0.015952	0.005982	0.005982	0.011964	0.050847	0.008973	0.014955	0.028913	0.014955	0.002991	0.005982	0.008973	0.020937	0.010967	0.004985	0.011964	0.055833	0.006979	0.022931	0.069791	
0.079761	0.013958	0.043868	0.044865	0.013958	0.007976	0.006979	0.004985	0.036889	0.006979	0.015952	0.012961	0.049850	0.007976	0.004985	0.045862	0.015952	0.002991	0.010967	0.010967	0.003988	0.000997	0.002991	0.004985	0.006979	0.002991	0.004985	0.004985	0.009970	0.002991	0.010967	0.013958	0.036889	0.005982	0.013958	0.018943	0.014955	0.003988	0.003988	0.005982	0.017946	0.002991	0.004985	0.003988	0.019940	0.006979	0.006979	0.020937	0.062812	0.005982	0.042871	0.026919	0.011964	0.003988	0.006979	0.005982	0.021934	0.009970	0.006979	0.011964	0.048853	0.010967	0.010967	0.075773	
0.084746	0.013958	0.046859	0.049850	0.008973	0.001994	0.008973	0.008973	0.052841	0.011964	0.024925	0.021934	0.038883	0.004985	0.013958	0.043868	0.017946	0.006979	0.011964	0.007976	0.007976	0.001994	0.000997	0.005982	0.005982	0.000997	0.009970	0.003988	0.009970	0.002991	0.002991	0.005982	0.039880	0.004985	0.018943	0.019940	0.006979	0.003988	0.002991	0.008973	0.016949	0.001994	0.005982	0.007976	0.008973	0.004985	0.005982	0.013958	0.057827	0.011964	0.030907	0.027916	0.010967	0.003988	0.006979	0.006979	0.009970	0.001994	0.006979	0.014955	0.055833	0.013958	0.015952	0.070788	
0.090728	0.011964	0.069791	0.027916	0.016949	0.000997	0.006979	0.012961	0.048853	0.005982	0.031904	0.021934	0.040877	0.009970	0.022931	0.031904	0.017946	0.005982	0.005982	0.004985	0.001994	0.002991	0.000997	0.005982	0.009970	0.001994	0.006979	0.000997	0.012961	0.003988	0.007976	0.005982	0.043868	0.004985	0.019940	0.016949	0.008973	0.000997	0.001994	0.004985	0.029910	0.001994	0.009970	0.005982	0.015952	0.004985	0.018943	0.008973	0.044865	0.009970	0.035892	0.022931	0.009970	0.002991	0.005982	0.007976	0.018943	0.004985	0.007976	0.006979	0.065803	0.008973	0.031904	0.027916	
0.078764	0.012961	0.074776	0.030907	0.012961	0.003988	0.006979	0.008973	0.049850	0.009970	0.059821	0.011964	0.030907	0.009970	0.011964	0.019940	0.015952	0.004985	0.009970	0.006979	0.001994	0.000997	0.001994	0.002991	0.004985	0.001994	0.005982	0.002991	0.009970	0.001994	0.006979	0.012961	0.061815	0.001994	0.030907	0.012961	0.006979	0.000997	0.002991	0.003988	0.030907	0.006979	0.009970	0.008973	0.010967	0.002991	0.004985	0.016949	0.055833	0.005982	0.048853	0.024925	0.010967	0.001994	0.004985	0.009970	0.038883	0.004985	0.024925	0.012961	0.032901	0.009970	0.007976	0.023928	
0.081755	0.013958	0.092722	0.023928	0.005982	0.001994	0.007976	0.009970	0.037886	0.007976	0.094716	0.023928	0.018943	0.006979	0.022931	0.026919	0.008973	0.003988	0.008973	0.010967	0.001994	0.000997	0.003988	0.000997	0.006979	0.000997	0.003988	0.004985	0.010967	0.001994	0.005982	0.006979	0.048853	0.007976	0.054835	0.012961	0.005982	0.004985	0.004985	0.007976	0.060818	0.000997	0.023928	0.014955	0.013958	0.003988	0.008973	0.009970	0.036889	0.002991	0.023928	0.020937	0.005982	0.005982	0.005982	0.006979	0.009970	0.001994	0.008973	0.010967	0.022931	0.002991	0.014955	0.032901	
0.066800	0.009970	0.088734	0.010967	0.006979	0.000997	0.015952	0.004985	0.032901	0.013958	0.113659	0.019940	0.027916	0.005982	0.022931	0.011964	0.005982	0.002991	0.006979	0.003988	0.001994	0.002991	0.004985	0.003988	0.003988	0.004985	0.006979	0.006979	0.014955	0.001994	0.005982	0.002991	0.039880	0.003988	0.061815	0.009970	0.002991	0.000997	0.004985	0.002991	0.086740	0.004985	0.028913	0.010967	0.017946	0.000997	0.019940	0.015952	0.016949	0.004985	0.026919	0.017946	0.004985	0.001994	0.003988	0.004985	0.013958	0.007976	0.023928	0.006979	0.025922	0.003988	0.024925	0.021934	
0.037886	0.002991	0.066800	0.021934	0.006979	0.003988	0.004985	0.005982	0.045862	0.006979	0.112662	0.018943	0.012961	0.006979	0.005982	0.016949	0.005982	0.002991	0.000997	0.006979	0.001994	0.000997	0.000997	0.002991	0.015952	0.001994	0.004985	0.006979	0.003988	0.001994	0.006979	0.003988	0.034895	0.002991	0.087737	0.011964	0.010967	0.004985	0.005982	0.009970	0.098704	0.006979	0.044865	0.022931	0.018943	0.006979	0.005982	0.012961	0.029910	0.003988	0.036889	0.015952	0.004985	0.002991	0.001994	0.002991	0.033898	0.006979	0.025922	0.006979	0.021934	0.004985	0.007976	0.017946	
0.040877	0.012961	0.036889	0.017946	0.003988	0.001994	0.003988	0.002991	0.032901	0.008973	0.119641	0.030907	0.017946	0.004985	0.004985	0.028913	0.008973	0.004985	0.006979	0.003988	0.003988	0.002991	0.001994	0.003988	0.004985	0.000997	0.005982	0.001994	0.004985	0.002991	0.003988	0.009970	0.035892	0.011964	0.114656	0.031904	0.007976	0.000997	0.003988	0.009970	0.084746	0.011964	0.042871	0.048853	0.018943	0.002991	0.017946	0.015952	0.014955	0.005982	0.020937	0.015952	0.005982	0.003988	0.006979	0.003988	0.007976	0.000997	0.009970	0.007976	0.015952	0.002991	0.011964	0.020937	
0.033898	0.011964	0.033898	0.020937	0.011964	0.005982	0.004985	0.012961	0.042871	0.009970	0.103689	0.022931	0.022931	0.005982	0.018943	0.021934	0.012961	0.002991	0.002991	0.002991	0.003988	0.001994	0.000997	0.002991	0.005982	0.002991	0.005982	0.001994	0.008973	0.001994	0.002991	0.006979	0.041874	0.015952	0.050847	0.021934	0.007976	0.001994	0.002991	0.009970	0.093719	0.011964	0.034895	0.037886	0.030907	0.004985	0.042871	0.010967	0.022931	0.004985	0.015952	0.013958	0.007976	0.001994	0.001994	0.001994	0.018943	0.002991	0.008973	0.007976	0.026919	0.007976	0.014955	0.025922	
0.039880	0.012961	0.022931	0.035892	0.014955	0.002991	0.004985	0.012961	0.038883	0.004985	0.039880	0.019940	0.025922	0.005982	0.003988	0.023928	0.016949	0.002991	0.004985	0.006979	0.002991	0.001994	0.001994	0.004985	0.002991	0.000997	0.003988	0.002991	0.007976	0.004985	0.006979	0.007976	0.056830	0.009970	0.059821	0.034895	0.014955	0.002991	0.006979	0.002991	0.064806	0.016949	0.021934	0.049850	0.029910	0.004985	0.006979	0.028913	0.040877	0.004985	0.025922	0.017946	0.007976	0.001994	0.001994	0.008973	0.048853	0.009970	0.009970	0.010967	0.029910	0.003988	0.003988	0.027916	
0.061815	0.014955	0.027916	0.049850	0.011964	0.003988	0.001994	0.012961	0.046859	0.008973	0.031904	0.025922	0.027916	0.002991	0.021934	0.042871	0.019940	0.004985	0.004985	0.010967	0.003988	0.000997	0.002991	0.001994	0.003988	0.000997	0.002991	0.007976	0.012961	0.003988	0.004985	0.007976	0.070788	0.017946	0.028913	0.037886	0.008973	0.006979	0.005982	0.010967	0.027916	0.011964	0.014955	0.020937	0.018943	0.005982	0.034895	0.023928	0.047856	0.010967	0.014955	0.019940	0.003988	0.003988	0.001994	0.009970	0.005982	0.000997	0.004985	0.009970	0.037886	0.010967	0.012961	0.026919	
0.078764	0.020937	0.038883	0.061815	0.014955	0.003988	0.005982	0.023928	0.038883	0.007976	0.017946	0.011964	0.045862	0.015952	0.016949	0.039880	0.012961	0.003988	0.004985	0.006979	0.005982	0.002991	0.000997	0.005982	0.005982	0.003988	0.001994	0.000997	0.012961	0.002991	0.006979	0.012961	0.037886	0.008973	0.008973	0.028913	0.010967	0.000997	0.001994	0.008973	0.022931	0.006979	0.008973	0.015952	0.024925	0.005982	0.009970	0.023928	0.041874	0.011964	0.023928	0.019940	0.008973	0.003988	0.003988	0.006979	0.043868	0.010967	0.011964	0.007976	0.043868	0.005982	0.009970	0.041874	
0.083749	0.012961	0.033898	0.040877	0.015952	0.004985	0.010967	0.013958	0.034895	0.012961	0.012961	0.015952	0.059821	0.011964	0.003988	0.041874	0.015952	0.004985	0.007976	0.011964	0.003988	0.001994	0.002991	0.002991	0.004985	0.001994	0.000997	0.004985	0.019940	0.001994	0.004985	0.018943	0.046859	0.010967	0.012961	0.040877	0.011964	0.002991	0.005982	0.008973	0.019940	0.006979	0.004985	0.008973	0.017946	0.002991	0.001994	0.013958	0.069791	0.010967	0.027916	0.018943	0.010967	0.004985	0.002991	0.011964	0.021934	0.009970	0.002991	0.008973	0.058824	0.005982	0.002991	0.050847	
0.109671	0.019940	0.033898	0.052841	0.021934	0.001994	0.004985	0.010967	0.030907	0.015952	0.015952	0.019940	0.047856	0.014955	0.010967	0.038883	0.014955	0.006979	0.011964	0.008973	0.005982	0.001994	0.000997	0.005982	0.005982	0.007976	0.003988	0.004985	0.015952	0.002991	0.003988	0.014955	0.040877	0.011964	0.010967	0.017946	0.015952	0.004985	0.001994	0.008973	0.007976	0.004985	0.003988	0.004985	0.013958	0.005982	0.006979	0.011964	0.091725	0.009970	0.018943	0.035892	0.009970	0.003988	0.003988	0.004985	0.001994	0.001994	0.002991	0.006979	0.043868	0.006979	0.012961	0.061815	
0.098704	0.031904	0.040877	0.085743	0.008973	0.007976	0.005982	0.025922	0.029910	0.016949	0.015952	0.012961	0.033898	0.014955	0.009970	0.056830	0.023928	0.010967	0.008973	0.009970	0.001994	0.004985	0.001994	0.003988	0.002991	0.003988	0.001994	0.002991	0.013958	0.003988	0.005982	0.006979	0.024925	0.010967	0.003988	0.006979	0.013958	0.002991	0.003988	0.009970	0.013958	0.001994	0.003988	0.006979	0.018943	0.003988	0.004985	0.008973	0.051844	0.019940	0.015952	0.033898	0.011964	0.003988	0.006979	0.007976	0.013958	0.004985	0.007976	0.007976	0.058824	0.004985	0.012961	0.050847	
0.094716	0.020937	0.038883	0.044865	0.026919	0.006979	0.009970	0.029910	0.022931	0.016949	0.007976	0.021934	0.059821	0.010967	0.000997	0.064806	0.014955	0.005982	0.006979	0.008973	0.009970	0.002991	0.002991	0.003988	0.009970	0.000997	0.002991	0.004985	0.026919	0.003988	0.005982	0.010967	0.025922	0.001994	0.018943	0.013958	0.008973	0.006979	0.003988	0.007976	0.010967	0.003988	0.008973	0.005982	0.010967	0.003988	0.000997	0.014955	0.057827	0.009970	0.035892	0.021934	0.007976	0.001994	0.004985	0.012961	0.023928	0.001994	0.002991	0.004985	0.054835	0.011964	0.001994	0.054835	
0.138584	0.000997	0.027916	0.025922	0.018943	0.000997	0.009970	0.008973	0.058824	0.000997	0.025922	0.014955	0.055833	0.000997	0.007976	0.024925	0.044865	0.000997	0.004985	0.002991	0.011964	0.000997	0.000997	0.004985	0.014955	0.000997	0.001994	0.003988	0.039880	0.000997	0.004985	0.008973	0.036889	0.000997	0.019940	0.009970	0.015952	0.000997	0.002991	0.003988	0.013958	0.000997	0.004985	0.002991	0.022931	0.000997	0.007976	0.005982	0.125623	0.000997	0.009970	0.015952	0.020937	0.000997	0.003988	0.004985	0.005982	0.000997	0.000997	0.001994	0.099701	0.000997	0.012961	0.031904	
0.000997	0.000997	0.000997	0.342971	0.000997	0.000997	0.000997	0.000997	0.000997	0.000997	0.000997	0.059821	0.000997	0.000997	0.000997	0.051844	0.000997	0.000997	0.000997	0.064806	0.000997	0.000997	0.000997	0.000997	0.000997	0.000997	0.000997	0.014955	0.000997	0.000997	0.000997	0.019940	0.000997	0.000997	0.000997	0.090728	0.000997	0.000997	0.000997	0.000997	0.000997	0.000997	0.000997	0.030907	0.000997	0.000997	0.000997	0.020937	0.000997	0.000997	0.000997	0.215354	0.000997	0.000997	0.000997	0.000997	0.000997	0.000997	0.000997	0.030907	0.000997	0.000997	0.000997	0.068794	
0.000997	0.000997	0.000997	0.000997	0.000997	0.000997	0.000997	0.000997	0.000997	0.000997	0.000997	0.000997	0.000997	0.000997	0.710867	0.000997	0.000997	0.000997	0.000997	0.000997	0.000997	0.000997	0.000997	0.000997	0.000997	0.000997	0.000997	0.000997	0.000997	0.000997	0.000997	0.000997	0.000997	0.000997	0.000997	0.000997	0.000997	0.000997	0.000997	0.000997	0.000997	0.000997	0.000997	0.000997	0.000997	0.000997	0.133599	0.000997	0.000997	0.000997	0.000997	0.000997	0.000997	0.000997	0.000997	0.000997	0.000997	0.000997	0.000997	0.000997	0.000997	0.000997	0.158524	0.000997	
0.000997	0.000997	0.000997	0.000997	0.000997	0.000997	0.000997	0.000997	0.000997	0.000997	0.000997	0.000997	0.000997	0.000997	0.000997	0.000997	0.000997	0.000997	0.000997	0.000997	0.000997	0.000997	0.000997	0.000997	0.000997	0.000997	0.000997	0.000997	0.000997	0.000997	0.000997	0.000997	0.000997	0.000997	0.000997	0.000997	0.000997	0.000997	0.000997	0.000997	0.000997	0.000997	0.000997	0.000997	0.000997	0.000997	0.000997	0.000997	0.000997	0.000997	0.000997	0.000997	0.000997	0.000997	0.000997	0.000997	0.514457	0.108674	0.271186	0.109671	0.000997	0.000997	0.000997	0.000997	
0.000997	0.000997	0.000997	0.000997	0.000997	0.000997	0.000997	0.000997	0.000997	0.000997	0.000997	0.000997	0.000997	0.000997	0.000997	0.000997	0.000997	0.000997	0.000997	0.000997	0.000997	0.000997	0.000997	0.000997	0.000997	0.000997	0.000997	0.000997	0.000997	0.000997	0.000997	0.000997	0.240279	0.062812	0.097707	0.116650	0.042871	0.015952	0.021934	0.030907	0.103689	0.098704	0.021934	0.049850	0.016949	0.044865	0.008973	0.041874	0.000997	0.000997	0.000997	0.000997	0.000997	0.000997	0.000997	0.000997	0.000997	0.000997	0.000997	0.000997	0.000997	0.000997	0.000997	0.000997	
0.148554	0.012961	0.036889	0.044865	0.035892	0.005982	0.005982	0.017946	0.025922	0.015952	0.018943	0.039880	0.024925	0.009970	0.034895	0.049850	0.027916	0.003988	0.007976	0.005982	0.008973	0.000997	0.000997	0.007976	0.008973	0.001994	0.004985	0.008973	0.010967	0.003988	0.002991	0.015952	0.042871	0.008973	0.022931	0.031904	0.058824	0.002991	0.002991	0.036889	0.009970	0.001994	0.002991	0.009970	0.019940	0.005982	0.004985	0.021934	0.000997	0.003988	0.000997	0.013958	0.024925	0.002991	0.003988	0.015952	0.000997	0.001994	0.001994	0.006979	0.013958	0.002991	0.007976	0.019940	
0.093719	0.028913	0.053838	0.043868	0.014955	0.000997	0.005982	0.007976	0.025922	0.009970	0.019940	0.012961	0.048853	0.010967	0.018943	0.017946	0.061815	0.013958	0.038883	0.013958	0.006979	0.000997	0.002991	0.001994	0.009970	0.000997	0.000997	0.001994	0.030907	0.007976	0.023928	0.015952	0.018943	0.005982	0.013958	0.006979	0.010967	0.002991	0.003988	0.003988	0.012961	0.000997	0.007976	0.006979	0.028913	0.008973	0.007976	0.019940	0.036889	0.006979	0.014955	0.010967	0.005982	0.003988	0.008973	0.003988	0.028913	0.007976	0.008973	0.004985	0.043868	0.008973	0.028913	0.025922	
0.125623	0.020937	0.021934	0.042871	0.024925	0.004985	0.010967	0.014955	0.049850	0.018943	0.016949	0.035892	0.016949	0.015952	0.003988	0.038883	0.020937	0.003988	0.003988	0.009970	0.003988	0.000997	0.002991	0.000997	0.011964	0.004985	0.000997	0.003988	0.004985	0.002991	0.000997	0.008973	0.032901	0.014955	0.010967	0.018943	0.007976	0.002991	0.002991	0.005982	0.025922	0.002991	0.002991	0.005982	0.004985	0.003988	0.006979	0.010967	0.084746	0.025922	0.017946	0.023928	0.017946	0.007976	0.001994	0.008973	0.043868	0.008973	0.010967	0.015952	0.019940	0.015952	0.002991	0.040877	
0.134596	0.021934	0.047856	0.059821	0.026919	0.009970	0.005982	0.022931	0.023928	0.003988	0.011964	0.014955	0.019940	0.008973	0.019940	0.046859	0.030907	0.003988	0.006979	0.012961	0.009970	0.001994	0.000997	0.003988	0.002991	0.001994	0.006979	0.006979	0.019940	0.002991	0.002991	0.004985	0.059821	0.015952	0.021934	0.033898	0.018943	0.001994	0.003988	0.010967	0.015952	0.002991	0.006979	0.005982	0.027916	0.002991	0.004985	0.025922	0.000997	0.013958	0.000997	0.030907	0.018943	0.001994	0.003988	0.013958	0.000997	0.002991	0.007976	0.002991	0.045862	0.002991	0.012961	0.037886	
0.088734	0.027916	0.060818	0.048853	0.022931	0.005982	0.010967	0.015952	0.042871	0.010967	0.014955	0.008973	0.066800	0.014955	0.026919	0.028913	0.038883	0.010967	0.018943	0.005982	0.008973	0.000997	0.003988	0.001994	0.006979	0.003988	0.002991	0.000997	0.017946	0.003988	0.010967	0.018943	0.017946	0.006979	0.013958	0.004985	0.002991	0.001994	0.002991	0.003988	0.013958	0.005982	0.006979	0.006979	0.016949	0.001994	0.003988	0.007976	0.052841	0.011964	0.024925	0.023928	0.009970	0.000997	0.004985	0.001994	0.018943	0.005982	0.009970	0.005982	0.045862	0.009970	0.030907	0.028913	
0.082752	0.019940	0.022931	0.072782	0.020937	0.012961	0.012961	0.010967	0.045862	0.012961	0.026919	0.032901	0.017946	0.012961	0.003988	0.048853	0.019940	0.005982	0.004985	0.013958	0.001994	0.001994	0.003988	0.001994	0.009970	0.002991	0.004985	0.004985	0.004985	0.002991	0.004985	0.010967	0.031904	0.006979	0.008973	0.034895	0.010967	0.002991	0.003988	0.008973	0.013958	0.005982	0.006979	0.007976	0.004985	0.001994	0.004985	0.010967	0.070788	0.021934	0.017946	0.036889	0.012961	0.008973	0.002991	0.005982	0.034895	0.007976	0.011964	0.017946	0.009970	0.008973	0.009970	0.055833	
0.099701	0.010967	0.036889	0.057827	0.019940	0.006979	0.006979	0.020937	0.024925	0.001994	0.008973	0.018943	0.022931	0.013958	0.056830	0.064806	0.032901	0.002991	0.004985	0.005982	0.015952	0.001994	0.002991	0.005982	0.005982	0.002991	0.001994	0.012961	0.009970	0.003988	0.003988	0.009970	0.056830	0.008973	0.013958	0.024925	0.011964	0.003988	0.005982	0.007976	0.024925	0.008973	0.002991	0.013958	0.016949	0.007976	0.011964	0.026919	0.000997	0.011964	0.000997	0.023928	0.009970	0.001994	0.003988	0.010967	0.000997	0.004985	0.011964	0.005982	0.050847	0.009970	0.019940	0.045862	
0.079761	0.034895	0.051844	0.023928	0.015952	0.006979	0.007976	0.003988	0.025922	0.007976	0.010967	0.011964	0.041874	0.015952	0.030907	0.023928	0.026919	0.008973	0.013958	0.007976	0.009970	0.000997	0.001994	0.001994	0.005982	0.003988	0.004985	0.004985	0.016949	0.001994	0.018943	0.007976	0.028913	0.008973	0.009970	0.008973	0.008973	0.002991	0.002991	0.003988	0.006979	0.006979	0.006979	0.004985	0.015952	0.003988	0.021934	0.009970	0.046859	0.009970	0.031904	0.011964	0.014955	0.004985	0.004985	0.010967	0.051844	0.015952	0.013958	0.010967	0.055833	0.008973	0.041874	0.040877	
0.066800	0.023928	0.028913	0.062812	0.030907	0.006979	0.007976	0.016949	0.047856	0.019940	0.008973	0.030907	0.010967	0.012961	0.005982	0.022931	0.023928	0.004985	0.010967	0.009970	0.007976	0.002991	0.001994	0.002991	0.007976	0.001994	0.005982	0.001994	0.002991	0.004985	0.005982	0.006979	0.048853	0.014955	0.007976	0.018943	0.011964	0.009970	0.001994	0.010967	0.010967	0.007976	0.004985	0.012961	0.002991	0.001994	0.005982	0.021934	0.057827	0.024925	0.010967	0.036889	0.012961	0.006979	0.003988	0.006979	0.055833	0.021934	0.019940	0.015952	0.010967	0.014955	0.013958	0.042871	
0.083749	0.019940	0.042871	0.050847	0.025922	0.005982	0.004985	0.031904	0.020937	0.009970	0.005982	0.021934	0.019940	0.007976	0.026919	0.073779	0.033898	0.005982	0.009970	0.013958	0.014955	0.000997	0.005982	0.004985	0.002991	0.002991	0.001994	0.007976	0.013958	0.006979	0.001994	0.014955	0.060818	0.007976	0.016949	0.036889	0.020937	0.003988	0.004985	0.021934	0.015952	0.001994	0.004985	0.016949	0.019940	0.005982	0.005982	0.029910	0.000997	0.005982	0.000997	0.019940	0.019940	0.001994	0.007976	0.004985	0.000997	0.005982	0.009970	0.014955	0.043868	0.005982	0.007976	0.036889	
0.090728	0.021934	0.036889	0.029910	0.010967	0.004985	0.010967	0.012961	0.031904	0.014955	0.012961	0.010967	0.042871	0.014955	0.031904	0.031904	0.032901	0.012961	0.019940	0.015952	0.004985	0.003988	0.001994	0.001994	0.005982	0.004985	0.008973	0.003988	0.027916	0.003988	0.014955	0.016949	0.019940	0.006979	0.008973	0.004985	0.010967	0.000997	0.003988	0.004985	0.007976	0.007976	0.003988	0.002991	0.016949	0.007976	0.014955	0.021934	0.049850	0.014955	0.019940	0.012961	0.011964	0.002991	0.003988	0.007976	0.024925	0.002991	0.008973	0.005982	0.060818	0.018943	0.035892	0.039880	
0.077767	0.026919	0.024925	0.063809	0.017946	0.008973	0.012961	0.016949	0.035892	0.013958	0.009970	0.025922	0.008973	0.007976	0.006979	0.039880	0.016949	0.005982	0.004985	0.010967	0.006979	0.002991	0.000997	0.001994	0.007976	0.004985	0.000997	0.006979	0.005982	0.001994	0.001994	0.017946	0.027916	0.011964	0.008973	0.021934	0.013958	0.003988	0.005982	0.006979	0.012961	0.002991	0.005982	0.012961	0.005982	0.005982	0.003988	0.007976	0.074776	0.013958	0.016949	0.042871	0.022931	0.006979	0.005982	0.009970	0.045862	0.012961	0.018943	0.019940	0.017946	0.010967	0.009970	0.071785	
0.088734	0.013958	0.036889	0.057827	0.023928	0.005982	0.008973	0.019940	0.023928	0.006979	0.005982	0.018943	0.018943	0.018943	0.039880	0.061815	0.028913	0.007976	0.007976	0.016949	0.009970	0.003988	0.002991	0.005982	0.007976	0.002991	0.002991	0.011964	0.016949	0.004985	0.000997	0.012961	0.052841	0.007976	0.009970	0.031904	0.016949	0.003988	0.001994	0.011964	0.012961	0.005982	0.000997	0.015952	0.026919	0.005982	0.004985	0.027916	0.000997	0.011964	0.000997	0.024925	0.011964	0.001994	0.001994	0.010967	0.000997	0.002991	0.012961	0.005982	0.072782	0.006979	0.015952	0.041874	
0.085743	0.016949	0.034895	0.033898	0.011964	0.004985	0.014955	0.009970	0.025922	0.006979	0.011964	0.010967	0.049850	0.022931	0.025922	0.032901	0.029910	0.009970	0.013958	0.008973	0.004985	0.004985	0.003988	0.001994	0.009970	0.000997	0.001994	0.002991	0.015952	0.007976	0.015952	0.008973	0.017946	0.005982	0.009970	0.011964	0.006979	0.002991	0.001994	0.006979	0.010967	0.002991	0.005982	0.002991	0.017946	0.006979	0.012961	0.014955	0.057827	0.016949	0.035892	0.024925	0.014955	0.004985	0.008973	0.007976	0.037886	0.005982	0.011964	0.005982	0.049850	0.019940	0.035892	0.038883	
0.082752	0.025922	0.027916	0.054835	0.015952	0.010967	0.005982	0.016949	0.037886	0.013958	0.014955	0.027916	0.015952	0.014955	0.003988	0.044865	0.012961	0.006979	0.006979	0.011964	0.003988	0.001994	0.005982	0.005982	0.012961	0.002991	0.006979	0.006979	0.004985	0.001994	0.003988	0.015952	0.044865	0.007976	0.009970	0.021934	0.005982	0.003988	0.000997	0.005982	0.012961	0.007976	0.003988	0.006979	0.003988	0.003988	0.002991	0.011964	0.057827	0.018943	0.013958	0.042871	0.020937	0.011964	0.017946	0.006979	0.038883	0.011964	0.014955	0.024925	0.015952	0.014955	0.007976	0.056830	
0.095713	0.014955	0.032901	0.054835	0.018943	0.006979	0.005982	0.027916	0.021934	0.013958	0.007976	0.014955	0.025922	0.009970	0.032901	0.062812	0.028913	0.004985	0.003988	0.008973	0.014955	0.003988	0.004985	0.004985	0.006979	0.004985	0.000997	0.017946	0.006979	0.004985	0.002991	0.020937	0.053838	0.008973	0.008973	0.030907	0.017946	0.001994	0.004985	0.011964	0.017946	0.006979	0.002991	0.012961	0.020937	0.008973	0.008973	0.027916	0.000997	0.013958	0.000997	0.024925	0.012961	0.006979	0.000997	0.014955	0.000997	0.002991	0.006979	0.007976	0.061815	0.006979	0.012961	0.047856	
0.069791	0.023928	0.050847	0.034895	0.013958	0.005982	0.012961	0.009970	0.019940	0.009970	0.005982	0.010967	0.053838	0.014955	0.023928	0.026919	0.027916	0.009970	0.016949	0.009970	0.004985	0.003988	0.007976	0.002991	0.004985	0.003988	0.003988	0.003988	0.022931	0.009970	0.009970	0.016949	0.025922	0.004985	0.009970	0.006979	0.007976	0.003988	0.008973	0.007976	0.008973	0.005982	0.002991	0.000997	0.014955	0.011964	0.019940	0.006979	0.058824	0.009970	0.029910	0.016949	0.008973	0.005982	0.007976	0.007976	0.021934	0.009970	0.012961	0.012961	0.045862	0.018943	0.048853	0.045862	
0.066800	0.018943	0.031904	0.064806	0.017946	0.008973	0.007976	0.013958	0.036889	0.019940	0.024925	0.025922	0.010967	0.009970	0.004985	0.042871	0.015952	0.005982	0.004985	0.008973	0.009970	0.001994	0.002991	0.004985	0.016949	0.006979	0.004985	0.008973	0.001994	0.002991	0.002991	0.020937	0.021934	0.007976	0.005982	0.019940	0.008973	0.006979	0.007976	0.005982	0.009970	0.006979	0.003988	0.004985	0.002991	0.006979	0.001994	0.016949	0.058824	0.023928	0.015952	0.038883	0.018943	0.008973	0.010967	0.016949	0.040877	0.018943	0.018943	0.023928	0.012961	0.014955	0.011964	0.056830	
0.078764	0.017946	0.019940	0.046859	0.018943	0.004985	0.008973	0.023928	0.022931	0.009970	0.007976	0.017946	0.022931	0.015952	0.021934	0.071785	0.026919	0.004985	0.004985	0.018943	0.015952	0.002991	0.001994	0.005982	0.004985	0.007976	0.001994	0.014955	0.017946	0.000997	0.007976	0.014955	0.049850	0.012961	0.009970	0.031904	0.018943	0.004985	0.004985	0.023928	0.012961	0.010967	0.009970	0.018943	0.019940	0.005982	0.006979	0.030907	0.000997	0.005982	0.000997	0.020937	0.013958	0.000997	0.003988	0.015952	0.000997	0.001994	0.009970	0.008973	0.064806	0.011964	0.020937	0.039880	
0.057827	0.020937	0.045862	0.031904	0.013958	0.007976	0.005982	0.013958	0.010967	0.008973	0.007976	0.007976	0.040877	0.012961	0.029910	0.034895	0.036889	0.006979	0.018943	0.004985	0.000997	0.003988	0.004985	0.003988	0.005982	0.007976	0.004985	0.000997	0.026919	0.011964	0.014955	0.015952	0.022931	0.004985	0.009970	0.003988	0.007976	0.004985	0.008973	0.008973	0.012961	0.003988	0.009970	0.002991	0.015952	0.012961	0.019940	0.011964	0.046859	0.019940	0.040877	0.017946	0.010967	0.007976	0.007976	0.007976	0.022931	0.008973	0.015952	0.009970	0.053838	0.017946	0.046859	0.038883	
0.077767	0.021934	0.017946	0.046859	0.020937	0.008973	0.008973	0.013958	0.039880	0.021934	0.018943	0.034895	0.010967	0.009970	0.006979	0.030907	0.015952	0.002991	0.005982	0.008973	0.008973	0.002991	0.006979	0.005982	0.010967	0.003988	0.006979	0.005982	0.005982	0.000997	0.002991	0.024925	0.025922	0.007976	0.004985	0.013958	0.007976	0.005982	0.005982	0.009970	0.010967	0.011964	0.005982	0.009970	0.006979	0.004985	0.000997	0.008973	0.058824	0.019940	0.024925	0.033898	0.028913	0.007976	0.004985	0.013958	0.049850	0.013958	0.027916	0.019940	0.022931	0.014955	0.008973	0.054835	
0.081755	0.014955	0.032901	0.048853	0.014955	0.004985	0.004985	0.027916	0.016949	0.009970	0.004985	0.021934	0.011964	0.017946	0.019940	0.053838	0.033898	0.005982	0.008973	0.017946	0.013958	0.002991	0.001994	0.006979	0.005982	0.004985	0.002991	0.012961	0.012961	0.004985	0.003988	0.021934	0.048853	0.011964	0.011964	0.038883	0.019940	0.008973	0.001994	0.020937	0.017946	0.010967	0.009970	0.020937	0.022931	0.005982	0.011964	0.029910	0.000997	0.012961	0.000997	0.031904	0.015952	0.001994	0.001994	0.010967	0.000997	0.000997	0.012961	0.004985	0.061815	0.006979	0.014955	0.035892	
0.064806	0.018943	0.047856	0.033898	0.016949	0.004985	0.013958	0.009970	0.027916	0.011964	0.007976	0.006979	0.038883	0.029910	0.031904	0.036889	0.025922	0.005982	0.021934	0.010967	0.006979	0.001994	0.006979	0.002991	0.004985	0.001994	0.002991	0.000997	0.020937	0.010967	0.014955	0.019940	0.010967	0.009970	0.009970	0.010967	0.008973	0.004985	0.006979	0.005982	0.007976	0.005982	0.007976	0.008973	0.020937	0.010967	0.014955	0.013958	0.042871	0.011964	0.030907	0.023928	0.016949	0.003988	0.008973	0.005982	0.020937	0.006979	0.008973	0.013958	0.042871	0.013958	0.040877	0.043868	
0.068794	0.025922	0.008973	0.040877	0.015952	0.009970	0.008973	0.011964	0.050847	0.020937	0.016949	0.021934	0.013958	0.011964	0.007976	0.045862	0.028913	0.003988	0.002991	0.013958	0.005982	0.003988	0.002991	0.002991	0.009970	0.003988	0.012961	0.009970	0.006979	0.003988	0.002991	0.010967	0.030907	0.003988	0.003988	0.022931	0.008973	0.007976	0.004985	0.004985	0.011964	0.007976	0.000997	0.006979	0.003988	0.005982	0.002991	0.017946	0.055833	0.013958	0.017946	0.035892	0.024925	0.016949	0.009970	0.013958	0.033898	0.019940	0.031904	0.016949	0.016949	0.020937	0.007976	0.068794	
0.088734	0.012961	0.033898	0.048853	0.011964	0.008973	0.005982	0.020937	0.011964	0.007976	0.001994	0.011964	0.012961	0.011964	0.024925	0.063809	0.028913	0.005982	0.003988	0.016949	0.010967	0.005982	0.003988	0.017946	0.003988	0.003988	0.000997	0.017946	0.009970	0.003988	0.005982	0.013958	0.053838	0.009970	0.006979	0.035892	0.020937	0.004985	0.005982	0.020937	0.015952	0.016949	0.003988	0.025922	0.017946	0.009970	0.001994	0.025922	0.000997	0.013958	0.000997	0.025922	0.015952	0.007976	0.003988	0.014955	0.000997	0.002991	0.009970	0.007976	0.064806	0.006979	0.015952	0.055833	
0.066800	0.024925	0.053838	0.026919	0.012961	0.005982	0.013958	0.009970	0.015952	0.014955	0.010967	0.003988	0.034895	0.015952	0.044865	0.031904	0.032901	0.009970	0.010967	0.005982	0.009970	0.005982	0.004985	0.006979	0.004985	0.006979	0.006979	0.000997	0.022931	0.005982	0.031904	0.013958	0.011964	0.004985	0.008973	0.006979	0.007976	0.009970	0.005982	0.007976	0.005982	0.003988	0.002991	0.003988	0.023928	0.011964	0.016949	0.010967	0.044865	0.009970	0.029910	0.020937	0.009970	0.004985	0.007976	0.009970	0.015952	0.010967	0.014955	0.006979	0.052841	0.017946	0.042871	0.045862	
0.069791	0.018943	0.018943	0.048853	0.016949	0.007976	0.007976	0.016949	0.042871	0.018943	0.018943	0.022931	0.007976	0.010967	0.002991	0.038883	0.016949	0.003988	0.006979	0.012961	0.007976	0.001994	0.006979	0.009970	0.008973	0.005982	0.005982	0.011964	0.007976	0.004985	0.000997	0.020937	0.015952	0.005982	0.004985	0.015952	0.010967	0.006979	0.007976	0.010967	0.012961	0.009970	0.006979	0.005982	0.001994	0.001994	0.004985	0.006979	0.055833	0.021934	0.017946	0.038883	0.022931	0.003988	0.009970	0.014955	0.050847	0.034895	0.031904	0.018943	0.019940	0.009970	0.012961	0.059821	
0.071785	0.013958	0.025922	0.046859	0.017946	0.006979	0.007976	0.017946	0.019940	0.009970	0.006979	0.011964	0.020937	0.016949	0.027916	0.050847	0.030907	0.004985	0.009970	0.012961	0.007976	0.001994	0.003988	0.006979	0.007976	0.006979	0.004985	0.012961	0.015952	0.013958	0.003988	0.018943	0.053838	0.015952	0.008973	0.036889	0.021934	0.007976	0.007976	0.031904	0.022931	0.012961	0.003988	0.023928	0.019940	0.003988	0.003988	0.031904	0.000997	0.013958	0.000997	0.021934	0.009970	0.003988	0.000997	0.012961	0.000997	0.004985	0.010967	0.004985	0.056830	0.008973	0.017946	0.042871	
