>NC_004350
0.078556	0.016985	0.028662	0.040340	0.018047	0.011677	0.003185	0.013800	0.023355	0.009554	0.010616	0.015924	0.049894	0.016985	0.018047	0.038217	0.018047	0.007431	0.006369	0.011677	0.009554	0.001062	0.003185	0.010616	0.015924	0.005308	0.004246	0.002123	0.021231	0.012739	0.007431	0.021231	0.014862	0.009554	0.007431	0.010616	0.013800	0.004246	0.002123	0.011677	0.009554	0.004246	0.006369	0.007431	0.014862	0.004246	0.010616	0.013800	0.044586	0.008493	0.026539	0.039278	0.020170	0.004246	0.005308	0.012739	0.025478	0.011677	0.010616	0.020170	0.043524	0.014862	0.026539	0.056263	
0.070064	0.012739	0.027601	0.045648	0.025478	0.002123	0.007431	0.007431	0.023355	0.015924	0.013800	0.015924	0.040340	0.012739	0.015924	0.032909	0.022293	0.010616	0.012739	0.015924	0.007431	0.005308	0.002123	0.006369	0.003185	0.004246	0.002123	0.004246	0.012739	0.007431	0.007431	0.021231	0.025478	0.009554	0.010616	0.028662	0.006369	0.006369	0.006369	0.011677	0.011677	0.007431	0.004246	0.008493	0.014862	0.009554	0.007431	0.013800	0.055202	0.008493	0.026539	0.039278	0.026539	0.003185	0.006369	0.012739	0.030786	0.006369	0.009554	0.015924	0.039278	0.024416	0.015924	0.049894	
0.073248	0.020170	0.021231	0.058386	0.015924	0.005308	0.005308	0.014862	0.027601	0.014862	0.012739	0.022293	0.042463	0.018047	0.022293	0.046709	0.029724	0.006369	0.016985	0.012739	0.006369	0.001062	0.003185	0.006369	0.006369	0.006369	0.005308	0.004246	0.012739	0.005308	0.005308	0.014862	0.027601	0.007431	0.009554	0.024416	0.008493	0.003185	0.007431	0.014862	0.012739	0.003185	0.005308	0.008493	0.016985	0.006369	0.006369	0.014862	0.043524	0.009554	0.021231	0.032909	0.023355	0.010616	0.005308	0.014862	0.014862	0.004246	0.011677	0.015924	0.039278	0.014862	0.023355	0.040340	
0.082803	0.021231	0.031847	0.038217	0.022293	0.005308	0.004246	0.011677	0.029724	0.014862	0.010616	0.013800	0.050955	0.009554	0.016985	0.050955	0.019108	0.005308	0.014862	0.014862	0.002123	0.006369	0.005308	0.006369	0.009554	0.002123	0.005308	0.004246	0.018047	0.004246	0.006369	0.022293	0.025478	0.008493	0.012739	0.014862	0.010616	0.002123	0.002123	0.013800	0.014862	0.003185	0.007431	0.009554	0.014862	0.010616	0.006369	0.019108	0.041401	0.007431	0.016985	0.045648	0.019108	0.003185	0.004246	0.018047	0.020170	0.011677	0.011677	0.013800	0.040340	0.011677	0.014862	0.049894	
0.066879	0.012739	0.026539	0.062633	0.021231	0.005308	0.006369	0.009554	0.033970	0.012739	0.011677	0.018047	0.044586	0.018047	0.010616	0.040340	0.021231	0.012739	0.008493	0.011677	0.004246	0.002123	0.001062	0.009554	0.004246	0.005308	0.001062	0.005308	0.014862	0.009554	0.006369	0.019108	0.036093	0.011677	0.005308	0.021231	0.009554	0.001062	0.003185	0.018047	0.010616	0.011677	0.003185	0.009554	0.014862	0.007431	0.003185	0.015924	0.048832	0.012739	0.016985	0.045648	0.010616	0.006369	0.005308	0.013800	0.015924	0.005308	0.011677	0.011677	0.056263	0.011677	0.015924	0.058386	
0.072187	0.020170	0.032909	0.047771	0.019108	0.007431	0.007431	0.015924	0.024416	0.012739	0.007431	0.012739	0.048832	0.025478	0.016985	0.049894	0.021231	0.004246	0.008493	0.011677	0.003185	0.002123	0.003185	0.006369	0.003185	0.004246	0.002123	0.006369	0.018047	0.002123	0.012739	0.018047	0.026539	0.011677	0.007431	0.019108	0.011677	0.003185	0.005308	0.014862	0.009554	0.006369	0.003185	0.008493	0.009554	0.007431	0.007431	0.020170	0.056263	0.012739	0.012739	0.048832	0.021231	0.005308	0.006369	0.013800	0.011677	0.001062	0.006369	0.016985	0.054140	0.012739	0.025478	0.041401	
0.074310	0.024416	0.027601	0.049894	0.016985	0.006369	0.004246	0.021231	0.019108	0.011677	0.011677	0.019108	0.052017	0.012739	0.018047	0.044586	0.023355	0.008493	0.011677	0.011677	0.011677	0.002123	0.002123	0.002123	0.007431	0.005308	0.003185	0.006369	0.016985	0.003185	0.007431	0.023355	0.023355	0.010616	0.004246	0.010616	0.009554	0.002123	0.002123	0.010616	0.005308	0.003185	0.005308	0.005308	0.016985	0.007431	0.007431	0.012739	0.061571	0.010616	0.010616	0.047771	0.018047	0.006369	0.002123	0.021231	0.028662	0.008493	0.011677	0.013800	0.045648	0.010616	0.016985	0.056263	
0.085987	0.015924	0.026539	0.054140	0.016985	0.004246	0.006369	0.026539	0.019108	0.009554	0.009554	0.015924	0.037155	0.019108	0.019108	0.044586	0.029724	0.006369	0.009554	0.010616	0.004246	0.001062	0.003185	0.008493	0.005308	0.002123	0.001062	0.002123	0.013800	0.006369	0.009554	0.025478	0.032909	0.005308	0.009554	0.012739	0.009554	0.003185	0.004246	0.011677	0.010616	0.007431	0.009554	0.004246	0.015924	0.009554	0.004246	0.014862	0.060510	0.013800	0.013800	0.043524	0.014862	0.005308	0.005308	0.008493	0.020170	0.006369	0.009554	0.013800	0.045648	0.011677	0.019108	0.060510	
0.091295	0.018047	0.030786	0.069002	0.015924	0.001062	0.006369	0.018047	0.030786	0.009554	0.006369	0.012739	0.037155	0.016985	0.016985	0.049894	0.016985	0.004246	0.012739	0.011677	0.004246	0.001062	0.003185	0.005308	0.005308	0.001062	0.006369	0.006369	0.016985	0.006369	0.006369	0.025478	0.026539	0.009554	0.007431	0.011677	0.006369	0.004246	0.003185	0.011677	0.011677	0.005308	0.008493	0.004246	0.013800	0.004246	0.006369	0.011677	0.048832	0.015924	0.018047	0.029724	0.023355	0.004246	0.003185	0.015924	0.024416	0.006369	0.008493	0.012739	0.049894	0.010616	0.032909	0.052017	
0.087049	0.020170	0.028662	0.047771	0.015924	0.005308	0.005308	0.021231	0.033970	0.009554	0.014862	0.010616	0.033970	0.016985	0.018047	0.053079	0.022293	0.006369	0.007431	0.013800	0.003185	0.002123	0.001062	0.004246	0.002123	0.007431	0.001062	0.005308	0.022293	0.005308	0.005308	0.018047	0.033970	0.009554	0.010616	0.018047	0.008493	0.004246	0.003185	0.006369	0.009554	0.006369	0.003185	0.010616	0.011677	0.008493	0.007431	0.008493	0.058386	0.007431	0.014862	0.037155	0.014862	0.005308	0.005308	0.012739	0.027601	0.006369	0.009554	0.019108	0.055202	0.010616	0.012739	0.060510	
0.095541	0.021231	0.029724	0.055202	0.018047	0.004246	0.006369	0.014862	0.040340	0.008493	0.003185	0.009554	0.039278	0.010616	0.016985	0.049894	0.016985	0.005308	0.008493	0.011677	0.006369	0.002123	0.003185	0.005308	0.005308	0.003185	0.002123	0.004246	0.012739	0.003185	0.009554	0.019108	0.045648	0.008493	0.004246	0.014862	0.014862	0.002123	0.003185	0.009554	0.010616	0.004246	0.004246	0.009554	0.014862	0.006369	0.009554	0.014862	0.054140	0.013800	0.014862	0.040340	0.013800	0.005308	0.004246	0.018047	0.018047	0.004246	0.004246	0.016985	0.048832	0.008493	0.015924	0.066879	
0.117834	0.014862	0.037155	0.042463	0.018047	0.003185	0.004246	0.023355	0.029724	0.007431	0.007431	0.012739	0.044586	0.010616	0.024416	0.042463	0.024416	0.004246	0.011677	0.012739	0.004246	0.001062	0.005308	0.003185	0.005308	0.004246	0.002123	0.005308	0.014862	0.007431	0.007431	0.018047	0.033970	0.008493	0.012739	0.019108	0.006369	0.002123	0.004246	0.007431	0.003185	0.005308	0.004246	0.001062	0.018047	0.003185	0.008493	0.010616	0.054140	0.007431	0.015924	0.038217	0.009554	0.003185	0.005308	0.010616	0.022293	0.006369	0.013800	0.009554	0.058386	0.007431	0.019108	0.065817	
0.111465	0.013800	0.058386	0.046709	0.007431	0.004246	0.009554	0.013800	0.041401	0.005308	0.019108	0.011677	0.037155	0.013800	0.018047	0.043524	0.020170	0.002123	0.007431	0.008493	0.004246	0.002123	0.002123	0.001062	0.007431	0.004246	0.004246	0.003185	0.011677	0.002123	0.010616	0.020170	0.031847	0.003185	0.006369	0.019108	0.011677	0.005308	0.001062	0.005308	0.014862	0.003185	0.004246	0.005308	0.011677	0.001062	0.002123	0.013800	0.060510	0.012739	0.030786	0.031847	0.011677	0.002123	0.005308	0.009554	0.023355	0.007431	0.010616	0.018047	0.041401	0.007431	0.018047	0.070064	
0.107219	0.013800	0.053079	0.049894	0.011677	0.002123	0.009554	0.008493	0.050955	0.003185	0.020170	0.028662	0.033970	0.012739	0.023355	0.036093	0.014862	0.004246	0.005308	0.010616	0.003185	0.003185	0.002123	0.005308	0.006369	0.003185	0.004246	0.004246	0.007431	0.004246	0.005308	0.012739	0.044586	0.010616	0.015924	0.015924	0.004246	0.002123	0.005308	0.008493	0.025478	0.004246	0.002123	0.006369	0.008493	0.004246	0.010616	0.014862	0.045648	0.009554	0.021231	0.025478	0.015924	0.001062	0.002123	0.005308	0.020170	0.006369	0.011677	0.010616	0.043524	0.012739	0.027601	0.063694	
0.107219	0.010616	0.062633	0.031847	0.019108	0.004246	0.009554	0.005308	0.048832	0.006369	0.028662	0.011677	0.036093	0.004246	0.027601	0.033970	0.012739	0.002123	0.009554	0.010616	0.002123	0.001062	0.002123	0.003185	0.005308	0.003185	0.007431	0.003185	0.008493	0.004246	0.002123	0.012739	0.062633	0.007431	0.018047	0.014862	0.007431	0.001062	0.004246	0.004246	0.018047	0.004246	0.007431	0.008493	0.018047	0.005308	0.013800	0.012739	0.033970	0.004246	0.031847	0.023355	0.010616	0.003185	0.006369	0.013800	0.025478	0.007431	0.024416	0.009554	0.056263	0.008493	0.030786	0.031847	
0.107219	0.013800	0.065817	0.029724	0.010616	0.003185	0.004246	0.006369	0.050955	0.006369	0.050955	0.013800	0.035032	0.004246	0.012739	0.028662	0.019108	0.002123	0.011677	0.006369	0.002123	0.002123	0.001062	0.004246	0.009554	0.002123	0.007431	0.003185	0.005308	0.002123	0.004246	0.014862	0.053079	0.006369	0.023355	0.014862	0.005308	0.003185	0.003185	0.009554	0.038217	0.007431	0.011677	0.010616	0.009554	0.003185	0.005308	0.014862	0.052017	0.009554	0.035032	0.022293	0.011677	0.002123	0.003185	0.005308	0.027601	0.011677	0.018047	0.016985	0.037155	0.006369	0.014862	0.032909	
0.107219	0.005308	0.087049	0.031847	0.013800	0.003185	0.003185	0.011677	0.042463	0.007431	0.064756	0.021231	0.024416	0.003185	0.019108	0.026539	0.010616	0.002123	0.010616	0.006369	0.002123	0.001062	0.001062	0.006369	0.006369	0.001062	0.003185	0.001062	0.008493	0.002123	0.005308	0.009554	0.041401	0.002123	0.059448	0.023355	0.008493	0.002123	0.003185	0.013800	0.056263	0.003185	0.021231	0.007431	0.014862	0.004246	0.006369	0.019108	0.036093	0.002123	0.031847	0.016985	0.006369	0.002123	0.001062	0.006369	0.016985	0.003185	0.010616	0.006369	0.027601	0.010616	0.016985	0.036093	
0.092357	0.012739	0.078556	0.011677	0.007431	0.001062	0.001062	0.002123	0.062633	0.008493	0.104034	0.013800	0.039278	0.004246	0.016985	0.018047	0.016985	0.002123	0.008493	0.003185	0.003185	0.002123	0.001062	0.002123	0.001062	0.001062	0.004246	0.002123	0.015924	0.002123	0.009554	0.010616	0.053079	0.003185	0.060510	0.005308	0.005308	0.001062	0.003185	0.005308	0.058386	0.002123	0.024416	0.014862	0.012739	0.003185	0.015924	0.004246	0.031847	0.006369	0.023355	0.013800	0.009554	0.001062	0.006369	0.003185	0.020170	0.003185	0.020170	0.004246	0.038217	0.004246	0.029724	0.019108	
0.063694	0.007431	0.098726	0.024416	0.006369	0.003185	0.007431	0.007431	0.049894	0.007431	0.099788	0.013800	0.014862	0.002123	0.008493	0.008493	0.006369	0.003185	0.010616	0.005308	0.001062	0.002123	0.001062	0.001062	0.002123	0.001062	0.007431	0.001062	0.004246	0.001062	0.002123	0.005308	0.043524	0.006369	0.079618	0.012739	0.006369	0.003185	0.002123	0.003185	0.097665	0.006369	0.019108	0.029724	0.011677	0.006369	0.007431	0.009554	0.038217	0.005308	0.041401	0.021231	0.006369	0.001062	0.003185	0.003185	0.026539	0.003185	0.035032	0.007431	0.016985	0.003185	0.012739	0.019108	
0.044586	0.003185	0.091295	0.012739	0.011677	0.002123	0.002123	0.006369	0.055202	0.003185	0.156051	0.015924	0.029724	0.003185	0.016985	0.013800	0.008493	0.002123	0.005308	0.004246	0.002123	0.002123	0.002123	0.003185	0.007431	0.002123	0.002123	0.002123	0.006369	0.001062	0.003185	0.004246	0.046709	0.006369	0.107219	0.015924	0.002123	0.002123	0.004246	0.009554	0.113588	0.006369	0.016985	0.024416	0.013800	0.001062	0.022293	0.014862	0.019108	0.002123	0.013800	0.012739	0.005308	0.001062	0.002123	0.004246	0.014862	0.002123	0.010616	0.003185	0.010616	0.009554	0.014862	0.007431	
0.038217	0.006369	0.042463	0.031847	0.006369	0.003185	0.001062	0.003185	0.049894	0.006369	0.147558	0.013800	0.011677	0.008493	0.012739	0.012739	0.009554	0.003185	0.005308	0.003185	0.002123	0.001062	0.001062	0.003185	0.002123	0.002123	0.003185	0.003185	0.007431	0.003185	0.004246	0.008493	0.046709	0.009554	0.114650	0.020170	0.003185	0.003185	0.004246	0.003185	0.119958	0.003185	0.030786	0.031847	0.013800	0.004246	0.022293	0.005308	0.026539	0.004246	0.014862	0.014862	0.005308	0.001062	0.004246	0.004246	0.016985	0.004246	0.024416	0.011677	0.012739	0.005308	0.011677	0.010616	
0.031847	0.014862	0.027601	0.046709	0.005308	0.002123	0.004246	0.011677	0.056263	0.010616	0.085987	0.024416	0.022293	0.011677	0.011677	0.024416	0.005308	0.003185	0.002123	0.006369	0.003185	0.001062	0.002123	0.002123	0.006369	0.001062	0.002123	0.001062	0.005308	0.001062	0.001062	0.006369	0.046709	0.012739	0.100849	0.028662	0.004246	0.003185	0.002123	0.006369	0.134820	0.006369	0.022293	0.042463	0.015924	0.005308	0.020170	0.019108	0.024416	0.007431	0.003185	0.010616	0.006369	0.003185	0.003185	0.008493	0.019108	0.007431	0.008493	0.015924	0.014862	0.002123	0.007431	0.012739	
0.054140	0.009554	0.020170	0.024416	0.016985	0.004246	0.006369	0.010616	0.061571	0.008493	0.041401	0.022293	0.040340	0.006369	0.014862	0.030786	0.006369	0.001062	0.005308	0.006369	0.003185	0.002123	0.001062	0.003185	0.004246	0.002123	0.003185	0.002123	0.007431	0.003185	0.008493	0.009554	0.079618	0.012739	0.083864	0.040340	0.011677	0.002123	0.003185	0.008493	0.057325	0.014862	0.010616	0.036093	0.027601	0.008493	0.024416	0.023355	0.027601	0.004246	0.009554	0.016985	0.005308	0.003185	0.003185	0.008493	0.019108	0.002123	0.009554	0.009554	0.011677	0.004246	0.015924	0.030786	
0.087049	0.020170	0.032909	0.027601	0.008493	0.003185	0.007431	0.008493	0.066879	0.008493	0.024416	0.019108	0.031847	0.011677	0.012739	0.031847	0.012739	0.006369	0.005308	0.012739	0.005308	0.001062	0.003185	0.002123	0.004246	0.004246	0.003185	0.002123	0.007431	0.002123	0.004246	0.016985	0.072187	0.010616	0.028662	0.030786	0.008493	0.003185	0.007431	0.008493	0.032909	0.008493	0.009554	0.013800	0.026539	0.005308	0.011677	0.026539	0.054140	0.006369	0.009554	0.016985	0.010616	0.004246	0.001062	0.006369	0.026539	0.006369	0.012739	0.018047	0.026539	0.009554	0.028662	0.029724	
0.109342	0.024416	0.032909	0.059448	0.021231	0.003185	0.005308	0.013800	0.037155	0.008493	0.007431	0.023355	0.025478	0.011677	0.007431	0.043524	0.011677	0.003185	0.009554	0.008493	0.002123	0.002123	0.001062	0.006369	0.007431	0.002123	0.004246	0.005308	0.010616	0.002123	0.004246	0.008493	0.054140	0.013800	0.024416	0.038217	0.007431	0.004246	0.005308	0.010616	0.021231	0.005308	0.003185	0.020170	0.007431	0.011677	0.007431	0.026539	0.040340	0.005308	0.022293	0.024416	0.010616	0.004246	0.002123	0.011677	0.022293	0.006369	0.009554	0.019108	0.029724	0.011677	0.011677	0.052017	
0.111465	0.023355	0.046709	0.033970	0.025478	0.006369	0.007431	0.007431	0.037155	0.014862	0.018047	0.019108	0.055202	0.015924	0.026539	0.032909	0.021231	0.007431	0.007431	0.005308	0.006369	0.003185	0.002123	0.002123	0.004246	0.002123	0.002123	0.005308	0.011677	0.006369	0.008493	0.015924	0.042463	0.011677	0.014862	0.019108	0.012739	0.002123	0.003185	0.004246	0.008493	0.006369	0.003185	0.006369	0.018047	0.013800	0.010616	0.025478	0.042463	0.004246	0.008493	0.018047	0.014862	0.005308	0.005308	0.011677	0.011677	0.008493	0.004246	0.006369	0.054140	0.019108	0.016985	0.040340	
0.094480	0.029724	0.025478	0.067941	0.012739	0.005308	0.004246	0.024416	0.027601	0.015924	0.016985	0.016985	0.026539	0.007431	0.005308	0.037155	0.023355	0.008493	0.007431	0.020170	0.003185	0.004246	0.002123	0.007431	0.005308	0.004246	0.001062	0.007431	0.007431	0.005308	0.002123	0.010616	0.029724	0.009554	0.010616	0.011677	0.008493	0.006369	0.003185	0.013800	0.008493	0.006369	0.003185	0.009554	0.011677	0.008493	0.004246	0.012739	0.063694	0.020170	0.006369	0.048832	0.021231	0.006369	0.002123	0.025478	0.028662	0.008493	0.002123	0.023355	0.035032	0.008493	0.010616	0.060510	
0.109342	0.021231	0.030786	0.049894	0.026539	0.004246	0.007431	0.029724	0.023355	0.007431	0.001062	0.018047	0.030786	0.033970	0.003185	0.080679	0.021231	0.002123	0.004246	0.018047	0.002123	0.004246	0.002123	0.013800	0.004246	0.002123	0.001062	0.004246	0.016985	0.012739	0.010616	0.030786	0.026539	0.008493	0.010616	0.024416	0.008493	0.006369	0.003185	0.016985	0.005308	0.005308	0.006369	0.006369	0.010616	0.010616	0.009554	0.026539	0.038217	0.008493	0.012739	0.021231	0.010616	0.002123	0.003185	0.013800	0.009554	0.003185	0.001062	0.008493	0.020170	0.020170	0.014862	0.065817	
0.177282	0.001062	0.010616	0.006369	0.035032	0.001062	0.001062	0.003185	0.048832	0.001062	0.004246	0.004246	0.101911	0.001062	0.003185	0.007431	0.032909	0.001062	0.010616	0.003185	0.011677	0.001062	0.002123	0.002123	0.011677	0.001062	0.002123	0.001062	0.065817	0.001062	0.003185	0.004246	0.036093	0.001062	0.001062	0.004246	0.012739	0.001062	0.003185	0.001062	0.005308	0.001062	0.002123	0.001062	0.029724	0.001062	0.002123	0.004246	0.067941	0.001062	0.004246	0.005308	0.067941	0.001062	0.006369	0.002123	0.033970	0.001062	0.001062	0.002123	0.191083	0.001062	0.006369	0.005308	
0.001062	0.001062	0.001062	0.311040	0.001062	0.001062	0.001062	0.001062	0.001062	0.001062	0.001062	0.023355	0.001062	0.001062	0.001062	0.015924	0.001062	0.001062	0.001062	0.124204	0.001062	0.001062	0.001062	0.001062	0.001062	0.001062	0.001062	0.009554	0.001062	0.001062	0.001062	0.005308	0.001062	0.001062	0.001062	0.096603	0.001062	0.001062	0.001062	0.001062	0.001062	0.001062	0.001062	0.006369	0.001062	0.001062	0.001062	0.005308	0.001062	0.001062	0.001062	0.385350	0.001062	0.001062	0.001062	0.001062	0.001062	0.001062	0.001062	0.011677	0.001062	0.001062	0.001062	0.018047	
0.001062	0.001062	0.001062	0.001062	0.001062	0.001062	0.001062	0.001062	0.001062	0.001062	0.001062	0.001062	0.001062	0.001062	0.914013	0.001062	0.001062	0.001062	0.001062	0.001062	0.001062	0.001062	0.001062	0.001062	0.001062	0.001062	0.001062	0.001062	0.001062	0.001062	0.001062	0.001062	0.001062	0.001062	0.001062	0.001062	0.001062	0.001062	0.001062	0.001062	0.001062	0.001062	0.001062	0.001062	0.001062	0.001062	0.047771	0.001062	0.001062	0.001062	0.001062	0.001062	0.001062	0.001062	0.001062	0.001062	0.001062	0.001062	0.001062	0.001062	0.001062	0.001062	0.041401	0.001062	
0.001062	0.001062	0.001062	0.001062	0.001062	0.001062	0.001062	0.001062	0.001062	0.001062	0.001062	0.001062	0.001062	0.001062	0.001062	0.001062	0.001062	0.001062	0.001062	0.001062	0.001062	0.001062	0.001062	0.001062	0.001062	0.001062	0.001062	0.001062	0.001062	0.001062	0.001062	0.001062	0.001062	0.001062	0.001062	0.001062	0.001062	0.001062	0.001062	0.001062	0.001062	0.001062	0.001062	0.001062	0.001062	0.001062	0.001062	0.001062	0.001062	0.001062	0.001062	0.001062	0.001062	0.001062	0.001062	0.001062	0.541401	0.071125	0.237792	0.153928	0.001062	0.001062	0.001062	0.001062	
0.001062	0.001062	0.001062	0.001062	0.001062	0.001062	0.001062	0.001062	0.001062	0.001062	0.001062	0.001062	0.001062	0.001062	0.001062	0.001062	0.001062	0.001062	0.001062	0.001062	0.001062	0.001062	0.001062	0.001062	0.001062	0.001062	0.001062	0.001062	0.001062	0.001062	0.001062	0.001062	0.260085	0.134820	0.053079	0.096603	0.019108	0.018047	0.008493	0.028662	0.090234	0.091295	0.019108	0.040340	0.010616	0.078556	0.008493	0.059448	0.001062	0.001062	0.001062	0.001062	0.001062	0.001062	0.001062	0.001062	0.001062	0.001062	0.001062	0.001062	0.001062	0.001062	0.001062	0.001062	
0.177282	0.015924	0.029724	0.040340	0.071125	0.008493	0.008493	0.049894	0.022293	0.008493	0.005308	0.020170	0.023355	0.003185	0.029724	0.043524	0.007431	0.002123	0.009554	0.003185	0.012739	0.002123	0.001062	0.005308	0.004246	0.002123	0.001062	0.004246	0.010616	0.006369	0.007431	0.007431	0.048832	0.005308	0.010616	0.028662	0.056263	0.004246	0.004246	0.029724	0.009554	0.004246	0.005308	0.003185	0.019108	0.007431	0.001062	0.015924	0.001062	0.003185	0.001062	0.008493	0.036093	0.006369	0.006369	0.032909	0.001062	0.002123	0.006369	0.002123	0.028662	0.005308	0.008493	0.020170	
0.138004	0.031847	0.032909	0.031847	0.011677	0.003185	0.004246	0.007431	0.025478	0.006369	0.013800	0.005308	0.038217	0.012739	0.008493	0.021231	0.078556	0.023355	0.055202	0.019108	0.008493	0.004246	0.003185	0.005308	0.009554	0.002123	0.004246	0.004246	0.056263	0.010616	0.020170	0.030786	0.013800	0.006369	0.007431	0.009554	0.006369	0.003185	0.002123	0.005308	0.008493	0.002123	0.004246	0.003185	0.012739	0.004246	0.008493	0.004246	0.038217	0.007431	0.024416	0.011677	0.011677	0.003185	0.003185	0.004246	0.021231	0.007431	0.009554	0.008493	0.038217	0.009554	0.015924	0.023355	
0.143312	0.030786	0.023355	0.071125	0.026539	0.011677	0.010616	0.020170	0.063694	0.012739	0.009554	0.033970	0.011677	0.007431	0.003185	0.049894	0.015924	0.005308	0.007431	0.009554	0.003185	0.004246	0.004246	0.002123	0.006369	0.001062	0.003185	0.002123	0.008493	0.002123	0.005308	0.006369	0.031847	0.011677	0.007431	0.013800	0.004246	0.004246	0.005308	0.004246	0.013800	0.009554	0.003185	0.005308	0.006369	0.003185	0.001062	0.010616	0.082803	0.019108	0.011677	0.031847	0.023355	0.002123	0.006369	0.005308	0.027601	0.012739	0.006369	0.006369	0.024416	0.009554	0.004246	0.041401	
0.148620	0.016985	0.048832	0.059448	0.035032	0.008493	0.006369	0.016985	0.029724	0.006369	0.004246	0.009554	0.021231	0.016985	0.021231	0.066879	0.032909	0.005308	0.011677	0.007431	0.009554	0.002123	0.004246	0.006369	0.001062	0.006369	0.003185	0.015924	0.008493	0.008493	0.005308	0.009554	0.056263	0.008493	0.008493	0.038217	0.021231	0.001062	0.004246	0.009554	0.011677	0.003185	0.001062	0.006369	0.015924	0.008493	0.006369	0.016985	0.001062	0.006369	0.001062	0.042463	0.012739	0.002123	0.001062	0.006369	0.001062	0.002123	0.007431	0.003185	0.052017	0.006369	0.013800	0.036093	
0.107219	0.036093	0.056263	0.039278	0.020170	0.006369	0.006369	0.004246	0.037155	0.007431	0.015924	0.009554	0.063694	0.023355	0.015924	0.044586	0.030786	0.014862	0.015924	0.016985	0.007431	0.003185	0.001062	0.002123	0.005308	0.002123	0.003185	0.005308	0.013800	0.002123	0.007431	0.015924	0.025478	0.003185	0.004246	0.010616	0.009554	0.004246	0.001062	0.003185	0.007431	0.002123	0.001062	0.005308	0.014862	0.004246	0.004246	0.011677	0.033970	0.018047	0.030786	0.014862	0.016985	0.002123	0.008493	0.012739	0.021231	0.008493	0.004246	0.012739	0.049894	0.019108	0.032909	0.027601	
0.077495	0.035032	0.024416	0.060510	0.031847	0.010616	0.010616	0.019108	0.059448	0.018047	0.006369	0.023355	0.011677	0.014862	0.003185	0.052017	0.020170	0.010616	0.008493	0.014862	0.006369	0.002123	0.002123	0.005308	0.007431	0.003185	0.002123	0.004246	0.003185	0.004246	0.003185	0.011677	0.039278	0.010616	0.008493	0.012739	0.006369	0.006369	0.004246	0.003185	0.011677	0.003185	0.002123	0.007431	0.008493	0.010616	0.001062	0.012739	0.059448	0.024416	0.013800	0.044586	0.022293	0.007431	0.004246	0.014862	0.026539	0.009554	0.008493	0.015924	0.012739	0.021231	0.007431	0.058386	
0.109342	0.013800	0.032909	0.040340	0.040340	0.006369	0.008493	0.025478	0.033970	0.003185	0.006369	0.011677	0.020170	0.021231	0.011677	0.079618	0.040340	0.004246	0.010616	0.011677	0.007431	0.004246	0.004246	0.010616	0.004246	0.003185	0.001062	0.012739	0.009554	0.004246	0.002123	0.026539	0.056263	0.005308	0.014862	0.028662	0.016985	0.005308	0.002123	0.009554	0.007431	0.002123	0.003185	0.006369	0.018047	0.006369	0.002123	0.024416	0.001062	0.006369	0.001062	0.027601	0.023355	0.004246	0.003185	0.020170	0.001062	0.003185	0.005308	0.005308	0.046709	0.009554	0.020170	0.058386	
0.094480	0.035032	0.045648	0.031847	0.014862	0.003185	0.007431	0.004246	0.029724	0.007431	0.010616	0.011677	0.044586	0.018047	0.021231	0.024416	0.036093	0.015924	0.024416	0.011677	0.007431	0.002123	0.002123	0.008493	0.009554	0.003185	0.002123	0.003185	0.019108	0.006369	0.013800	0.026539	0.028662	0.006369	0.005308	0.006369	0.004246	0.003185	0.001062	0.003185	0.006369	0.004246	0.002123	0.003185	0.020170	0.006369	0.005308	0.004246	0.035032	0.009554	0.032909	0.016985	0.023355	0.005308	0.005308	0.007431	0.013800	0.006369	0.006369	0.009554	0.075372	0.014862	0.041401	0.057325	
0.076433	0.040340	0.020170	0.057325	0.024416	0.007431	0.014862	0.020170	0.049894	0.014862	0.012739	0.030786	0.012739	0.010616	0.003185	0.040340	0.019108	0.010616	0.006369	0.013800	0.004246	0.003185	0.001062	0.005308	0.004246	0.005308	0.003185	0.003185	0.006369	0.005308	0.004246	0.007431	0.024416	0.008493	0.004246	0.022293	0.007431	0.001062	0.003185	0.009554	0.008493	0.003185	0.003185	0.006369	0.003185	0.002123	0.003185	0.019108	0.066879	0.024416	0.013800	0.054140	0.019108	0.004246	0.010616	0.011677	0.040340	0.010616	0.010616	0.020170	0.025478	0.019108	0.006369	0.061571	
0.116773	0.011677	0.021231	0.037155	0.040340	0.011677	0.009554	0.022293	0.025478	0.004246	0.005308	0.009554	0.019108	0.019108	0.019108	0.090234	0.033970	0.002123	0.010616	0.008493	0.007431	0.002123	0.003185	0.003185	0.005308	0.008493	0.001062	0.014862	0.011677	0.004246	0.010616	0.020170	0.047771	0.007431	0.013800	0.033970	0.018047	0.002123	0.002123	0.011677	0.010616	0.007431	0.004246	0.007431	0.018047	0.007431	0.007431	0.027601	0.001062	0.013800	0.001062	0.031847	0.010616	0.006369	0.003185	0.016985	0.001062	0.003185	0.008493	0.004246	0.042463	0.008493	0.015924	0.061571	
0.094480	0.030786	0.036093	0.038217	0.014862	0.010616	0.002123	0.007431	0.014862	0.013800	0.008493	0.009554	0.031847	0.019108	0.027601	0.032909	0.025478	0.010616	0.019108	0.021231	0.009554	0.001062	0.002123	0.009554	0.006369	0.005308	0.003185	0.003185	0.014862	0.010616	0.012739	0.015924	0.020170	0.007431	0.005308	0.009554	0.007431	0.004246	0.002123	0.009554	0.005308	0.003185	0.005308	0.005308	0.010616	0.004246	0.006369	0.014862	0.037155	0.013800	0.012739	0.027601	0.019108	0.005308	0.006369	0.008493	0.018047	0.011677	0.013800	0.009554	0.067941	0.023355	0.055202	0.053079	
0.074310	0.032909	0.015924	0.054140	0.019108	0.006369	0.015924	0.021231	0.029724	0.014862	0.012739	0.015924	0.012739	0.018047	0.008493	0.057325	0.019108	0.007431	0.007431	0.016985	0.006369	0.002123	0.007431	0.005308	0.003185	0.001062	0.003185	0.005308	0.005308	0.002123	0.004246	0.023355	0.018047	0.009554	0.006369	0.010616	0.012739	0.005308	0.005308	0.010616	0.010616	0.003185	0.004246	0.012739	0.004246	0.006369	0.004246	0.012739	0.045648	0.016985	0.013800	0.048832	0.023355	0.008493	0.008493	0.016985	0.036093	0.021231	0.023355	0.021231	0.013800	0.015924	0.008493	0.078556	
0.079618	0.003185	0.018047	0.056263	0.028662	0.011677	0.003185	0.023355	0.016985	0.009554	0.004246	0.012739	0.018047	0.021231	0.015924	0.075372	0.028662	0.004246	0.013800	0.014862	0.008493	0.004246	0.001062	0.008493	0.003185	0.009554	0.003185	0.021231	0.015924	0.006369	0.007431	0.024416	0.030786	0.008493	0.008493	0.031847	0.014862	0.007431	0.004246	0.013800	0.016985	0.006369	0.007431	0.012739	0.009554	0.005308	0.009554	0.030786	0.001062	0.006369	0.001062	0.027601	0.022293	0.003185	0.005308	0.011677	0.001062	0.005308	0.013800	0.005308	0.072187	0.007431	0.020170	0.072187	
0.072187	0.015924	0.028662	0.023355	0.007431	0.005308	0.003185	0.006369	0.016985	0.010616	0.007431	0.006369	0.055202	0.011677	0.028662	0.035032	0.029724	0.010616	0.022293	0.011677	0.011677	0.004246	0.003185	0.007431	0.006369	0.003185	0.001062	0.003185	0.016985	0.011677	0.014862	0.013800	0.018047	0.006369	0.008493	0.005308	0.008493	0.001062	0.007431	0.013800	0.011677	0.004246	0.006369	0.006369	0.014862	0.010616	0.008493	0.018047	0.042463	0.021231	0.029724	0.022293	0.019108	0.005308	0.009554	0.006369	0.025478	0.009554	0.008493	0.009554	0.069002	0.022293	0.072187	0.039278	
0.079618	0.024416	0.020170	0.038217	0.019108	0.005308	0.008493	0.021231	0.035032	0.016985	0.012739	0.024416	0.006369	0.014862	0.004246	0.037155	0.021231	0.005308	0.005308	0.014862	0.005308	0.004246	0.001062	0.005308	0.007431	0.004246	0.005308	0.006369	0.008493	0.004246	0.003185	0.018047	0.019108	0.012739	0.009554	0.019108	0.006369	0.003185	0.009554	0.008493	0.010616	0.005308	0.003185	0.004246	0.003185	0.004246	0.001062	0.016985	0.056263	0.023355	0.009554	0.066879	0.025478	0.007431	0.010616	0.012739	0.046709	0.021231	0.022293	0.033970	0.021231	0.008493	0.011677	0.064756	
0.083864	0.020170	0.026539	0.045648	0.028662	0.010616	0.003185	0.023355	0.011677	0.009554	0.005308	0.018047	0.014862	0.023355	0.019108	0.081741	0.023355	0.009554	0.008493	0.014862	0.008493	0.002123	0.001062	0.008493	0.003185	0.009554	0.003185	0.013800	0.012739	0.008493	0.007431	0.019108	0.043524	0.008493	0.012739	0.035032	0.012739	0.005308	0.004246	0.025478	0.012739	0.005308	0.006369	0.019108	0.011677	0.007431	0.009554	0.040340	0.001062	0.010616	0.001062	0.026539	0.011677	0.003185	0.001062	0.015924	0.001062	0.002123	0.007431	0.009554	0.058386	0.006369	0.021231	0.050955	
0.057325	0.024416	0.033970	0.036093	0.016985	0.010616	0.010616	0.010616	0.021231	0.007431	0.013800	0.006369	0.045648	0.019108	0.025478	0.031847	0.019108	0.009554	0.021231	0.011677	0.008493	0.006369	0.005308	0.001062	0.002123	0.003185	0.003185	0.001062	0.019108	0.015924	0.023355	0.014862	0.012739	0.004246	0.009554	0.002123	0.007431	0.006369	0.008493	0.004246	0.008493	0.003185	0.004246	0.006369	0.019108	0.011677	0.014862	0.014862	0.041401	0.012739	0.021231	0.022293	0.023355	0.004246	0.011677	0.006369	0.021231	0.012739	0.015924	0.007431	0.055202	0.025478	0.065817	0.045648	
0.070064	0.023355	0.012739	0.024416	0.021231	0.003185	0.012739	0.013800	0.035032	0.019108	0.014862	0.016985	0.012739	0.011677	0.007431	0.040340	0.015924	0.008493	0.011677	0.020170	0.008493	0.008493	0.002123	0.008493	0.013800	0.006369	0.006369	0.009554	0.005308	0.007431	0.001062	0.008493	0.020170	0.013800	0.003185	0.015924	0.007431	0.006369	0.004246	0.008493	0.015924	0.005308	0.006369	0.009554	0.004246	0.007431	0.003185	0.006369	0.062633	0.019108	0.009554	0.047771	0.016985	0.013800	0.010616	0.030786	0.042463	0.028662	0.027601	0.030786	0.021231	0.016985	0.010616	0.058386	
0.081741	0.018047	0.021231	0.047771	0.028662	0.012739	0.008493	0.014862	0.010616	0.008493	0.003185	0.014862	0.014862	0.019108	0.020170	0.054140	0.023355	0.006369	0.013800	0.010616	0.007431	0.005308	0.002123	0.016985	0.004246	0.004246	0.003185	0.018047	0.015924	0.007431	0.008493	0.029724	0.055202	0.009554	0.008493	0.033970	0.013800	0.012739	0.006369	0.026539	0.013800	0.011677	0.012739	0.016985	0.011677	0.008493	0.007431	0.039278	0.001062	0.009554	0.001062	0.031847	0.014862	0.007431	0.005308	0.015924	0.001062	0.004246	0.009554	0.007431	0.044586	0.008493	0.018047	0.042463	
0.062633	0.022293	0.046709	0.029724	0.013800	0.008493	0.011677	0.009554	0.012739	0.010616	0.012739	0.008493	0.036093	0.023355	0.038217	0.026539	0.024416	0.004246	0.027601	0.008493	0.014862	0.006369	0.006369	0.010616	0.009554	0.004246	0.005308	0.003185	0.025478	0.009554	0.021231	0.018047	0.011677	0.007431	0.003185	0.007431	0.006369	0.004246	0.009554	0.008493	0.011677	0.004246	0.008493	0.004246	0.014862	0.009554	0.012739	0.020170	0.030786	0.009554	0.030786	0.015924	0.016985	0.006369	0.009554	0.010616	0.023355	0.010616	0.015924	0.004246	0.044586	0.018047	0.065817	0.037155	
0.057325	0.021231	0.012739	0.038217	0.016985	0.003185	0.010616	0.012739	0.042463	0.028662	0.019108	0.018047	0.008493	0.009554	0.005308	0.038217	0.023355	0.006369	0.006369	0.015924	0.009554	0.002123	0.006369	0.007431	0.007431	0.009554	0.012739	0.007431	0.005308	0.008493	0.007431	0.018047	0.022293	0.011677	0.005308	0.018047	0.006369	0.006369	0.004246	0.012739	0.012739	0.007431	0.007431	0.014862	0.004246	0.002123	0.003185	0.010616	0.048832	0.019108	0.020170	0.032909	0.022293	0.012739	0.009554	0.015924	0.040340	0.026539	0.030786	0.040340	0.015924	0.018047	0.009554	0.058386	
0.082803	0.007431	0.026539	0.035032	0.023355	0.011677	0.009554	0.013800	0.009554	0.008493	0.005308	0.021231	0.016985	0.012739	0.020170	0.055202	0.027601	0.005308	0.010616	0.011677	0.006369	0.003185	0.002123	0.012739	0.005308	0.005308	0.003185	0.016985	0.013800	0.005308	0.010616	0.019108	0.045648	0.007431	0.013800	0.036093	0.025478	0.012739	0.004246	0.029724	0.020170	0.011677	0.008493	0.029724	0.012739	0.013800	0.009554	0.044586	0.001062	0.006369	0.001062	0.025478	0.019108	0.004246	0.005308	0.009554	0.001062	0.001062	0.015924	0.007431	0.043524	0.011677	0.023355	0.046709	
0.059448	0.025478	0.050955	0.021231	0.008493	0.005308	0.006369	0.006369	0.013800	0.012739	0.012739	0.012739	0.035032	0.018047	0.033970	0.021231	0.031847	0.005308	0.024416	0.012739	0.010616	0.005308	0.005308	0.010616	0.007431	0.005308	0.006369	0.002123	0.015924	0.007431	0.019108	0.023355	0.015924	0.003185	0.009554	0.007431	0.005308	0.004246	0.008493	0.008493	0.010616	0.004246	0.011677	0.006369	0.021231	0.015924	0.018047	0.020170	0.027601	0.014862	0.029724	0.014862	0.011677	0.011677	0.009554	0.010616	0.015924	0.013800	0.021231	0.012739	0.041401	0.023355	0.063694	0.037155	
0.062633	0.024416	0.020170	0.027601	0.016985	0.004246	0.011677	0.015924	0.039278	0.023355	0.026539	0.025478	0.010616	0.010616	0.005308	0.029724	0.018047	0.002123	0.007431	0.008493	0.006369	0.004246	0.009554	0.006369	0.006369	0.007431	0.009554	0.006369	0.008493	0.004246	0.001062	0.022293	0.015924	0.009554	0.005308	0.016985	0.012739	0.003185	0.008493	0.011677	0.016985	0.009554	0.012739	0.012739	0.008493	0.003185	0.002123	0.020170	0.031847	0.015924	0.018047	0.047771	0.013800	0.013800	0.011677	0.025478	0.045648	0.026539	0.032909	0.029724	0.014862	0.022293	0.009554	0.055202	
0.056263	0.011677	0.019108	0.041401	0.015924	0.005308	0.010616	0.020170	0.014862	0.008493	0.007431	0.020170	0.015924	0.016985	0.020170	0.047771	0.023355	0.001062	0.011677	0.013800	0.011677	0.002123	0.004246	0.007431	0.003185	0.011677	0.004246	0.022293	0.006369	0.016985	0.014862	0.021231	0.050955	0.012739	0.005308	0.039278	0.023355	0.012739	0.004246	0.026539	0.019108	0.014862	0.008493	0.039278	0.010616	0.013800	0.014862	0.035032	0.001062	0.012739	0.001062	0.027601	0.013800	0.004246	0.004246	0.018047	0.001062	0.002123	0.012739	0.002123	0.043524	0.011677	0.022293	0.049894	
0.050955	0.018047	0.039278	0.023355	0.012739	0.007431	0.006369	0.011677	0.007431	0.007431	0.010616	0.011677	0.036093	0.020170	0.032909	0.032909	0.012739	0.016985	0.023355	0.011677	0.009554	0.002123	0.004246	0.008493	0.007431	0.006369	0.006369	0.003185	0.022293	0.006369	0.023355	0.020170	0.011677	0.008493	0.011677	0.006369	0.007431	0.011677	0.010616	0.007431	0.011677	0.005308	0.006369	0.009554	0.026539	0.020170	0.019108	0.018047	0.030786	0.009554	0.024416	0.011677	0.029724	0.007431	0.008493	0.013800	0.016985	0.021231	0.022293	0.011677	0.049894	0.021231	0.042463	0.040340	
0.053079	0.011677	0.012739	0.028662	0.012739	0.005308	0.010616	0.024416	0.043524	0.022293	0.015924	0.016985	0.009554	0.015924	0.002123	0.025478	0.023355	0.008493	0.004246	0.023355	0.008493	0.001062	0.007431	0.011677	0.007431	0.004246	0.011677	0.006369	0.009554	0.010616	0.005308	0.015924	0.013800	0.010616	0.010616	0.008493	0.008493	0.006369	0.002123	0.023355	0.013800	0.016985	0.006369	0.008493	0.004246	0.006369	0.005308	0.020170	0.055202	0.021231	0.009554	0.048832	0.025478	0.013800	0.014862	0.013800	0.035032	0.024416	0.033970	0.024416	0.022293	0.021231	0.007431	0.060510	
0.065817	0.011677	0.024416	0.043524	0.020170	0.004246	0.008493	0.019108	0.013800	0.008493	0.004246	0.010616	0.008493	0.024416	0.021231	0.055202	0.023355	0.003185	0.016985	0.011677	0.009554	0.002123	0.002123	0.012739	0.005308	0.006369	0.002123	0.021231	0.015924	0.014862	0.011677	0.030786	0.040340	0.010616	0.016985	0.031847	0.018047	0.009554	0.007431	0.032909	0.020170	0.012739	0.005308	0.029724	0.011677	0.011677	0.010616	0.022293	0.001062	0.007431	0.001062	0.036093	0.019108	0.008493	0.004246	0.022293	0.001062	0.003185	0.011677	0.004246	0.045648	0.015924	0.016985	0.043524	
