>NC_010382
0.064529	0.021242	0.030060	0.045691	0.026453	0.004409	0.004008	0.017635	0.026453	0.009218	0.017635	0.018036	0.045691	0.013627	0.016834	0.039679	0.020040	0.007615	0.010421	0.015631	0.007214	0.002405	0.002405	0.008016	0.005611	0.002806	0.003607	0.010020	0.016433	0.004810	0.006413	0.012826	0.024048	0.006814	0.010020	0.018036	0.009619	0.004810	0.004810	0.010421	0.012024	0.008016	0.008417	0.010020	0.020441	0.009218	0.006814	0.013627	0.046493	0.014429	0.022846	0.029259	0.012425	0.008818	0.008818	0.009619	0.016834	0.010020	0.010822	0.018838	0.033667	0.013627	0.019238	0.035271	
0.064128	0.015631	0.026453	0.048898	0.022846	0.005611	0.010421	0.011222	0.024850	0.013226	0.014830	0.020441	0.040882	0.012425	0.016834	0.038477	0.021242	0.008417	0.008016	0.018036	0.007615	0.004008	0.002405	0.006413	0.006814	0.002405	0.002405	0.008417	0.014429	0.006012	0.008417	0.016834	0.024850	0.007214	0.011222	0.017635	0.009218	0.004409	0.006814	0.009619	0.017234	0.005210	0.009218	0.008818	0.022044	0.008016	0.009619	0.017234	0.040481	0.019639	0.017635	0.038477	0.018036	0.004008	0.008016	0.011222	0.017234	0.009619	0.009218	0.013226	0.034870	0.014429	0.013226	0.038878	
0.061323	0.019639	0.022846	0.046894	0.020441	0.006814	0.008417	0.015230	0.024449	0.010822	0.014028	0.014028	0.046493	0.015631	0.025251	0.035671	0.024048	0.006012	0.006814	0.020842	0.006413	0.001603	0.002004	0.008016	0.009218	0.005210	0.003607	0.009619	0.014429	0.007214	0.005611	0.011222	0.034870	0.006012	0.009218	0.016032	0.009619	0.003607	0.005611	0.011623	0.011623	0.006814	0.008016	0.009218	0.023246	0.007214	0.008016	0.012425	0.036072	0.019238	0.019639	0.037275	0.015230	0.005611	0.008417	0.011623	0.016032	0.008417	0.010421	0.013226	0.040080	0.014028	0.016834	0.040481	
0.062124	0.016433	0.026854	0.050902	0.023246	0.007615	0.006814	0.013226	0.018036	0.010421	0.010421	0.019639	0.038878	0.017234	0.017234	0.047695	0.023647	0.003607	0.008016	0.016433	0.006814	0.002004	0.005611	0.003206	0.007214	0.003206	0.004810	0.009218	0.018437	0.003607	0.009619	0.014830	0.022846	0.009218	0.013627	0.015631	0.012826	0.005611	0.004810	0.008016	0.015631	0.006814	0.006814	0.006814	0.016834	0.010822	0.007615	0.010822	0.048497	0.017635	0.018437	0.039679	0.016433	0.005210	0.010421	0.012024	0.019238	0.006814	0.014028	0.015631	0.031663	0.018036	0.018838	0.031263	
0.063327	0.023647	0.026453	0.043687	0.016834	0.006413	0.011623	0.012024	0.019639	0.013226	0.016433	0.017635	0.042084	0.016433	0.018036	0.046092	0.022044	0.008016	0.009218	0.020040	0.007214	0.001603	0.003206	0.008417	0.010421	0.003206	0.003607	0.010421	0.015230	0.004810	0.006814	0.009619	0.024850	0.004409	0.012024	0.018838	0.009619	0.004409	0.003607	0.009619	0.011623	0.006814	0.007214	0.010421	0.020040	0.006413	0.009218	0.015631	0.040080	0.013627	0.021242	0.030862	0.016834	0.005611	0.012425	0.014830	0.023246	0.009218	0.009218	0.011623	0.033667	0.010421	0.017635	0.042886	
0.060521	0.021242	0.020441	0.048096	0.020441	0.005210	0.008417	0.015631	0.027255	0.011623	0.014028	0.016032	0.039679	0.010020	0.025651	0.038076	0.021643	0.006814	0.007615	0.014429	0.006814	0.004409	0.001603	0.005210	0.008818	0.004409	0.004810	0.012826	0.015631	0.005210	0.005611	0.018437	0.028056	0.007615	0.013627	0.015631	0.011222	0.005611	0.004409	0.011222	0.015230	0.003206	0.006413	0.011623	0.019238	0.006814	0.011222	0.012826	0.036473	0.022445	0.016834	0.035271	0.018036	0.004810	0.004008	0.011222	0.018838	0.007615	0.010421	0.014830	0.035271	0.017234	0.019238	0.042485	
0.064128	0.016834	0.021242	0.044489	0.023647	0.009218	0.009619	0.015631	0.018838	0.012826	0.012425	0.014429	0.040481	0.014830	0.018437	0.039679	0.021242	0.006814	0.007615	0.020842	0.007214	0.000802	0.003607	0.008417	0.006814	0.002806	0.005611	0.003206	0.016834	0.006012	0.006012	0.014429	0.024850	0.010421	0.015230	0.019639	0.009218	0.002806	0.007615	0.007214	0.013226	0.003607	0.007615	0.011222	0.021643	0.006814	0.009218	0.017635	0.041283	0.016032	0.018036	0.034469	0.015230	0.004810	0.008016	0.011222	0.025251	0.008417	0.014429	0.013627	0.035671	0.015230	0.018437	0.042485	
0.057715	0.023246	0.025251	0.045291	0.020842	0.006012	0.009218	0.014028	0.022044	0.008016	0.013627	0.018437	0.042084	0.016433	0.016834	0.044088	0.018838	0.007214	0.011222	0.018036	0.008016	0.004008	0.002004	0.003607	0.010421	0.003607	0.005210	0.009619	0.016834	0.004810	0.009218	0.011623	0.026854	0.007615	0.010421	0.019238	0.010020	0.005611	0.003607	0.008417	0.010822	0.008818	0.007615	0.012826	0.016834	0.005611	0.008417	0.011623	0.040882	0.018437	0.018437	0.036874	0.017635	0.005611	0.008417	0.011222	0.016433	0.008016	0.013627	0.014028	0.037675	0.016834	0.018437	0.041283	
0.057715	0.020842	0.023647	0.042084	0.023647	0.004409	0.011222	0.017234	0.024449	0.012024	0.014028	0.014830	0.042084	0.011222	0.024850	0.041283	0.024850	0.006814	0.010822	0.014028	0.008818	0.002004	0.003206	0.007214	0.008016	0.002004	0.005611	0.007615	0.015631	0.005210	0.006012	0.010421	0.026052	0.006413	0.012024	0.015230	0.012425	0.004008	0.004008	0.008016	0.016032	0.008417	0.007214	0.008417	0.018838	0.003607	0.013627	0.018838	0.040481	0.015230	0.023246	0.034469	0.016032	0.006413	0.006814	0.014429	0.021242	0.006814	0.011222	0.013627	0.034068	0.014830	0.019639	0.040080	
0.064128	0.018036	0.029659	0.037275	0.023246	0.004008	0.005210	0.016834	0.026453	0.009218	0.014429	0.019639	0.038477	0.014830	0.017635	0.034870	0.025251	0.007615	0.009619	0.018437	0.006012	0.001603	0.002004	0.007214	0.009218	0.004409	0.004409	0.007214	0.018036	0.004810	0.006814	0.017234	0.031663	0.008818	0.013226	0.016032	0.009218	0.002405	0.005611	0.012024	0.020441	0.006012	0.005611	0.006012	0.018036	0.005611	0.009218	0.011623	0.043687	0.012425	0.021643	0.032866	0.013226	0.004810	0.007214	0.009619	0.026052	0.010822	0.012024	0.015230	0.032465	0.016433	0.018838	0.042886	
0.072545	0.017234	0.031263	0.043687	0.018036	0.004409	0.011623	0.012826	0.032866	0.009619	0.014429	0.017234	0.032465	0.014830	0.023647	0.033667	0.017635	0.007214	0.009619	0.017234	0.006814	0.001603	0.000802	0.003607	0.008016	0.004008	0.003607	0.004409	0.018838	0.003206	0.008417	0.015230	0.045291	0.006814	0.013226	0.016834	0.012826	0.003607	0.003206	0.010822	0.016032	0.005210	0.008417	0.006814	0.016834	0.006413	0.010421	0.014429	0.035671	0.013627	0.024449	0.033267	0.013627	0.005210	0.009619	0.013226	0.020040	0.008417	0.008818	0.015230	0.033267	0.013627	0.019639	0.040080	
0.069739	0.026453	0.036874	0.038076	0.019639	0.004008	0.009619	0.011623	0.035671	0.009218	0.018036	0.015631	0.041283	0.012024	0.021242	0.036473	0.022445	0.004810	0.009218	0.014830	0.005210	0.003206	0.002405	0.004008	0.011222	0.002806	0.007214	0.004008	0.020040	0.002806	0.005611	0.012024	0.034469	0.008818	0.020842	0.012826	0.010822	0.003206	0.005611	0.007615	0.014028	0.004409	0.010020	0.006814	0.018838	0.002405	0.010822	0.011623	0.039279	0.014429	0.021242	0.026453	0.016834	0.004810	0.009218	0.007214	0.029659	0.006814	0.010822	0.014830	0.031263	0.010421	0.017234	0.044489	
0.080160	0.014028	0.034469	0.037275	0.021643	0.006012	0.010822	0.016032	0.036473	0.011222	0.022846	0.017635	0.037675	0.006413	0.017635	0.030461	0.023647	0.008016	0.008818	0.012024	0.006012	0.002004	0.002004	0.005210	0.010020	0.002806	0.006012	0.008016	0.011623	0.002004	0.006814	0.010020	0.048898	0.007615	0.016032	0.018036	0.010421	0.002806	0.004810	0.005210	0.023246	0.005210	0.009619	0.008016	0.016032	0.004810	0.007615	0.012826	0.041683	0.012425	0.027255	0.030060	0.012024	0.001603	0.006012	0.008016	0.024048	0.006814	0.010822	0.013226	0.036072	0.008818	0.018838	0.040882	
0.092986	0.014429	0.048898	0.038076	0.018036	0.003607	0.008016	0.012425	0.040080	0.007214	0.025651	0.013627	0.038878	0.006413	0.024850	0.027255	0.018437	0.006012	0.014429	0.011222	0.005210	0.002405	0.002004	0.002806	0.010020	0.004008	0.004810	0.004810	0.014830	0.002806	0.006413	0.010421	0.057315	0.007615	0.015230	0.013627	0.011222	0.003607	0.007214	0.004008	0.027255	0.002405	0.010020	0.009619	0.016834	0.004008	0.012425	0.013627	0.041683	0.010421	0.023647	0.025651	0.007214	0.004008	0.005210	0.005611	0.023246	0.006413	0.010421	0.010822	0.032064	0.007214	0.019639	0.035271	
0.092184	0.014028	0.076954	0.027255	0.012826	0.004409	0.007615	0.013627	0.032866	0.008818	0.046493	0.014028	0.034469	0.009218	0.026052	0.018838	0.019639	0.004409	0.008818	0.008818	0.004810	0.002806	0.002405	0.003607	0.010421	0.002405	0.005611	0.004008	0.008818	0.004008	0.005210	0.006814	0.048096	0.009218	0.026854	0.016433	0.006814	0.002806	0.004810	0.005611	0.026052	0.005210	0.013627	0.006012	0.016032	0.001603	0.009619	0.011623	0.038477	0.008417	0.026453	0.029259	0.007214	0.003206	0.004409	0.005611	0.023246	0.007214	0.020842	0.012024	0.027255	0.012826	0.017635	0.028858	
0.075752	0.008417	0.082966	0.031263	0.011623	0.006012	0.007214	0.011222	0.036874	0.008417	0.078557	0.015230	0.030461	0.009218	0.018437	0.023647	0.008818	0.002004	0.011623	0.009218	0.004810	0.002004	0.002405	0.004008	0.006012	0.002004	0.007214	0.004008	0.011222	0.003206	0.006413	0.007615	0.032866	0.004810	0.036473	0.018437	0.008818	0.003206	0.006814	0.004810	0.045291	0.008417	0.022846	0.010020	0.013627	0.005210	0.006012	0.011222	0.036072	0.007214	0.028457	0.014830	0.009218	0.003607	0.008016	0.006814	0.022846	0.003607	0.023647	0.008417	0.025251	0.007214	0.013627	0.020040	
0.049699	0.006814	0.075351	0.021643	0.008417	0.002806	0.006814	0.004409	0.026453	0.008016	0.108216	0.016834	0.019639	0.007615	0.026453	0.020040	0.015230	0.004409	0.008016	0.006814	0.002806	0.002806	0.004008	0.005210	0.010822	0.001603	0.009619	0.002405	0.008417	0.002806	0.007214	0.008417	0.026453	0.004810	0.068136	0.011623	0.007214	0.003206	0.005611	0.006413	0.068136	0.004810	0.046894	0.012425	0.008417	0.002405	0.015631	0.011222	0.024048	0.009218	0.028858	0.018437	0.011623	0.002004	0.006413	0.004810	0.018036	0.005611	0.014429	0.006413	0.018437	0.006413	0.021242	0.016433	
0.032465	0.010020	0.054108	0.018838	0.010020	0.002806	0.005210	0.007214	0.026453	0.010020	0.129058	0.014830	0.014830	0.005210	0.021643	0.016834	0.008417	0.004810	0.008818	0.008016	0.002806	0.002405	0.002004	0.003607	0.008417	0.003206	0.008417	0.002806	0.004409	0.003607	0.006814	0.006012	0.017234	0.006814	0.087375	0.012024	0.005611	0.001603	0.005611	0.007214	0.096994	0.004810	0.060120	0.017234	0.008818	0.006814	0.016032	0.006413	0.016032	0.009218	0.018036	0.011623	0.007214	0.002405	0.005210	0.004409	0.016032	0.007214	0.035671	0.011623	0.012826	0.006814	0.015631	0.020842	
0.025651	0.011222	0.022445	0.014830	0.009218	0.005210	0.006413	0.010020	0.029259	0.008417	0.108216	0.022445	0.015230	0.006814	0.014028	0.014429	0.008818	0.002405	0.006814	0.007615	0.003607	0.000802	0.001202	0.003607	0.005210	0.002004	0.006012	0.004810	0.008016	0.003607	0.003607	0.007214	0.017234	0.004409	0.105010	0.021242	0.006413	0.002004	0.006814	0.010020	0.111022	0.009619	0.084569	0.028056	0.017234	0.003206	0.014830	0.011222	0.008417	0.006814	0.014028	0.011623	0.010421	0.002405	0.003607	0.006012	0.020040	0.004810	0.024850	0.010421	0.012024	0.007214	0.013226	0.017635	
0.022044	0.008417	0.014028	0.015631	0.010421	0.002405	0.004409	0.007615	0.028457	0.009619	0.084168	0.026052	0.016032	0.004409	0.019639	0.015230	0.009619	0.003607	0.006413	0.010020	0.004008	0.002405	0.001603	0.002405	0.006012	0.002806	0.005611	0.003607	0.008818	0.004409	0.004810	0.011623	0.024850	0.004810	0.115431	0.020441	0.007214	0.002004	0.007214	0.008417	0.078557	0.014830	0.084168	0.046092	0.015230	0.006413	0.031663	0.012425	0.016433	0.009218	0.016433	0.010421	0.008016	0.002806	0.004008	0.006012	0.019639	0.003206	0.010421	0.012425	0.010020	0.008016	0.010020	0.022445	
0.027255	0.008016	0.018437	0.019238	0.006413	0.004810	0.006814	0.008016	0.027655	0.011623	0.088577	0.024449	0.018036	0.005611	0.014830	0.018036	0.012024	0.003206	0.004409	0.010020	0.003206	0.001202	0.002405	0.002806	0.004810	0.003206	0.003607	0.005611	0.005611	0.003607	0.003607	0.011623	0.040882	0.007615	0.061323	0.022846	0.007615	0.004008	0.012024	0.006814	0.066533	0.011623	0.060120	0.046092	0.020040	0.006012	0.040481	0.021643	0.020040	0.005210	0.014028	0.010822	0.006012	0.004810	0.005611	0.006814	0.026854	0.006413	0.018437	0.014429	0.012024	0.011222	0.010421	0.028056	
0.037675	0.007214	0.024048	0.031263	0.008818	0.002004	0.005210	0.008016	0.027655	0.008818	0.036874	0.024850	0.021242	0.006012	0.011623	0.024048	0.008818	0.002806	0.004409	0.007214	0.004409	0.003206	0.004008	0.003206	0.011222	0.003206	0.005611	0.006814	0.006814	0.001202	0.006814	0.009619	0.048898	0.009218	0.036072	0.031663	0.008818	0.002405	0.009218	0.012425	0.065331	0.014028	0.032866	0.058517	0.015631	0.008417	0.037275	0.029259	0.015631	0.010421	0.011623	0.018036	0.008818	0.004409	0.005611	0.007615	0.035671	0.006814	0.009619	0.017234	0.023246	0.010822	0.014028	0.031263	
0.038076	0.016433	0.021242	0.035271	0.014429	0.002004	0.006012	0.007214	0.035671	0.007214	0.016834	0.016433	0.026854	0.009619	0.021643	0.030060	0.013226	0.005210	0.004810	0.007615	0.004409	0.002405	0.002405	0.002806	0.013226	0.001603	0.002806	0.006413	0.009619	0.006012	0.005210	0.010421	0.063327	0.009619	0.028858	0.038076	0.014028	0.002004	0.007214	0.009619	0.034870	0.009619	0.020040	0.020441	0.022445	0.008818	0.048096	0.028056	0.023647	0.011623	0.014429	0.017234	0.007214	0.005611	0.006413	0.007214	0.034068	0.006012	0.008818	0.020842	0.025251	0.011623	0.011222	0.046092	
0.052505	0.018036	0.026052	0.041683	0.014429	0.004409	0.009619	0.014429	0.022445	0.010822	0.022445	0.013627	0.031663	0.009218	0.024048	0.033267	0.014028	0.007214	0.007214	0.011623	0.005210	0.001603	0.001603	0.003607	0.006012	0.002806	0.004008	0.009218	0.007615	0.003607	0.004409	0.011222	0.041683	0.014028	0.024850	0.037275	0.006814	0.001202	0.008016	0.008417	0.022044	0.004810	0.011623	0.010020	0.024048	0.008417	0.012425	0.019238	0.035271	0.010020	0.015631	0.023246	0.013226	0.006012	0.004008	0.012826	0.040080	0.008417	0.015631	0.022044	0.029259	0.015631	0.014830	0.054910	
0.054509	0.019639	0.027655	0.041683	0.026453	0.002806	0.008818	0.011222	0.022445	0.013627	0.017635	0.020040	0.045691	0.015230	0.009619	0.043287	0.014830	0.004810	0.006012	0.014028	0.005210	0.001202	0.003206	0.003607	0.009619	0.003206	0.004810	0.005611	0.013226	0.004810	0.004409	0.016834	0.030461	0.012826	0.022846	0.024449	0.010020	0.003206	0.004409	0.009218	0.020441	0.007615	0.010020	0.015631	0.020842	0.008016	0.006413	0.019639	0.035671	0.010822	0.014830	0.031263	0.011623	0.006012	0.009218	0.010020	0.021242	0.007214	0.011222	0.016032	0.037275	0.015631	0.016433	0.049299	
0.057715	0.015230	0.026453	0.036072	0.025251	0.006012	0.006814	0.010020	0.019238	0.014429	0.018437	0.019238	0.043687	0.011222	0.019238	0.037275	0.022044	0.004810	0.008417	0.018036	0.005210	0.002405	0.002806	0.002806	0.009218	0.004810	0.005210	0.006413	0.012826	0.002004	0.005611	0.013627	0.030461	0.012425	0.016834	0.014028	0.011222	0.004810	0.005210	0.010421	0.016032	0.006814	0.012425	0.008417	0.022445	0.008417	0.009218	0.017234	0.046894	0.020842	0.017635	0.031663	0.016834	0.008818	0.007615	0.010421	0.012826	0.009619	0.005611	0.008818	0.041683	0.020040	0.018437	0.048898	
0.057715	0.029259	0.032064	0.038076	0.026453	0.006814	0.006012	0.014028	0.018036	0.011222	0.018838	0.021242	0.037675	0.017234	0.020040	0.024850	0.022445	0.012826	0.007214	0.016032	0.006814	0.003607	0.004409	0.007214	0.010020	0.002405	0.001603	0.008417	0.012826	0.004409	0.003206	0.013226	0.023246	0.008016	0.014429	0.011623	0.013627	0.007214	0.006413	0.008417	0.018838	0.004409	0.009619	0.008818	0.015631	0.007615	0.009619	0.010020	0.048497	0.020040	0.022445	0.029659	0.014429	0.005611	0.008818	0.012826	0.020040	0.006413	0.009619	0.016433	0.032465	0.015631	0.026453	0.042485	
0.060120	0.025651	0.027655	0.038477	0.029659	0.008016	0.010421	0.022044	0.022044	0.015631	0.018437	0.020040	0.031263	0.023246	0.004409	0.036473	0.023246	0.010822	0.010421	0.016834	0.006814	0.002806	0.004409	0.009218	0.008016	0.005611	0.004409	0.007615	0.013226	0.007615	0.005611	0.016032	0.022846	0.007214	0.022846	0.014028	0.012024	0.003607	0.004008	0.004810	0.020441	0.004409	0.007615	0.007214	0.018838	0.008016	0.009218	0.018838	0.040481	0.013226	0.016032	0.028858	0.016834	0.007214	0.006814	0.014028	0.018838	0.006814	0.011623	0.022044	0.020441	0.020441	0.013226	0.036473	
0.115832	0.000401	0.019639	0.010822	0.045691	0.000401	0.007615	0.003206	0.051703	0.000401	0.018437	0.006413	0.073747	0.000401	0.014429	0.009619	0.048898	0.000401	0.010421	0.005611	0.015230	0.000401	0.004008	0.002004	0.019639	0.000401	0.001603	0.004008	0.038477	0.000401	0.004810	0.006413	0.053707	0.000401	0.009619	0.005611	0.024850	0.000401	0.004409	0.002806	0.030862	0.000401	0.007214	0.003607	0.044890	0.000401	0.005210	0.006413	0.060922	0.000401	0.011222	0.011222	0.046894	0.000401	0.008016	0.004008	0.028056	0.000401	0.002405	0.001603	0.076553	0.000401	0.018036	0.012826	
0.000401	0.000401	0.000401	0.278156	0.000401	0.000401	0.000401	0.000401	0.000401	0.000401	0.000401	0.049699	0.000401	0.000401	0.000401	0.032064	0.000401	0.000401	0.000401	0.131463	0.000401	0.000401	0.000401	0.000401	0.000401	0.000401	0.000401	0.022846	0.000401	0.000401	0.000401	0.010822	0.000401	0.000401	0.000401	0.129058	0.000401	0.000401	0.000401	0.000401	0.000401	0.000401	0.000401	0.028457	0.000401	0.000401	0.000401	0.014429	0.000401	0.000401	0.000401	0.232465	0.000401	0.000401	0.000401	0.000401	0.000401	0.000401	0.000401	0.041283	0.000401	0.000401	0.000401	0.034068	
0.000401	0.000401	0.000401	0.000401	0.000401	0.000401	0.000401	0.000401	0.000401	0.000401	0.000401	0.000401	0.000401	0.000401	0.769940	0.000401	0.000401	0.000401	0.000401	0.000401	0.000401	0.000401	0.000401	0.000401	0.000401	0.000401	0.000401	0.000401	0.000401	0.000401	0.000401	0.000401	0.000401	0.000401	0.000401	0.000401	0.000401	0.000401	0.000401	0.000401	0.000401	0.000401	0.000401	0.000401	0.000401	0.000401	0.141082	0.000401	0.000401	0.000401	0.000401	0.000401	0.000401	0.000401	0.000401	0.000401	0.000401	0.000401	0.000401	0.000401	0.000401	0.000401	0.090180	0.000401	
0.000401	0.000401	0.000401	0.000401	0.000401	0.000401	0.000401	0.000401	0.000401	0.000401	0.000401	0.000401	0.000401	0.000401	0.000401	0.000401	0.000401	0.000401	0.000401	0.000401	0.000401	0.000401	0.000401	0.000401	0.000401	0.000401	0.000401	0.000401	0.000401	0.000401	0.000401	0.000401	0.000401	0.000401	0.000401	0.000401	0.000401	0.000401	0.000401	0.000401	0.000401	0.000401	0.000401	0.000401	0.000401	0.000401	0.000401	0.000401	0.000401	0.000401	0.000401	0.000401	0.000401	0.000401	0.000401	0.000401	0.462124	0.110220	0.272946	0.156313	0.000401	0.000401	0.000401	0.000401	
0.000401	0.000401	0.000401	0.000401	0.000401	0.000401	0.000401	0.000401	0.000401	0.000401	0.000401	0.000401	0.000401	0.000401	0.000401	0.000401	0.000401	0.000401	0.000401	0.000401	0.000401	0.000401	0.000401	0.000401	0.000401	0.000401	0.000401	0.000401	0.000401	0.000401	0.000401	0.000401	0.232465	0.081764	0.052104	0.096994	0.048497	0.017635	0.020040	0.025251	0.126653	0.067335	0.044489	0.035671	0.022846	0.042485	0.014830	0.077355	0.000401	0.000401	0.000401	0.000401	0.000401	0.000401	0.000401	0.000401	0.000401	0.000401	0.000401	0.000401	0.000401	0.000401	0.000401	0.000401	
0.119038	0.019639	0.032866	0.062124	0.045291	0.005210	0.015631	0.016834	0.014830	0.011222	0.006413	0.020842	0.021643	0.010421	0.026854	0.039279	0.024048	0.003607	0.009218	0.012826	0.009218	0.000802	0.001202	0.007615	0.004008	0.004008	0.001603	0.011623	0.014028	0.002806	0.001603	0.008016	0.058918	0.008818	0.030060	0.030060	0.034469	0.004810	0.008818	0.020441	0.016433	0.005611	0.010421	0.013226	0.014429	0.005210	0.004810	0.012425	0.000401	0.004810	0.000401	0.018437	0.021643	0.006012	0.004008	0.012024	0.000401	0.002405	0.009619	0.003607	0.032064	0.010421	0.007615	0.028457	
0.105411	0.033667	0.033267	0.030060	0.014429	0.003206	0.011623	0.007615	0.021242	0.012425	0.032064	0.006814	0.050902	0.018437	0.028858	0.025251	0.046092	0.015230	0.027655	0.021643	0.008016	0.002806	0.002806	0.003206	0.011222	0.006012	0.005611	0.006814	0.022846	0.006413	0.016032	0.011623	0.015631	0.004409	0.008016	0.007615	0.008417	0.001603	0.004008	0.009218	0.013226	0.004409	0.007615	0.002806	0.021242	0.005210	0.013627	0.009218	0.029659	0.012425	0.022445	0.017635	0.011623	0.003607	0.010020	0.003607	0.020040	0.005611	0.011222	0.004008	0.022044	0.011222	0.032866	0.022044	
0.104208	0.028457	0.015631	0.048497	0.035671	0.006012	0.011222	0.012826	0.035271	0.017234	0.019238	0.019639	0.012425	0.010822	0.007615	0.046092	0.017635	0.006012	0.002405	0.016433	0.006413	0.002004	0.000802	0.002004	0.012826	0.003607	0.003607	0.008417	0.005611	0.003607	0.002004	0.012425	0.032866	0.010822	0.004008	0.018036	0.014429	0.004409	0.002405	0.007214	0.028056	0.009619	0.011222	0.007615	0.004409	0.002806	0.002405	0.010822	0.056513	0.017635	0.010421	0.032465	0.016032	0.009619	0.007615	0.008016	0.035271	0.012425	0.014429	0.029259	0.014028	0.012024	0.007214	0.034870	
0.105411	0.021643	0.040481	0.043687	0.030862	0.006814	0.010421	0.014830	0.013226	0.004810	0.003206	0.011222	0.020842	0.014429	0.027255	0.052906	0.038878	0.004008	0.016834	0.012826	0.010421	0.001603	0.003206	0.006814	0.005611	0.004008	0.001202	0.011222	0.012826	0.002806	0.005611	0.008818	0.058116	0.010421	0.016433	0.026453	0.018437	0.003607	0.005611	0.015230	0.020040	0.006012	0.008818	0.013627	0.022445	0.009218	0.013226	0.020040	0.000401	0.009619	0.000401	0.026052	0.015230	0.002004	0.004008	0.008016	0.000401	0.001603	0.013627	0.003607	0.045691	0.009619	0.012425	0.036473	
0.084168	0.030060	0.044890	0.043687	0.017635	0.004409	0.009619	0.014028	0.022044	0.015631	0.024048	0.012425	0.038477	0.017234	0.028858	0.024449	0.028457	0.011222	0.018437	0.016834	0.004409	0.001603	0.004409	0.003607	0.011222	0.002806	0.004810	0.004409	0.016433	0.004409	0.011623	0.012425	0.016834	0.003206	0.012826	0.006413	0.004810	0.002405	0.003206	0.006012	0.010822	0.002405	0.006814	0.006814	0.010822	0.004008	0.014830	0.010020	0.032465	0.017635	0.024449	0.027255	0.016834	0.003607	0.009218	0.006413	0.023246	0.008818	0.016433	0.010020	0.034068	0.017234	0.036072	0.030862	
0.067735	0.024850	0.014028	0.055311	0.026052	0.009218	0.012024	0.014830	0.034068	0.020040	0.017635	0.028858	0.015230	0.013627	0.008818	0.056513	0.015230	0.005210	0.004008	0.019238	0.005210	0.002405	0.002004	0.002405	0.012024	0.004409	0.003607	0.006413	0.008016	0.006012	0.003206	0.012826	0.031263	0.006814	0.007214	0.022044	0.014830	0.004409	0.002405	0.008016	0.020842	0.013226	0.008417	0.009619	0.004810	0.005210	0.002806	0.020842	0.046092	0.013627	0.012024	0.028056	0.021242	0.006012	0.008016	0.007615	0.037675	0.018437	0.012826	0.022445	0.016032	0.012024	0.004008	0.045691	
0.085772	0.014028	0.022846	0.037675	0.024850	0.002004	0.006814	0.016834	0.011623	0.007615	0.004810	0.013226	0.026854	0.015230	0.029659	0.052906	0.042084	0.002806	0.008818	0.013627	0.011222	0.002405	0.003607	0.004810	0.008417	0.003206	0.000401	0.012425	0.012425	0.003206	0.004008	0.013226	0.051303	0.006814	0.017234	0.029259	0.025251	0.005210	0.007214	0.018437	0.013627	0.006413	0.010822	0.011623	0.025651	0.008417	0.014028	0.019238	0.000401	0.011222	0.000401	0.032064	0.017635	0.004409	0.003607	0.011222	0.000401	0.001603	0.012425	0.004409	0.057715	0.010020	0.019639	0.048497	
0.073747	0.025251	0.048096	0.032465	0.016433	0.002405	0.008417	0.007615	0.011623	0.016433	0.013627	0.007615	0.042886	0.016032	0.025651	0.028056	0.029259	0.012024	0.020040	0.017635	0.005611	0.002004	0.002806	0.003607	0.010020	0.003206	0.003206	0.004810	0.021242	0.008818	0.009619	0.011623	0.014429	0.004810	0.008417	0.006413	0.005210	0.003206	0.003206	0.007214	0.010822	0.005210	0.006814	0.005611	0.014830	0.007615	0.010421	0.008818	0.042084	0.018437	0.032465	0.029659	0.018036	0.006012	0.007615	0.005210	0.031263	0.010822	0.013627	0.011623	0.042084	0.021643	0.034870	0.035271	
0.060120	0.029659	0.014830	0.054910	0.024850	0.006012	0.012425	0.017234	0.045291	0.018838	0.017635	0.027255	0.011222	0.012425	0.010020	0.052505	0.018838	0.004810	0.004409	0.017234	0.005611	0.004008	0.001603	0.002405	0.007615	0.004008	0.002806	0.007615	0.007615	0.002004	0.002004	0.012024	0.028056	0.012425	0.006413	0.016834	0.015230	0.005611	0.003607	0.011222	0.012826	0.008818	0.008417	0.007214	0.005611	0.005210	0.002806	0.016032	0.044088	0.024048	0.010822	0.042084	0.025651	0.004810	0.012826	0.010822	0.038076	0.010421	0.013226	0.018838	0.016032	0.013226	0.008016	0.046493	
0.077756	0.010020	0.024449	0.038878	0.040882	0.006814	0.009218	0.014028	0.011623	0.006012	0.006012	0.012826	0.027255	0.017234	0.022846	0.063727	0.041683	0.003607	0.008417	0.017635	0.009619	0.001603	0.001202	0.008016	0.012826	0.002405	0.000802	0.014429	0.012826	0.006413	0.004008	0.018437	0.046894	0.008818	0.016834	0.031263	0.020441	0.002806	0.006012	0.012826	0.015631	0.005210	0.009218	0.012024	0.025651	0.002806	0.012024	0.020441	0.000401	0.005210	0.000401	0.034469	0.014429	0.005611	0.004409	0.008417	0.000401	0.001603	0.013226	0.007615	0.061323	0.009218	0.012826	0.043687	
0.070541	0.026854	0.037275	0.032064	0.015631	0.002004	0.004008	0.006012	0.012826	0.010421	0.019639	0.007214	0.042886	0.017234	0.034068	0.028056	0.036072	0.010020	0.021643	0.017635	0.006012	0.003206	0.003206	0.004409	0.009619	0.002806	0.005210	0.003206	0.017635	0.004409	0.011222	0.010020	0.016834	0.005611	0.012024	0.006012	0.004008	0.000802	0.004409	0.006012	0.014028	0.004810	0.005611	0.004810	0.013627	0.006012	0.018437	0.008818	0.046092	0.016834	0.035271	0.028858	0.012425	0.005210	0.011222	0.006814	0.023647	0.008016	0.010421	0.009619	0.044890	0.018036	0.043287	0.040080	
0.064128	0.028056	0.016032	0.061323	0.028457	0.006012	0.010020	0.014830	0.035671	0.020441	0.024850	0.025251	0.014429	0.013226	0.005210	0.051703	0.013226	0.004810	0.003607	0.016433	0.004409	0.003206	0.001603	0.002004	0.005611	0.002405	0.005611	0.009218	0.005210	0.002405	0.002405	0.013226	0.024449	0.011623	0.006012	0.018036	0.011623	0.002405	0.001603	0.010421	0.018036	0.006413	0.005210	0.011222	0.005210	0.003607	0.002004	0.014028	0.042084	0.022044	0.012425	0.042485	0.020842	0.009619	0.006413	0.008818	0.036473	0.023246	0.018838	0.028457	0.013226	0.012826	0.009218	0.051703	
0.070541	0.015230	0.020040	0.038076	0.034068	0.004008	0.017234	0.011222	0.014028	0.008016	0.002806	0.013226	0.026854	0.020040	0.028457	0.062926	0.033667	0.006413	0.011222	0.014028	0.010421	0.000802	0.004810	0.005210	0.005611	0.003607	0.000802	0.009619	0.015230	0.005210	0.005210	0.010421	0.046894	0.005210	0.014830	0.028858	0.022445	0.006413	0.009218	0.014429	0.017635	0.010020	0.011222	0.015631	0.024048	0.008417	0.018838	0.022846	0.000401	0.006012	0.000401	0.031263	0.011222	0.004008	0.006814	0.010020	0.000401	0.001202	0.010421	0.006814	0.066934	0.010421	0.009619	0.043687	
0.057315	0.023246	0.043687	0.027255	0.009619	0.007615	0.006814	0.008818	0.011623	0.012826	0.016834	0.005210	0.042886	0.015631	0.029659	0.024048	0.031663	0.008818	0.020040	0.017635	0.004810	0.002405	0.004409	0.003607	0.012826	0.008818	0.010421	0.006012	0.012425	0.006413	0.011222	0.010822	0.016032	0.004810	0.009218	0.007615	0.008417	0.001603	0.004810	0.008016	0.009619	0.005611	0.005611	0.004409	0.020441	0.006814	0.009619	0.008417	0.047295	0.016433	0.036473	0.032866	0.016433	0.007214	0.011222	0.009218	0.029259	0.008016	0.010421	0.014429	0.044890	0.015631	0.046493	0.032866	
0.055311	0.027255	0.014429	0.055311	0.021643	0.008417	0.008016	0.015230	0.041283	0.020441	0.025651	0.022044	0.008818	0.017234	0.007615	0.051703	0.009218	0.006413	0.004409	0.019238	0.008016	0.002004	0.004008	0.004810	0.008818	0.002806	0.006814	0.008818	0.008016	0.003607	0.004008	0.014028	0.030060	0.008417	0.006413	0.018437	0.014429	0.004810	0.003206	0.012826	0.017234	0.008417	0.008417	0.009218	0.007214	0.004810	0.003206	0.014830	0.042886	0.017234	0.011623	0.048898	0.019639	0.006413	0.010421	0.008016	0.029259	0.020842	0.016433	0.030461	0.009619	0.012826	0.009218	0.044489	
0.070140	0.010020	0.020842	0.036473	0.030461	0.007214	0.008016	0.013627	0.010020	0.005210	0.004409	0.017234	0.025251	0.016433	0.037675	0.062525	0.032465	0.003607	0.011222	0.016433	0.011623	0.000401	0.002806	0.006814	0.009218	0.002806	0.001603	0.012024	0.016834	0.003206	0.006413	0.014429	0.042485	0.005210	0.017635	0.031263	0.024449	0.005210	0.008016	0.014830	0.015230	0.010020	0.012425	0.019639	0.027655	0.012024	0.010421	0.020441	0.000401	0.005210	0.000401	0.027655	0.016433	0.007615	0.006814	0.007615	0.000401	0.003206	0.011623	0.008818	0.058116	0.009218	0.018036	0.039679	
0.053307	0.022445	0.044088	0.025651	0.008818	0.001603	0.007615	0.006012	0.015230	0.015631	0.014429	0.004810	0.033667	0.018437	0.040481	0.019238	0.032465	0.014830	0.021242	0.014429	0.007214	0.002806	0.006012	0.004409	0.008417	0.004409	0.007615	0.005210	0.016834	0.004409	0.011623	0.010020	0.015631	0.004409	0.010822	0.004008	0.010822	0.002806	0.003607	0.004008	0.012826	0.007615	0.006012	0.003607	0.020040	0.006814	0.016834	0.014028	0.041283	0.027255	0.036072	0.023246	0.014429	0.005210	0.011222	0.010020	0.032866	0.012826	0.017635	0.009218	0.045291	0.018437	0.034068	0.039279	
0.052505	0.028056	0.014028	0.048096	0.024048	0.015230	0.012826	0.016834	0.034870	0.023647	0.026052	0.027655	0.007615	0.010020	0.006012	0.043687	0.012024	0.006413	0.003607	0.019238	0.005611	0.000802	0.002806	0.003206	0.010421	0.004810	0.005611	0.007615	0.005210	0.004008	0.003206	0.012024	0.031263	0.009619	0.005210	0.023246	0.013226	0.010020	0.004409	0.012826	0.016433	0.010421	0.008818	0.010020	0.004409	0.005210	0.004008	0.009218	0.032064	0.024850	0.010020	0.048898	0.018838	0.009619	0.010421	0.009218	0.042485	0.020842	0.017635	0.022044	0.009218	0.017234	0.008016	0.048096	
0.057715	0.012425	0.024048	0.033667	0.031663	0.007615	0.013627	0.016032	0.010822	0.006413	0.002405	0.013226	0.028056	0.018838	0.027255	0.065331	0.031263	0.008016	0.008818	0.013627	0.017635	0.003206	0.004008	0.010822	0.010822	0.004409	0.002405	0.012826	0.016834	0.003607	0.006814	0.014830	0.043287	0.010822	0.014429	0.035671	0.026052	0.008417	0.006413	0.018838	0.018036	0.009619	0.011222	0.019238	0.029659	0.007615	0.012425	0.017635	0.000401	0.004409	0.000401	0.021242	0.017635	0.004008	0.004810	0.010020	0.000401	0.004008	0.008016	0.008818	0.058517	0.008016	0.014429	0.032064	
0.044088	0.024048	0.035671	0.028858	0.009619	0.007615	0.009619	0.008818	0.012826	0.012024	0.013627	0.009218	0.027255	0.014429	0.037275	0.025251	0.029659	0.013627	0.025251	0.024449	0.008818	0.004810	0.005210	0.004409	0.013627	0.005611	0.004810	0.004810	0.020040	0.007214	0.014830	0.013627	0.012826	0.007214	0.012826	0.007214	0.006814	0.005611	0.002806	0.009218	0.008417	0.004810	0.006012	0.004810	0.015631	0.008016	0.022044	0.008417	0.038878	0.024449	0.042886	0.026854	0.015230	0.007214	0.010421	0.005210	0.024449	0.013226	0.014028	0.009218	0.039279	0.016433	0.046092	0.028056	
0.047695	0.018036	0.016433	0.043287	0.028457	0.010020	0.012024	0.018838	0.041683	0.024449	0.025251	0.025251	0.010822	0.014429	0.008016	0.054108	0.011623	0.005611	0.002405	0.020842	0.008818	0.007615	0.003206	0.005611	0.010421	0.004409	0.007214	0.006012	0.008818	0.004409	0.003206	0.011222	0.021643	0.011222	0.005611	0.020842	0.013627	0.005611	0.003206	0.013226	0.014429	0.005611	0.005611	0.012826	0.003607	0.004008	0.003206	0.017234	0.029659	0.017234	0.011623	0.043687	0.017635	0.010020	0.008417	0.010020	0.042084	0.024850	0.019238	0.034068	0.008417	0.016032	0.007615	0.043287	
0.051703	0.010020	0.018437	0.030461	0.028457	0.004810	0.008016	0.010822	0.012826	0.008016	0.003206	0.012024	0.024048	0.015230	0.027255	0.062124	0.037275	0.004409	0.010421	0.016433	0.016433	0.002806	0.005210	0.008818	0.008818	0.004008	0.002004	0.012024	0.018437	0.005611	0.005210	0.018437	0.052104	0.009218	0.018036	0.029259	0.024449	0.006814	0.008417	0.019639	0.015631	0.012425	0.009218	0.020040	0.030862	0.008417	0.012024	0.026854	0.000401	0.004409	0.000401	0.026453	0.017234	0.004409	0.005611	0.011623	0.000401	0.002004	0.012826	0.006814	0.060521	0.011623	0.012826	0.040882	
0.056914	0.020441	0.040080	0.024048	0.008016	0.006814	0.006814	0.006413	0.014830	0.011222	0.016032	0.005210	0.031263	0.014028	0.035671	0.021643	0.026052	0.013226	0.027255	0.020040	0.008016	0.004409	0.003607	0.002806	0.010020	0.005210	0.006814	0.005210	0.014028	0.004810	0.019639	0.012425	0.011222	0.007214	0.012425	0.006814	0.009619	0.002806	0.005210	0.008818	0.009218	0.004008	0.009619	0.004409	0.016032	0.005611	0.018838	0.010421	0.039679	0.020040	0.044489	0.029659	0.013627	0.008016	0.012826	0.006413	0.022846	0.010020	0.015230	0.009218	0.040481	0.021643	0.048898	0.037275	
0.051303	0.025251	0.016834	0.040481	0.023246	0.008818	0.008016	0.020842	0.040882	0.032465	0.026052	0.024850	0.011222	0.014429	0.006413	0.048497	0.010822	0.008818	0.003607	0.016032	0.006814	0.004810	0.003206	0.007214	0.009218	0.003607	0.007214	0.008417	0.004008	0.006012	0.004008	0.010421	0.025651	0.008417	0.003607	0.019238	0.012024	0.005210	0.004008	0.009218	0.020040	0.010421	0.007615	0.009619	0.002806	0.004008	0.001603	0.015631	0.032064	0.016834	0.008016	0.044890	0.020040	0.008818	0.008417	0.008818	0.041683	0.023246	0.022445	0.035671	0.011623	0.015631	0.010822	0.043687	
0.050100	0.009218	0.020842	0.039679	0.032866	0.004409	0.008417	0.013627	0.009619	0.006814	0.003206	0.012425	0.018437	0.010822	0.034870	0.056513	0.028858	0.006814	0.013226	0.013226	0.014830	0.002806	0.003607	0.006413	0.008417	0.003607	0.001603	0.010020	0.016834	0.006814	0.006012	0.016433	0.048497	0.009218	0.020441	0.033667	0.030862	0.006814	0.010822	0.021242	0.016834	0.013627	0.008818	0.024048	0.025651	0.013226	0.012826	0.026854	0.000401	0.007214	0.000401	0.021643	0.016834	0.010020	0.003607	0.009619	0.000401	0.001603	0.013226	0.007615	0.053707	0.013627	0.014028	0.036874	
0.048497	0.015230	0.039679	0.024449	0.013627	0.004409	0.007615	0.006814	0.010020	0.016032	0.017635	0.011222	0.030060	0.016834	0.032866	0.028457	0.031663	0.015631	0.031263	0.016834	0.010822	0.004008	0.003607	0.005611	0.012024	0.003607	0.004409	0.006413	0.011222	0.008417	0.017234	0.014028	0.011222	0.006814	0.011222	0.006012	0.008417	0.005210	0.004008	0.008016	0.010421	0.006012	0.008818	0.001603	0.018036	0.007615	0.017635	0.010822	0.036072	0.019238	0.035671	0.023647	0.014028	0.006814	0.013226	0.010421	0.025251	0.012425	0.017635	0.012425	0.031663	0.012024	0.052505	0.040481	
0.050902	0.027655	0.011222	0.037675	0.024048	0.008417	0.008016	0.016433	0.044088	0.025651	0.023647	0.024449	0.010822	0.010421	0.006814	0.042886	0.014028	0.008818	0.002806	0.021242	0.004409	0.006413	0.000802	0.008818	0.008417	0.006413	0.006413	0.007214	0.007214	0.006012	0.002405	0.015230	0.018437	0.010020	0.006413	0.022846	0.014830	0.005611	0.004409	0.013226	0.019238	0.010421	0.008818	0.010020	0.006814	0.007615	0.001202	0.016032	0.032465	0.015631	0.006012	0.036874	0.017635	0.010421	0.007214	0.009619	0.042084	0.027655	0.025651	0.024850	0.017635	0.015230	0.005611	0.055311	
0.056914	0.008417	0.021242	0.029259	0.031663	0.004008	0.012826	0.013627	0.009619	0.006413	0.002004	0.008417	0.017234	0.015230	0.024048	0.062124	0.029259	0.003206	0.012826	0.015631	0.016433	0.002405	0.003607	0.008417	0.004810	0.003607	0.001202	0.010822	0.018036	0.004008	0.008417	0.017635	0.049699	0.009218	0.017234	0.037675	0.033667	0.009619	0.008417	0.018437	0.018838	0.012425	0.008818	0.024449	0.022445	0.009619	0.010421	0.024048	0.000401	0.009619	0.000401	0.032064	0.013627	0.010020	0.005210	0.010421	0.000401	0.002806	0.008016	0.004810	0.059319	0.011222	0.014429	0.044489	
