>NC_009567
0.062341	0.020356	0.013995	0.029262	0.016539	0.008906	0.013995	0.011450	0.024173	0.012723	0.008906	0.019084	0.016539	0.021628	0.013995	0.043257	0.029262	0.010178	0.015267	0.010178	0.015267	0.007634	0.008906	0.008906	0.006361	0.006361	0.002545	0.012723	0.015267	0.005089	0.020356	0.026718	0.020356	0.005089	0.006361	0.015267	0.017812	0.007634	0.003817	0.006361	0.006361	0.002545	0.002545	0.010178	0.017812	0.007634	0.010178	0.013995	0.031807	0.022901	0.008906	0.031807	0.027990	0.010178	0.013995	0.021628	0.020356	0.011450	0.011450	0.012723	0.041985	0.021628	0.022901	0.077608	
0.066158	0.013995	0.020356	0.043257	0.017812	0.016539	0.012723	0.011450	0.011450	0.011450	0.003817	0.017812	0.016539	0.012723	0.008906	0.048346	0.035623	0.020356	0.010178	0.011450	0.015267	0.006361	0.006361	0.006361	0.005089	0.021628	0.001272	0.012723	0.011450	0.006361	0.006361	0.024173	0.025445	0.007634	0.006361	0.017812	0.011450	0.006361	0.003817	0.011450	0.003817	0.012723	0.001272	0.007634	0.006361	0.010178	0.007634	0.030534	0.039440	0.015267	0.007634	0.029262	0.029262	0.006361	0.006361	0.013995	0.020356	0.016539	0.017812	0.012723	0.048346	0.017812	0.020356	0.075064	
0.075064	0.025445	0.019084	0.047074	0.012723	0.016539	0.007634	0.020356	0.012723	0.011450	0.003817	0.016539	0.025445	0.020356	0.011450	0.044529	0.031807	0.017812	0.013995	0.010178	0.015267	0.005089	0.006361	0.008906	0.006361	0.008906	0.005089	0.008906	0.011450	0.008906	0.008906	0.013995	0.016539	0.007634	0.007634	0.008906	0.024173	0.010178	0.011450	0.016539	0.005089	0.006361	0.005089	0.007634	0.012723	0.008906	0.011450	0.017812	0.030534	0.010178	0.012723	0.029262	0.015267	0.007634	0.012723	0.011450	0.016539	0.011450	0.003817	0.011450	0.045802	0.016539	0.021628	0.094148	
0.059796	0.026718	0.015267	0.052163	0.015267	0.013995	0.011450	0.020356	0.020356	0.012723	0.006361	0.013995	0.024173	0.010178	0.007634	0.053435	0.025445	0.021628	0.003817	0.016539	0.008906	0.012723	0.011450	0.006361	0.007634	0.013995	0.003817	0.012723	0.013995	0.007634	0.003817	0.031807	0.016539	0.005089	0.003817	0.015267	0.008906	0.011450	0.012723	0.005089	0.002545	0.003817	0.003817	0.007634	0.011450	0.003817	0.008906	0.020356	0.039440	0.013995	0.015267	0.026718	0.022901	0.012723	0.003817	0.015267	0.015267	0.015267	0.007634	0.015267	0.047074	0.017812	0.016539	0.089059	
0.048346	0.022901	0.024173	0.045802	0.022901	0.011450	0.012723	0.020356	0.008906	0.008906	0.007634	0.012723	0.027990	0.013995	0.013995	0.054707	0.022901	0.012723	0.010178	0.010178	0.019084	0.008906	0.010178	0.012723	0.006361	0.010178	0.010178	0.012723	0.011450	0.011450	0.005089	0.019084	0.017812	0.003817	0.006361	0.017812	0.021628	0.011450	0.008906	0.003817	0.002545	0.003817	0.003817	0.011450	0.008906	0.006361	0.011450	0.022901	0.035623	0.011450	0.008906	0.040712	0.011450	0.005089	0.008906	0.013995	0.011450	0.007634	0.008906	0.008906	0.048346	0.021628	0.026718	0.097964	
0.044529	0.022901	0.010178	0.047074	0.015267	0.013995	0.006361	0.015267	0.012723	0.012723	0.011450	0.012723	0.031807	0.015267	0.011450	0.055980	0.026718	0.013995	0.005089	0.029262	0.010178	0.010178	0.010178	0.006361	0.015267	0.011450	0.005089	0.008906	0.011450	0.007634	0.006361	0.025445	0.011450	0.003817	0.003817	0.010178	0.007634	0.008906	0.006361	0.007634	0.007634	0.003817	0.003817	0.015267	0.012723	0.006361	0.011450	0.015267	0.035623	0.021628	0.012723	0.026718	0.019084	0.011450	0.006361	0.016539	0.024173	0.015267	0.010178	0.007634	0.052163	0.026718	0.021628	0.094148	
0.045802	0.016539	0.011450	0.044529	0.017812	0.013995	0.012723	0.017812	0.013995	0.006361	0.002545	0.008906	0.017812	0.020356	0.012723	0.062341	0.020356	0.010178	0.006361	0.015267	0.008906	0.005089	0.010178	0.020356	0.008906	0.010178	0.005089	0.005089	0.008906	0.008906	0.002545	0.025445	0.027990	0.007634	0.005089	0.019084	0.012723	0.005089	0.013995	0.011450	0.010178	0.007634	0.006361	0.006361	0.012723	0.007634	0.005089	0.019084	0.043257	0.019084	0.013995	0.031807	0.026718	0.007634	0.006361	0.015267	0.017812	0.011450	0.007634	0.013995	0.062341	0.019084	0.022901	0.086514	
0.058524	0.022901	0.013995	0.041985	0.020356	0.011450	0.005089	0.016539	0.012723	0.008906	0.006361	0.008906	0.027990	0.013995	0.010178	0.058524	0.029262	0.012723	0.010178	0.013995	0.006361	0.008906	0.006361	0.010178	0.011450	0.011450	0.008906	0.011450	0.008906	0.010178	0.007634	0.038168	0.025445	0.005089	0.006361	0.013995	0.011450	0.003817	0.008906	0.011450	0.003817	0.007634	0.002545	0.007634	0.010178	0.005089	0.008906	0.010178	0.036896	0.013995	0.013995	0.036896	0.029262	0.005089	0.010178	0.011450	0.012723	0.007634	0.008906	0.013995	0.054707	0.033079	0.019084	0.086514	
0.050891	0.020356	0.022901	0.055980	0.019084	0.010178	0.008906	0.016539	0.015267	0.005089	0.008906	0.015267	0.027990	0.024173	0.005089	0.049618	0.030534	0.010178	0.010178	0.016539	0.008906	0.007634	0.003817	0.008906	0.007634	0.007634	0.005089	0.010178	0.012723	0.006361	0.005089	0.025445	0.020356	0.005089	0.003817	0.011450	0.006361	0.007634	0.010178	0.011450	0.007634	0.007634	0.001272	0.010178	0.010178	0.007634	0.007634	0.016539	0.036896	0.016539	0.010178	0.038168	0.025445	0.013995	0.007634	0.015267	0.015267	0.010178	0.007634	0.012723	0.062341	0.019084	0.019084	0.092875	
0.059796	0.026718	0.015267	0.036896	0.015267	0.008906	0.007634	0.020356	0.024173	0.007634	0.005089	0.010178	0.043257	0.010178	0.010178	0.058524	0.026718	0.012723	0.005089	0.015267	0.011450	0.011450	0.007634	0.008906	0.007634	0.006361	0.007634	0.008906	0.012723	0.010178	0.001272	0.027990	0.017812	0.006361	0.007634	0.013995	0.015267	0.002545	0.005089	0.007634	0.006361	0.006361	0.002545	0.007634	0.012723	0.006361	0.006361	0.022901	0.054707	0.011450	0.016539	0.030534	0.026718	0.007634	0.006361	0.016539	0.013995	0.006361	0.006361	0.010178	0.064885	0.021628	0.020356	0.077608	
0.067430	0.030534	0.010178	0.050891	0.024173	0.008906	0.007634	0.016539	0.017812	0.005089	0.006361	0.015267	0.026718	0.012723	0.008906	0.048346	0.025445	0.010178	0.011450	0.021628	0.008906	0.005089	0.006361	0.010178	0.006361	0.008906	0.002545	0.008906	0.015267	0.010178	0.011450	0.016539	0.022901	0.003817	0.011450	0.013995	0.012723	0.003817	0.003817	0.006361	0.006361	0.006361	0.002545	0.006361	0.008906	0.003817	0.010178	0.013995	0.061069	0.016539	0.012723	0.043257	0.022901	0.006361	0.006361	0.012723	0.015267	0.010178	0.003817	0.008906	0.058524	0.020356	0.017812	0.090331	
0.078880	0.022901	0.017812	0.057252	0.019084	0.013995	0.007634	0.020356	0.017812	0.005089	0.008906	0.013995	0.020356	0.026718	0.012723	0.069975	0.027990	0.015267	0.008906	0.016539	0.011450	0.001272	0.007634	0.003817	0.008906	0.006361	0.002545	0.006361	0.011450	0.007634	0.003817	0.022901	0.025445	0.005089	0.007634	0.007634	0.017812	0.002545	0.005089	0.005089	0.006361	0.003817	0.002545	0.002545	0.013995	0.003817	0.005089	0.016539	0.043257	0.010178	0.013995	0.041985	0.022901	0.007634	0.003817	0.012723	0.020356	0.007634	0.007634	0.012723	0.058524	0.025445	0.013995	0.071247	
0.086514	0.025445	0.015267	0.048346	0.033079	0.003817	0.003817	0.012723	0.017812	0.012723	0.007634	0.010178	0.044529	0.020356	0.008906	0.049618	0.031807	0.015267	0.008906	0.015267	0.013995	0.002545	0.003817	0.005089	0.011450	0.003817	0.003817	0.005089	0.013995	0.008906	0.003817	0.015267	0.020356	0.010178	0.007634	0.015267	0.010178	0.005089	0.002545	0.005089	0.008906	0.006361	0.002545	0.003817	0.013995	0.008906	0.006361	0.006361	0.044529	0.015267	0.011450	0.033079	0.036896	0.005089	0.001272	0.020356	0.013995	0.010178	0.003817	0.007634	0.053435	0.020356	0.013995	0.092875	
0.078880	0.027990	0.022901	0.053435	0.027990	0.008906	0.007634	0.021628	0.011450	0.007634	0.006361	0.017812	0.033079	0.017812	0.013995	0.047074	0.050891	0.011450	0.008906	0.022901	0.002545	0.005089	0.001272	0.007634	0.003817	0.003817	0.001272	0.002545	0.015267	0.005089	0.003817	0.019084	0.030534	0.005089	0.006361	0.010178	0.015267	0.005089	0.005089	0.007634	0.006361	0.002545	0.003817	0.005089	0.008906	0.002545	0.003817	0.011450	0.073791	0.015267	0.006361	0.030534	0.025445	0.008906	0.006361	0.017812	0.016539	0.001272	0.003817	0.011450	0.050891	0.015267	0.010178	0.087786	
0.092875	0.039440	0.025445	0.076336	0.034351	0.003817	0.007634	0.013995	0.017812	0.005089	0.007634	0.013995	0.055980	0.016539	0.007634	0.036896	0.034351	0.013995	0.007634	0.015267	0.017812	0.005089	0.003817	0.001272	0.003817	0.006361	0.006361	0.003817	0.013995	0.006361	0.006361	0.027990	0.019084	0.003817	0.003817	0.011450	0.007634	0.002545	0.002545	0.002545	0.006361	0.002545	0.002545	0.003817	0.015267	0.001272	0.005089	0.015267	0.048346	0.015267	0.019084	0.025445	0.016539	0.007634	0.002545	0.013995	0.015267	0.002545	0.007634	0.006361	0.069975	0.010178	0.016539	0.068702	
0.100509	0.022901	0.021628	0.049618	0.035623	0.013995	0.010178	0.012723	0.021628	0.010178	0.013995	0.010178	0.057252	0.011450	0.012723	0.047074	0.031807	0.013995	0.013995	0.016539	0.010178	0.002545	0.002545	0.003817	0.006361	0.002545	0.003817	0.003817	0.008906	0.007634	0.002545	0.012723	0.022901	0.001272	0.010178	0.008906	0.006361	0.003817	0.002545	0.003817	0.013995	0.001272	0.002545	0.006361	0.011450	0.005089	0.002545	0.008906	0.087786	0.007634	0.022901	0.036896	0.015267	0.007634	0.003817	0.007634	0.012723	0.003817	0.011450	0.007634	0.058524	0.012723	0.021628	0.055980	
0.125954	0.021628	0.048346	0.047074	0.027990	0.001272	0.007634	0.008906	0.024173	0.008906	0.021628	0.013995	0.048346	0.008906	0.020356	0.034351	0.026718	0.010178	0.016539	0.013995	0.007634	0.003817	0.008906	0.007634	0.005089	0.002545	0.007634	0.003817	0.008906	0.005089	0.006361	0.007634	0.026718	0.005089	0.013995	0.008906	0.003817	0.003817	0.006361	0.003817	0.017812	0.002545	0.006361	0.005089	0.008906	0.002545	0.005089	0.011450	0.062341	0.013995	0.026718	0.033079	0.016539	0.003817	0.005089	0.011450	0.016539	0.002545	0.011450	0.008906	0.048346	0.007634	0.020356	0.048346	
0.099237	0.015267	0.090331	0.036896	0.025445	0.002545	0.011450	0.011450	0.038168	0.005089	0.052163	0.010178	0.058524	0.005089	0.013995	0.025445	0.031807	0.006361	0.013995	0.003817	0.005089	0.002545	0.001272	0.003817	0.008906	0.002545	0.011450	0.005089	0.012723	0.001272	0.005089	0.012723	0.021628	0.001272	0.031807	0.008906	0.002545	0.001272	0.007634	0.005089	0.027990	0.002545	0.012723	0.003817	0.019084	0.002545	0.006361	0.003817	0.067430	0.008906	0.020356	0.017812	0.011450	0.003817	0.006361	0.002545	0.016539	0.003817	0.026718	0.005089	0.057252	0.010178	0.015267	0.019084	
0.057252	0.013995	0.131043	0.017812	0.011450	0.003817	0.011450	0.005089	0.049618	0.010178	0.086514	0.010178	0.027990	0.005089	0.015267	0.019084	0.016539	0.001272	0.015267	0.011450	0.002545	0.002545	0.003817	0.001272	0.010178	0.001272	0.012723	0.002545	0.005089	0.002545	0.006361	0.008906	0.025445	0.007634	0.047074	0.011450	0.008906	0.002545	0.001272	0.001272	0.061069	0.005089	0.020356	0.016539	0.006361	0.003817	0.005089	0.008906	0.077608	0.008906	0.052163	0.008906	0.007634	0.002545	0.003817	0.005089	0.013995	0.003817	0.017812	0.005089	0.030534	0.006361	0.016539	0.007634	
0.031807	0.012723	0.115776	0.016539	0.008906	0.005089	0.015267	0.002545	0.045802	0.010178	0.180662	0.008906	0.015267	0.008906	0.015267	0.010178	0.008906	0.008906	0.008906	0.003817	0.003817	0.001272	0.002545	0.003817	0.008906	0.002545	0.007634	0.001272	0.002545	0.003817	0.002545	0.003817	0.040712	0.003817	0.075064	0.015267	0.003817	0.002545	0.006361	0.007634	0.086514	0.013995	0.024173	0.012723	0.013995	0.003817	0.011450	0.005089	0.021628	0.005089	0.039440	0.003817	0.005089	0.001272	0.003817	0.007634	0.008906	0.005089	0.026718	0.002545	0.013995	0.001272	0.012723	0.016539	
0.036896	0.011450	0.036896	0.017812	0.011450	0.003817	0.007634	0.007634	0.049618	0.015267	0.161578	0.012723	0.011450	0.006361	0.008906	0.012723	0.011450	0.003817	0.005089	0.001272	0.002545	0.001272	0.003817	0.002545	0.007634	0.003817	0.007634	0.008906	0.007634	0.006361	0.002545	0.005089	0.052163	0.006361	0.071247	0.020356	0.012723	0.001272	0.011450	0.006361	0.176845	0.006361	0.035623	0.020356	0.008906	0.001272	0.007634	0.007634	0.020356	0.003817	0.013995	0.007634	0.006361	0.002545	0.005089	0.003817	0.017812	0.002545	0.017812	0.003817	0.007634	0.005089	0.007634	0.015267	
0.048346	0.012723	0.024173	0.035623	0.007634	0.005089	0.010178	0.002545	0.039440	0.015267	0.050891	0.021628	0.011450	0.006361	0.007634	0.021628	0.017812	0.003817	0.005089	0.006361	0.002545	0.001272	0.001272	0.003817	0.008906	0.006361	0.010178	0.002545	0.003817	0.005089	0.001272	0.010178	0.109415	0.012723	0.085242	0.044529	0.015267	0.002545	0.003817	0.006361	0.143766	0.012723	0.031807	0.034351	0.016539	0.005089	0.008906	0.015267	0.021628	0.003817	0.003817	0.006361	0.007634	0.002545	0.003817	0.005089	0.008906	0.011450	0.002545	0.003817	0.011450	0.006361	0.005089	0.017812	
0.115776	0.024173	0.017812	0.039440	0.012723	0.002545	0.006361	0.011450	0.044529	0.015267	0.017812	0.040712	0.035623	0.008906	0.015267	0.033079	0.017812	0.003817	0.002545	0.008906	0.002545	0.005089	0.001272	0.002545	0.006361	0.005089	0.002545	0.005089	0.003817	0.003817	0.005089	0.005089	0.097964	0.007634	0.048346	0.047074	0.021628	0.005089	0.011450	0.007634	0.036896	0.011450	0.015267	0.031807	0.027990	0.003817	0.013995	0.016539	0.024173	0.002545	0.006361	0.010178	0.010178	0.002545	0.006361	0.003817	0.007634	0.002545	0.006361	0.006361	0.025445	0.007634	0.008906	0.022901	
0.132316	0.026718	0.026718	0.069975	0.020356	0.006361	0.006361	0.005089	0.036896	0.008906	0.008906	0.020356	0.036896	0.012723	0.015267	0.040712	0.026718	0.005089	0.003817	0.011450	0.003817	0.002545	0.003817	0.005089	0.007634	0.002545	0.007634	0.007634	0.002545	0.005089	0.002545	0.015267	0.057252	0.002545	0.007634	0.027990	0.011450	0.008906	0.010178	0.003817	0.016539	0.005089	0.006361	0.013995	0.038168	0.008906	0.012723	0.024173	0.049618	0.006361	0.012723	0.024173	0.008906	0.005089	0.002545	0.007634	0.020356	0.005089	0.006361	0.011450	0.017812	0.007634	0.011450	0.040712	
0.124682	0.050891	0.021628	0.068702	0.015267	0.003817	0.010178	0.011450	0.022901	0.011450	0.005089	0.011450	0.048346	0.025445	0.012723	0.047074	0.012723	0.012723	0.005089	0.013995	0.007634	0.003817	0.002545	0.008906	0.003817	0.006361	0.002545	0.010178	0.006361	0.002545	0.003817	0.008906	0.043257	0.006361	0.008906	0.022901	0.011450	0.002545	0.006361	0.001272	0.010178	0.010178	0.001272	0.007634	0.020356	0.005089	0.010178	0.017812	0.044529	0.007634	0.017812	0.025445	0.013995	0.005089	0.003817	0.011450	0.015267	0.006361	0.011450	0.008906	0.045802	0.013995	0.010178	0.050891	
0.132316	0.022901	0.020356	0.049618	0.050891	0.006361	0.005089	0.015267	0.036896	0.006361	0.003817	0.006361	0.061069	0.016539	0.015267	0.038168	0.027990	0.003817	0.006361	0.010178	0.007634	0.002545	0.001272	0.003817	0.011450	0.005089	0.001272	0.005089	0.017812	0.001272	0.005089	0.008906	0.033079	0.003817	0.006361	0.008906	0.019084	0.003817	0.005089	0.006361	0.008906	0.006361	0.003817	0.001272	0.017812	0.005089	0.003817	0.011450	0.066158	0.011450	0.021628	0.021628	0.021628	0.011450	0.003817	0.010178	0.013995	0.006361	0.006361	0.010178	0.052163	0.008906	0.015267	0.048346	
0.122137	0.036896	0.012723	0.087786	0.011450	0.008906	0.007634	0.013995	0.021628	0.015267	0.001272	0.016539	0.024173	0.015267	0.007634	0.043257	0.025445	0.027990	0.008906	0.036896	0.008906	0.006361	0.002545	0.006361	0.002545	0.006361	0.001272	0.005089	0.010178	0.007634	0.002545	0.015267	0.038168	0.006361	0.008906	0.017812	0.008906	0.005089	0.003817	0.006361	0.005089	0.005089	0.002545	0.002545	0.007634	0.003817	0.002545	0.008906	0.057252	0.025445	0.017812	0.048346	0.008906	0.006361	0.001272	0.015267	0.008906	0.010178	0.006361	0.013995	0.020356	0.029262	0.005089	0.052163	
0.138677	0.008906	0.019084	0.076336	0.043257	0.007634	0.008906	0.036896	0.019084	0.007634	0.003817	0.017812	0.054707	0.006361	0.013995	0.115776	0.025445	0.005089	0.006361	0.001272	0.008906	0.002545	0.003817	0.011450	0.007634	0.002545	0.001272	0.003817	0.011450	0.001272	0.001272	0.027990	0.016539	0.002545	0.011450	0.007634	0.015267	0.006361	0.008906	0.006361	0.001272	0.003817	0.002545	0.003817	0.010178	0.002545	0.003817	0.021628	0.027990	0.003817	0.005089	0.025445	0.016539	0.005089	0.005089	0.029262	0.005089	0.001272	0.003817	0.007634	0.030534	0.003817	0.003817	0.081425	
0.199746	0.001272	0.003817	0.003817	0.012723	0.001272	0.002545	0.003817	0.034351	0.001272	0.002545	0.003817	0.094148	0.001272	0.008906	0.006361	0.075064	0.001272	0.001272	0.006361	0.011450	0.001272	0.003817	0.005089	0.019084	0.001272	0.003817	0.002545	0.077608	0.001272	0.002545	0.002545	0.029262	0.001272	0.001272	0.001272	0.006361	0.001272	0.003817	0.003817	0.006361	0.001272	0.001272	0.002545	0.024173	0.001272	0.003817	0.003817	0.094148	0.001272	0.006361	0.005089	0.007634	0.001272	0.003817	0.001272	0.019084	0.001272	0.001272	0.001272	0.225191	0.001272	0.012723	0.007634	
0.001272	0.001272	0.001272	0.394402	0.001272	0.001272	0.001272	0.001272	0.001272	0.001272	0.001272	0.008906	0.001272	0.001272	0.001272	0.012723	0.001272	0.001272	0.001272	0.034351	0.001272	0.001272	0.001272	0.001272	0.001272	0.001272	0.001272	0.010178	0.001272	0.001272	0.001272	0.010178	0.001272	0.001272	0.001272	0.075064	0.001272	0.001272	0.001272	0.001272	0.001272	0.001272	0.001272	0.005089	0.001272	0.001272	0.001272	0.006361	0.001272	0.001272	0.001272	0.417303	0.001272	0.001272	0.001272	0.001272	0.001272	0.001272	0.001272	0.024173	0.001272	0.001272	0.001272	0.016539	
0.001272	0.001272	0.001272	0.001272	0.001272	0.001272	0.001272	0.001272	0.001272	0.001272	0.001272	0.001272	0.001272	0.001272	0.917303	0.001272	0.001272	0.001272	0.001272	0.001272	0.001272	0.001272	0.001272	0.001272	0.001272	0.001272	0.001272	0.001272	0.001272	0.001272	0.001272	0.001272	0.001272	0.001272	0.001272	0.001272	0.001272	0.001272	0.001272	0.001272	0.001272	0.001272	0.001272	0.001272	0.001272	0.001272	0.044529	0.001272	0.001272	0.001272	0.001272	0.001272	0.001272	0.001272	0.001272	0.001272	0.001272	0.001272	0.001272	0.001272	0.001272	0.001272	0.041985	0.001272	
0.001272	0.001272	0.001272	0.001272	0.001272	0.001272	0.001272	0.001272	0.001272	0.001272	0.001272	0.001272	0.001272	0.001272	0.001272	0.001272	0.001272	0.001272	0.001272	0.001272	0.001272	0.001272	0.001272	0.001272	0.001272	0.001272	0.001272	0.001272	0.001272	0.001272	0.001272	0.001272	0.001272	0.001272	0.001272	0.001272	0.001272	0.001272	0.001272	0.001272	0.001272	0.001272	0.001272	0.001272	0.001272	0.001272	0.001272	0.001272	0.001272	0.001272	0.001272	0.001272	0.001272	0.001272	0.001272	0.001272	0.469466	0.153944	0.202290	0.179389	0.001272	0.001272	0.001272	0.001272	
0.001272	0.001272	0.001272	0.001272	0.001272	0.001272	0.001272	0.001272	0.001272	0.001272	0.001272	0.001272	0.001272	0.001272	0.001272	0.001272	0.001272	0.001272	0.001272	0.001272	0.001272	0.001272	0.001272	0.001272	0.001272	0.001272	0.001272	0.001272	0.001272	0.001272	0.001272	0.001272	0.245547	0.095420	0.055980	0.076336	0.071247	0.031807	0.027990	0.026718	0.072519	0.091603	0.019084	0.022901	0.017812	0.071247	0.008906	0.085242	0.001272	0.001272	0.001272	0.001272	0.001272	0.001272	0.001272	0.001272	0.001272	0.001272	0.001272	0.001272	0.001272	0.001272	0.001272	0.001272	
0.151399	0.027990	0.015267	0.054707	0.053435	0.015267	0.006361	0.024173	0.013995	0.021628	0.002545	0.021628	0.008906	0.017812	0.015267	0.038168	0.050891	0.006361	0.013995	0.003817	0.017812	0.003817	0.003817	0.010178	0.010178	0.005089	0.002545	0.013995	0.007634	0.005089	0.003817	0.013995	0.041985	0.002545	0.006361	0.025445	0.039440	0.002545	0.011450	0.041985	0.007634	0.002545	0.001272	0.011450	0.006361	0.002545	0.005089	0.012723	0.001272	0.002545	0.001272	0.016539	0.033079	0.003817	0.008906	0.029262	0.001272	0.003817	0.003817	0.003817	0.043257	0.011450	0.006361	0.027990	
0.129771	0.043257	0.027990	0.044529	0.020356	0.005089	0.003817	0.010178	0.019084	0.005089	0.005089	0.007634	0.045802	0.021628	0.011450	0.021628	0.077608	0.017812	0.026718	0.021628	0.006361	0.003817	0.011450	0.003817	0.010178	0.008906	0.005089	0.006361	0.036896	0.011450	0.045802	0.011450	0.013995	0.006361	0.003817	0.008906	0.008906	0.011450	0.007634	0.005089	0.005089	0.002545	0.001272	0.001272	0.020356	0.011450	0.011450	0.007634	0.020356	0.007634	0.024173	0.013995	0.015267	0.003817	0.012723	0.005089	0.011450	0.008906	0.007634	0.002545	0.036896	0.007634	0.022901	0.025445	
0.137405	0.040712	0.012723	0.050891	0.030534	0.010178	0.013995	0.020356	0.045802	0.016539	0.013995	0.006361	0.007634	0.013995	0.006361	0.061069	0.022901	0.006361	0.002545	0.019084	0.011450	0.001272	0.008906	0.002545	0.010178	0.012723	0.006361	0.006361	0.008906	0.006361	0.003817	0.005089	0.025445	0.006361	0.002545	0.011450	0.011450	0.002545	0.007634	0.003817	0.008906	0.002545	0.003817	0.003817	0.001272	0.002545	0.002545	0.011450	0.076336	0.027990	0.007634	0.027990	0.029262	0.010178	0.005089	0.007634	0.047074	0.017812	0.015267	0.011450	0.017812	0.012723	0.003817	0.031807	
0.146310	0.029262	0.019084	0.067430	0.035623	0.017812	0.006361	0.021628	0.008906	0.008906	0.002545	0.005089	0.015267	0.025445	0.011450	0.057252	0.045802	0.012723	0.005089	0.019084	0.010178	0.003817	0.001272	0.008906	0.008906	0.005089	0.001272	0.020356	0.005089	0.007634	0.006361	0.015267	0.058524	0.012723	0.008906	0.031807	0.017812	0.008906	0.005089	0.017812	0.011450	0.002545	0.005089	0.020356	0.006361	0.005089	0.002545	0.013995	0.001272	0.012723	0.001272	0.020356	0.015267	0.001272	0.002545	0.016539	0.001272	0.003817	0.006361	0.005089	0.059796	0.010178	0.007634	0.031807	
0.104326	0.052163	0.049618	0.045802	0.029262	0.011450	0.011450	0.015267	0.016539	0.006361	0.003817	0.007634	0.043257	0.029262	0.027990	0.038168	0.036896	0.021628	0.010178	0.010178	0.006361	0.002545	0.012723	0.010178	0.005089	0.005089	0.002545	0.002545	0.017812	0.019084	0.010178	0.017812	0.015267	0.002545	0.003817	0.008906	0.005089	0.002545	0.007634	0.005089	0.007634	0.003817	0.001272	0.002545	0.021628	0.007634	0.008906	0.012723	0.027990	0.021628	0.019084	0.017812	0.020356	0.006361	0.012723	0.008906	0.011450	0.008906	0.003817	0.003817	0.034351	0.021628	0.029262	0.033079	
0.072519	0.039440	0.010178	0.062341	0.038168	0.007634	0.006361	0.045802	0.041985	0.012723	0.012723	0.015267	0.015267	0.020356	0.003817	0.043257	0.024173	0.015267	0.006361	0.015267	0.011450	0.002545	0.002545	0.006361	0.017812	0.010178	0.006361	0.010178	0.012723	0.007634	0.003817	0.015267	0.015267	0.010178	0.002545	0.012723	0.007634	0.005089	0.003817	0.007634	0.003817	0.002545	0.001272	0.003817	0.003817	0.003817	0.002545	0.006361	0.048346	0.022901	0.011450	0.034351	0.026718	0.013995	0.017812	0.019084	0.025445	0.019084	0.011450	0.020356	0.013995	0.022901	0.008906	0.055980	
0.097964	0.012723	0.008906	0.040712	0.041985	0.010178	0.008906	0.026718	0.007634	0.007634	0.001272	0.013995	0.011450	0.025445	0.016539	0.071247	0.062341	0.006361	0.007634	0.007634	0.015267	0.002545	0.005089	0.006361	0.005089	0.002545	0.003817	0.019084	0.019084	0.013995	0.007634	0.038168	0.055980	0.003817	0.005089	0.024173	0.021628	0.006361	0.008906	0.007634	0.008906	0.006361	0.001272	0.015267	0.016539	0.006361	0.006361	0.020356	0.001272	0.015267	0.001272	0.027990	0.015267	0.010178	0.006361	0.022901	0.001272	0.003817	0.008906	0.005089	0.057252	0.016539	0.005089	0.041985	
0.099237	0.038168	0.040712	0.039440	0.012723	0.010178	0.011450	0.003817	0.007634	0.003817	0.005089	0.006361	0.035623	0.024173	0.008906	0.031807	0.038168	0.013995	0.017812	0.024173	0.008906	0.010178	0.005089	0.005089	0.007634	0.007634	0.005089	0.008906	0.026718	0.010178	0.016539	0.010178	0.011450	0.003817	0.002545	0.005089	0.007634	0.003817	0.005089	0.003817	0.001272	0.005089	0.003817	0.005089	0.013995	0.015267	0.011450	0.012723	0.043257	0.013995	0.020356	0.026718	0.026718	0.008906	0.016539	0.010178	0.013995	0.003817	0.010178	0.007634	0.069975	0.025445	0.036896	0.039440	
0.075064	0.035623	0.012723	0.068702	0.026718	0.012723	0.013995	0.016539	0.029262	0.015267	0.010178	0.026718	0.008906	0.021628	0.007634	0.057252	0.021628	0.010178	0.001272	0.022901	0.012723	0.007634	0.005089	0.007634	0.016539	0.008906	0.008906	0.003817	0.005089	0.006361	0.002545	0.008906	0.019084	0.003817	0.001272	0.006361	0.008906	0.002545	0.003817	0.005089	0.008906	0.006361	0.001272	0.007634	0.001272	0.003817	0.001272	0.021628	0.062341	0.025445	0.008906	0.049618	0.029262	0.016539	0.011450	0.017812	0.024173	0.019084	0.010178	0.020356	0.016539	0.016539	0.005089	0.055980	
0.103053	0.019084	0.003817	0.052163	0.020356	0.019084	0.011450	0.024173	0.007634	0.005089	0.002545	0.008906	0.012723	0.027990	0.017812	0.089059	0.047074	0.013995	0.010178	0.006361	0.012723	0.010178	0.003817	0.012723	0.008906	0.005089	0.002545	0.017812	0.006361	0.012723	0.002545	0.025445	0.036896	0.008906	0.008906	0.024173	0.025445	0.006361	0.003817	0.013995	0.005089	0.010178	0.003817	0.011450	0.022901	0.007634	0.007634	0.020356	0.001272	0.005089	0.001272	0.024173	0.020356	0.010178	0.003817	0.013995	0.001272	0.001272	0.008906	0.005089	0.071247	0.013995	0.011450	0.047074	
0.075064	0.043257	0.034351	0.035623	0.020356	0.003817	0.012723	0.010178	0.011450	0.005089	0.005089	0.002545	0.047074	0.017812	0.011450	0.030534	0.035623	0.011450	0.012723	0.019084	0.012723	0.013995	0.011450	0.007634	0.007634	0.002545	0.007634	0.005089	0.011450	0.011450	0.012723	0.029262	0.013995	0.002545	0.005089	0.001272	0.008906	0.002545	0.005089	0.005089	0.003817	0.008906	0.003817	0.001272	0.016539	0.007634	0.003817	0.015267	0.045802	0.016539	0.022901	0.027990	0.027990	0.008906	0.017812	0.007634	0.012723	0.007634	0.012723	0.006361	0.040712	0.039440	0.049618	0.052163	
0.059796	0.040712	0.017812	0.052163	0.022901	0.011450	0.015267	0.024173	0.031807	0.017812	0.012723	0.012723	0.007634	0.017812	0.007634	0.050891	0.029262	0.019084	0.005089	0.016539	0.007634	0.006361	0.006361	0.008906	0.010178	0.013995	0.007634	0.015267	0.002545	0.003817	0.002545	0.021628	0.011450	0.006361	0.003817	0.013995	0.006361	0.003817	0.003817	0.010178	0.008906	0.003817	0.010178	0.006361	0.003817	0.002545	0.002545	0.006361	0.041985	0.024173	0.013995	0.035623	0.031807	0.010178	0.007634	0.026718	0.031807	0.016539	0.011450	0.017812	0.017812	0.024173	0.008906	0.076336	
0.085242	0.011450	0.013995	0.031807	0.034351	0.025445	0.006361	0.024173	0.010178	0.013995	0.002545	0.013995	0.008906	0.025445	0.017812	0.066158	0.044529	0.005089	0.005089	0.013995	0.013995	0.003817	0.002545	0.011450	0.001272	0.010178	0.002545	0.019084	0.011450	0.008906	0.007634	0.041985	0.034351	0.007634	0.007634	0.033079	0.021628	0.010178	0.006361	0.013995	0.006361	0.013995	0.007634	0.013995	0.017812	0.007634	0.010178	0.016539	0.001272	0.008906	0.001272	0.020356	0.013995	0.012723	0.003817	0.017812	0.001272	0.002545	0.007634	0.010178	0.078880	0.007634	0.010178	0.058524	
0.059796	0.034351	0.038168	0.033079	0.017812	0.005089	0.003817	0.006361	0.006361	0.012723	0.005089	0.003817	0.029262	0.015267	0.022901	0.031807	0.027990	0.022901	0.019084	0.013995	0.012723	0.012723	0.019084	0.007634	0.003817	0.005089	0.008906	0.001272	0.015267	0.011450	0.020356	0.020356	0.010178	0.002545	0.001272	0.005089	0.011450	0.012723	0.010178	0.006361	0.005089	0.012723	0.001272	0.001272	0.016539	0.008906	0.012723	0.019084	0.035623	0.024173	0.024173	0.033079	0.019084	0.007634	0.012723	0.010178	0.013995	0.012723	0.013995	0.005089	0.057252	0.022901	0.047074	0.055980	
0.066158	0.015267	0.007634	0.044529	0.038168	0.010178	0.015267	0.020356	0.034351	0.025445	0.012723	0.010178	0.010178	0.024173	0.006361	0.044529	0.027990	0.006361	0.011450	0.015267	0.013995	0.008906	0.005089	0.010178	0.012723	0.008906	0.006361	0.017812	0.003817	0.005089	0.003817	0.017812	0.007634	0.007634	0.005089	0.008906	0.015267	0.003817	0.008906	0.015267	0.008906	0.008906	0.003817	0.007634	0.002545	0.002545	0.001272	0.005089	0.039440	0.015267	0.008906	0.054707	0.021628	0.011450	0.010178	0.015267	0.034351	0.027990	0.012723	0.027990	0.022901	0.019084	0.012723	0.072519	
0.073791	0.015267	0.008906	0.043257	0.016539	0.006361	0.005089	0.016539	0.007634	0.011450	0.003817	0.010178	0.013995	0.035623	0.011450	0.062341	0.052163	0.011450	0.013995	0.011450	0.011450	0.003817	0.001272	0.017812	0.002545	0.011450	0.003817	0.021628	0.015267	0.007634	0.002545	0.035623	0.040712	0.010178	0.005089	0.034351	0.024173	0.012723	0.015267	0.019084	0.010178	0.010178	0.002545	0.012723	0.016539	0.008906	0.003817	0.034351	0.001272	0.006361	0.001272	0.030534	0.011450	0.015267	0.007634	0.016539	0.001272	0.005089	0.007634	0.010178	0.058524	0.017812	0.013995	0.049618	
0.055980	0.039440	0.038168	0.034351	0.013995	0.007634	0.011450	0.010178	0.005089	0.016539	0.006361	0.001272	0.039440	0.027990	0.019084	0.033079	0.012723	0.013995	0.016539	0.020356	0.008906	0.011450	0.008906	0.008906	0.008906	0.007634	0.007634	0.005089	0.017812	0.016539	0.016539	0.019084	0.006361	0.005089	0.005089	0.005089	0.007634	0.011450	0.011450	0.007634	0.003817	0.002545	0.005089	0.006361	0.013995	0.007634	0.022901	0.010178	0.031807	0.016539	0.034351	0.021628	0.027990	0.013995	0.012723	0.015267	0.012723	0.003817	0.010178	0.005089	0.050891	0.020356	0.052163	0.058524	
0.041985	0.016539	0.012723	0.035623	0.027990	0.005089	0.012723	0.029262	0.034351	0.021628	0.020356	0.017812	0.006361	0.021628	0.003817	0.049618	0.029262	0.007634	0.006361	0.015267	0.012723	0.012723	0.011450	0.007634	0.013995	0.008906	0.006361	0.015267	0.006361	0.006361	0.006361	0.022901	0.007634	0.007634	0.002545	0.012723	0.010178	0.006361	0.007634	0.006361	0.005089	0.011450	0.002545	0.010178	0.003817	0.002545	0.001272	0.010178	0.036896	0.013995	0.017812	0.053435	0.031807	0.013995	0.012723	0.013995	0.036896	0.030534	0.019084	0.024173	0.015267	0.030534	0.007634	0.067430	
0.063613	0.013995	0.007634	0.030534	0.013995	0.013995	0.008906	0.008906	0.011450	0.008906	0.002545	0.016539	0.007634	0.033079	0.011450	0.064885	0.048346	0.010178	0.008906	0.015267	0.012723	0.005089	0.006361	0.013995	0.010178	0.010178	0.001272	0.022901	0.007634	0.015267	0.010178	0.024173	0.034351	0.012723	0.011450	0.031807	0.033079	0.006361	0.010178	0.022901	0.007634	0.019084	0.006361	0.015267	0.017812	0.003817	0.021628	0.024173	0.001272	0.007634	0.001272	0.021628	0.015267	0.007634	0.010178	0.027990	0.001272	0.002545	0.006361	0.008906	0.066158	0.016539	0.013995	0.053435	
0.038168	0.043257	0.036896	0.029262	0.015267	0.010178	0.012723	0.006361	0.003817	0.011450	0.006361	0.007634	0.024173	0.024173	0.025445	0.025445	0.026718	0.022901	0.017812	0.007634	0.005089	0.007634	0.012723	0.007634	0.005089	0.013995	0.010178	0.006361	0.013995	0.015267	0.026718	0.017812	0.010178	0.007634	0.006361	0.006361	0.013995	0.007634	0.011450	0.007634	0.003817	0.003817	0.003817	0.005089	0.016539	0.017812	0.011450	0.017812	0.033079	0.021628	0.024173	0.020356	0.026718	0.013995	0.016539	0.011450	0.017812	0.011450	0.020356	0.007634	0.063613	0.017812	0.048346	0.036896	
0.055980	0.016539	0.011450	0.024173	0.040712	0.015267	0.016539	0.022901	0.033079	0.022901	0.013995	0.015267	0.007634	0.011450	0.006361	0.038168	0.012723	0.020356	0.008906	0.019084	0.010178	0.010178	0.010178	0.008906	0.008906	0.024173	0.010178	0.010178	0.002545	0.006361	0.007634	0.016539	0.010178	0.006361	0.002545	0.011450	0.012723	0.008906	0.006361	0.012723	0.013995	0.011450	0.007634	0.007634	0.006361	0.003817	0.002545	0.013995	0.041985	0.022901	0.008906	0.044529	0.027990	0.015267	0.019084	0.012723	0.036896	0.034351	0.026718	0.013995	0.020356	0.013995	0.007634	0.055980	
0.063613	0.017812	0.015267	0.024173	0.019084	0.021628	0.007634	0.017812	0.008906	0.011450	0.001272	0.010178	0.011450	0.026718	0.011450	0.049618	0.063613	0.007634	0.006361	0.013995	0.017812	0.006361	0.007634	0.017812	0.010178	0.020356	0.001272	0.020356	0.011450	0.008906	0.012723	0.024173	0.047074	0.003817	0.006361	0.035623	0.035623	0.016539	0.013995	0.026718	0.010178	0.013995	0.006361	0.027990	0.012723	0.007634	0.008906	0.017812	0.001272	0.011450	0.001272	0.022901	0.011450	0.010178	0.006361	0.007634	0.001272	0.008906	0.006361	0.007634	0.059796	0.013995	0.021628	0.029262	
0.061069	0.036896	0.034351	0.043257	0.011450	0.010178	0.008906	0.010178	0.007634	0.012723	0.002545	0.006361	0.030534	0.017812	0.020356	0.027990	0.034351	0.017812	0.016539	0.015267	0.017812	0.005089	0.021628	0.010178	0.006361	0.013995	0.008906	0.006361	0.006361	0.017812	0.025445	0.020356	0.010178	0.006361	0.008906	0.005089	0.015267	0.010178	0.016539	0.012723	0.003817	0.003817	0.003817	0.003817	0.017812	0.013995	0.019084	0.015267	0.033079	0.011450	0.030534	0.020356	0.013995	0.010178	0.026718	0.006361	0.011450	0.016539	0.012723	0.013995	0.036896	0.017812	0.035623	0.030534	
0.059796	0.021628	0.012723	0.044529	0.029262	0.007634	0.008906	0.026718	0.031807	0.022901	0.020356	0.015267	0.008906	0.020356	0.008906	0.045802	0.020356	0.022901	0.006361	0.008906	0.008906	0.007634	0.011450	0.007634	0.020356	0.022901	0.015267	0.015267	0.001272	0.008906	0.005089	0.024173	0.012723	0.005089	0.001272	0.010178	0.015267	0.007634	0.005089	0.019084	0.007634	0.008906	0.005089	0.006361	0.003817	0.002545	0.010178	0.013995	0.036896	0.017812	0.008906	0.027990	0.024173	0.013995	0.015267	0.013995	0.039440	0.024173	0.013995	0.022901	0.016539	0.020356	0.008906	0.048346	
0.068702	0.008906	0.011450	0.040712	0.013995	0.021628	0.012723	0.019084	0.003817	0.013995	0.001272	0.010178	0.011450	0.012723	0.016539	0.050891	0.049618	0.006361	0.010178	0.011450	0.008906	0.008906	0.002545	0.016539	0.003817	0.016539	0.001272	0.019084	0.007634	0.008906	0.013995	0.036896	0.050891	0.007634	0.006361	0.034351	0.030534	0.012723	0.020356	0.015267	0.003817	0.012723	0.008906	0.029262	0.017812	0.006361	0.010178	0.025445	0.001272	0.003817	0.001272	0.024173	0.016539	0.012723	0.007634	0.015267	0.001272	0.007634	0.010178	0.013995	0.052163	0.021628	0.020356	0.038168	
0.053435	0.050891	0.041985	0.024173	0.008906	0.002545	0.010178	0.005089	0.010178	0.008906	0.006361	0.003817	0.027990	0.025445	0.030534	0.026718	0.017812	0.024173	0.020356	0.007634	0.013995	0.017812	0.015267	0.008906	0.013995	0.008906	0.017812	0.002545	0.017812	0.016539	0.017812	0.013995	0.003817	0.003817	0.001272	0.003817	0.017812	0.006361	0.013995	0.012723	0.007634	0.007634	0.005089	0.001272	0.022901	0.008906	0.021628	0.019084	0.027990	0.013995	0.026718	0.020356	0.017812	0.012723	0.010178	0.008906	0.020356	0.010178	0.019084	0.011450	0.033079	0.012723	0.059796	0.045802	
0.043257	0.012723	0.007634	0.039440	0.025445	0.012723	0.015267	0.039440	0.033079	0.016539	0.025445	0.015267	0.003817	0.008906	0.005089	0.038168	0.021628	0.019084	0.003817	0.013995	0.011450	0.005089	0.005089	0.017812	0.011450	0.013995	0.017812	0.006361	0.008906	0.006361	0.002545	0.017812	0.017812	0.006361	0.003817	0.024173	0.006361	0.008906	0.010178	0.010178	0.013995	0.010178	0.007634	0.016539	0.001272	0.003817	0.001272	0.012723	0.030534	0.016539	0.007634	0.047074	0.020356	0.015267	0.017812	0.010178	0.034351	0.040712	0.029262	0.025445	0.013995	0.021628	0.013995	0.055980	
0.052163	0.020356	0.006361	0.034351	0.011450	0.013995	0.008906	0.020356	0.001272	0.007634	0.002545	0.011450	0.010178	0.026718	0.015267	0.072519	0.040712	0.007634	0.006361	0.008906	0.008906	0.005089	0.006361	0.021628	0.002545	0.015267	0.001272	0.029262	0.016539	0.015267	0.010178	0.035623	0.036896	0.007634	0.013995	0.034351	0.029262	0.012723	0.017812	0.021628	0.013995	0.029262	0.006361	0.030534	0.017812	0.012723	0.011450	0.021628	0.001272	0.007634	0.001272	0.017812	0.007634	0.006361	0.003817	0.022901	0.001272	0.002545	0.015267	0.003817	0.053435	0.013995	0.024173	0.033079	
