>NC_010611
0.061399	0.017085	0.017085	0.038441	0.018687	0.011212	0.011212	0.014415	0.017619	0.013881	0.008009	0.019754	0.028831	0.016017	0.014949	0.035771	0.018153	0.013348	0.007475	0.021890	0.011212	0.003737	0.003737	0.006941	0.008009	0.004271	0.002670	0.005873	0.014949	0.011746	0.006941	0.029365	0.021890	0.009076	0.006407	0.012814	0.015483	0.004805	0.008542	0.012280	0.010678	0.011746	0.005339	0.011212	0.010678	0.005873	0.011746	0.024026	0.049653	0.013881	0.011746	0.032034	0.022424	0.007475	0.007475	0.013881	0.022424	0.017619	0.011746	0.014415	0.030432	0.012814	0.016017	0.052856	
0.056594	0.025627	0.018687	0.050187	0.020288	0.010678	0.010144	0.012280	0.010144	0.012814	0.007475	0.012280	0.037907	0.013348	0.017085	0.036839	0.022958	0.013348	0.014415	0.017085	0.010678	0.003737	0.002670	0.010144	0.005873	0.009610	0.004805	0.010678	0.010678	0.006941	0.014415	0.015483	0.019754	0.013881	0.007475	0.017619	0.014415	0.010678	0.004805	0.017619	0.010144	0.005339	0.005873	0.006407	0.011746	0.008009	0.009610	0.021890	0.036305	0.008009	0.016017	0.024560	0.020288	0.005873	0.008009	0.012280	0.016017	0.011746	0.010678	0.011212	0.043246	0.019754	0.020288	0.058729	
0.053390	0.021356	0.020822	0.040043	0.022958	0.013881	0.009076	0.014949	0.013881	0.017619	0.010144	0.014949	0.033636	0.016551	0.020822	0.038441	0.025627	0.008542	0.009610	0.021890	0.012814	0.006941	0.006407	0.004805	0.008009	0.005339	0.003203	0.009076	0.014949	0.007475	0.011746	0.018153	0.014949	0.008542	0.005873	0.012814	0.013881	0.009076	0.004805	0.011746	0.006407	0.005873	0.004805	0.011746	0.008542	0.007475	0.008009	0.016551	0.040577	0.016017	0.017619	0.029365	0.016551	0.006407	0.005339	0.019754	0.020822	0.014949	0.011746	0.013881	0.038441	0.020822	0.017085	0.056594	
0.060865	0.018687	0.016551	0.038441	0.018153	0.011212	0.011212	0.013881	0.018153	0.014949	0.009610	0.011212	0.035238	0.017619	0.011746	0.039509	0.028831	0.010678	0.005873	0.020822	0.012280	0.005873	0.007475	0.010678	0.007475	0.007475	0.002670	0.008009	0.014415	0.008009	0.010144	0.018687	0.019221	0.007475	0.007475	0.014949	0.014949	0.011212	0.003203	0.014415	0.006941	0.008009	0.004805	0.010144	0.012814	0.008542	0.008542	0.019754	0.042712	0.011746	0.013348	0.027763	0.025093	0.005873	0.008009	0.013348	0.025093	0.013881	0.005339	0.013348	0.035771	0.016551	0.017619	0.059797	
0.062467	0.026161	0.020822	0.042178	0.016551	0.012814	0.005339	0.013881	0.014415	0.012814	0.005873	0.010144	0.024026	0.020288	0.014949	0.042712	0.031500	0.009610	0.010144	0.019221	0.011212	0.006407	0.006941	0.009610	0.008542	0.006941	0.003737	0.010678	0.008542	0.011212	0.010144	0.022424	0.021356	0.009076	0.010678	0.016551	0.013881	0.009610	0.005339	0.015483	0.002670	0.006941	0.004805	0.008009	0.013348	0.008009	0.008542	0.012814	0.043780	0.012814	0.011746	0.029899	0.017619	0.005873	0.009076	0.018153	0.014415	0.009610	0.006941	0.017085	0.043246	0.020288	0.017085	0.057128	
0.065670	0.019754	0.027763	0.045916	0.024560	0.008009	0.008542	0.016551	0.012814	0.016551	0.009076	0.014949	0.037907	0.016017	0.014949	0.038975	0.021356	0.008542	0.012280	0.017085	0.011746	0.007475	0.004271	0.011212	0.008009	0.004271	0.003203	0.011212	0.014949	0.012814	0.010144	0.019221	0.019221	0.005873	0.002670	0.012280	0.015483	0.006407	0.004805	0.009610	0.006407	0.006941	0.004271	0.003737	0.011746	0.007475	0.011212	0.015483	0.037907	0.013881	0.009076	0.028297	0.021356	0.011212	0.009076	0.018153	0.020288	0.011212	0.008009	0.011212	0.050187	0.016551	0.020288	0.048051	
0.063534	0.014949	0.014415	0.051255	0.019221	0.006941	0.007475	0.014415	0.017085	0.014415	0.007475	0.012814	0.029899	0.014415	0.010144	0.049119	0.029365	0.008009	0.010144	0.025627	0.014415	0.005873	0.003737	0.009076	0.012280	0.004271	0.004271	0.005873	0.013881	0.010678	0.006941	0.024026	0.018153	0.005339	0.005339	0.018687	0.014415	0.006941	0.006941	0.010678	0.005339	0.006407	0.005339	0.007475	0.011746	0.004805	0.007475	0.017085	0.051789	0.014415	0.016017	0.032568	0.022424	0.004805	0.008542	0.017085	0.021890	0.013348	0.009076	0.012280	0.034704	0.014415	0.014949	0.057662	
0.074212	0.024560	0.025627	0.038441	0.017085	0.010144	0.004271	0.011212	0.014415	0.010678	0.005339	0.015483	0.038975	0.019754	0.019754	0.049653	0.024560	0.013881	0.014949	0.017085	0.010678	0.006407	0.002136	0.005339	0.005873	0.004805	0.004805	0.011212	0.012814	0.012280	0.007475	0.018687	0.024560	0.006407	0.010144	0.015483	0.015483	0.007475	0.002670	0.012814	0.009610	0.008009	0.002136	0.006407	0.010678	0.006407	0.003737	0.017619	0.040577	0.010144	0.008009	0.031500	0.019221	0.003737	0.004805	0.016551	0.016017	0.007475	0.005873	0.010144	0.037373	0.019754	0.022958	0.067806	
0.073145	0.021356	0.020288	0.049119	0.020288	0.005339	0.010144	0.019221	0.021356	0.012280	0.009076	0.016017	0.031500	0.018153	0.013348	0.039509	0.025627	0.010678	0.006941	0.019221	0.011212	0.002670	0.003737	0.010144	0.002136	0.004271	0.003203	0.004271	0.010144	0.009076	0.008542	0.018153	0.019221	0.008009	0.005873	0.012814	0.009610	0.006941	0.007475	0.006941	0.004271	0.003203	0.004271	0.006407	0.011212	0.006941	0.005339	0.019754	0.044848	0.007475	0.010678	0.036839	0.023492	0.011212	0.007475	0.016017	0.022958	0.011746	0.010144	0.009076	0.044848	0.015483	0.021890	0.071543	
0.071543	0.022424	0.023492	0.045382	0.016551	0.011212	0.005873	0.013881	0.018153	0.009610	0.003203	0.012814	0.041111	0.022424	0.010678	0.043780	0.022958	0.009076	0.010144	0.022424	0.010144	0.004271	0.003203	0.008542	0.008542	0.006941	0.005339	0.008009	0.016017	0.009076	0.006941	0.020288	0.017085	0.008542	0.006407	0.018687	0.012280	0.005339	0.006407	0.007475	0.004805	0.006941	0.006407	0.008542	0.011212	0.005873	0.004271	0.014415	0.048585	0.008542	0.014415	0.026161	0.020822	0.006941	0.004805	0.017085	0.021356	0.009610	0.006407	0.011746	0.046983	0.018687	0.022958	0.060331	
0.073145	0.018153	0.022424	0.046450	0.017619	0.010144	0.005339	0.015483	0.020288	0.014415	0.008542	0.011212	0.033636	0.017619	0.016017	0.045382	0.019221	0.006407	0.013881	0.020288	0.010678	0.004271	0.003737	0.009076	0.005873	0.002136	0.006941	0.005339	0.011212	0.012814	0.007475	0.015483	0.024026	0.009076	0.004271	0.015483	0.012280	0.005339	0.004805	0.010678	0.005339	0.005873	0.003737	0.006407	0.012814	0.004805	0.005873	0.017619	0.043780	0.016551	0.012814	0.042178	0.022958	0.006941	0.009076	0.017085	0.017085	0.010144	0.004805	0.012814	0.039509	0.018153	0.020822	0.060331	
0.072077	0.019221	0.020822	0.048051	0.019221	0.007475	0.008542	0.014949	0.020288	0.009076	0.009076	0.014949	0.038441	0.017085	0.019221	0.049653	0.025627	0.009076	0.011746	0.017085	0.011746	0.004805	0.003737	0.006407	0.010144	0.006407	0.002670	0.003737	0.011212	0.006941	0.010144	0.024026	0.020288	0.005339	0.009076	0.013881	0.011746	0.005339	0.005873	0.009610	0.010144	0.004805	0.003737	0.005339	0.010678	0.002670	0.006941	0.015483	0.050721	0.009076	0.011746	0.025627	0.025093	0.009076	0.007475	0.011746	0.020822	0.012814	0.005339	0.011212	0.044314	0.016017	0.022958	0.055526	
0.077950	0.017619	0.022424	0.050721	0.016017	0.008009	0.005339	0.013348	0.019754	0.013881	0.010678	0.009076	0.035771	0.012280	0.011746	0.044848	0.028831	0.006941	0.011746	0.020288	0.010144	0.003737	0.006407	0.006407	0.006941	0.005339	0.005339	0.008009	0.011746	0.007475	0.006407	0.017085	0.025093	0.010144	0.008009	0.018153	0.015483	0.005339	0.004271	0.008009	0.005339	0.005873	0.002670	0.006941	0.012814	0.001602	0.004805	0.016017	0.051789	0.012280	0.013881	0.026695	0.019221	0.004271	0.003203	0.016017	0.022958	0.009076	0.010144	0.017085	0.044314	0.018153	0.014415	0.067806	
0.072611	0.019221	0.027229	0.064602	0.018687	0.006941	0.008009	0.013348	0.016551	0.012814	0.010678	0.016017	0.039509	0.013348	0.014949	0.048051	0.025627	0.005873	0.012280	0.017085	0.010144	0.002136	0.003203	0.005873	0.008009	0.004271	0.001602	0.005339	0.015483	0.006407	0.004805	0.017085	0.024560	0.004271	0.008009	0.018153	0.011746	0.004271	0.005873	0.012280	0.006941	0.002670	0.009076	0.010144	0.019221	0.003737	0.003203	0.014949	0.045916	0.010144	0.018687	0.029899	0.014949	0.005339	0.007475	0.011746	0.017619	0.004805	0.005339	0.009610	0.044314	0.012280	0.018687	0.070475	
0.062467	0.014415	0.032034	0.059797	0.017619	0.003203	0.006407	0.012280	0.020822	0.011746	0.019754	0.013881	0.051255	0.019754	0.015483	0.043246	0.021356	0.006941	0.012814	0.014415	0.005339	0.003737	0.003203	0.006407	0.006941	0.002670	0.008542	0.006407	0.012814	0.006407	0.008009	0.016017	0.022424	0.004271	0.008009	0.014415	0.006407	0.005873	0.003737	0.008542	0.011746	0.001602	0.005339	0.008009	0.011746	0.005873	0.008542	0.014949	0.058729	0.013348	0.015483	0.030966	0.015483	0.004805	0.003203	0.012280	0.017619	0.008542	0.004805	0.010678	0.045916	0.012814	0.033102	0.058729	
0.075280	0.010678	0.034704	0.044314	0.019221	0.003737	0.003737	0.012280	0.020822	0.005339	0.024026	0.018153	0.041111	0.017085	0.021890	0.039509	0.020288	0.002670	0.012814	0.009076	0.006407	0.002136	0.004271	0.004805	0.006407	0.002670	0.004805	0.002670	0.012814	0.005339	0.009610	0.011746	0.017619	0.006941	0.013881	0.018687	0.007475	0.001068	0.006407	0.009610	0.019221	0.003737	0.005873	0.009610	0.008009	0.003737	0.009610	0.017619	0.056060	0.008009	0.027229	0.030432	0.019754	0.001602	0.009076	0.014415	0.023492	0.004805	0.019754	0.017085	0.035771	0.014415	0.028831	0.053924	
0.063534	0.009610	0.057662	0.038441	0.014949	0.003203	0.005339	0.004805	0.029899	0.005873	0.036839	0.016017	0.036305	0.008542	0.020288	0.037373	0.017085	0.003203	0.019754	0.012814	0.002670	0.001068	0.001068	0.003737	0.009610	0.001068	0.008009	0.004805	0.010678	0.005339	0.008009	0.017085	0.025093	0.003203	0.022958	0.018687	0.004271	0.003737	0.004271	0.004271	0.029899	0.003737	0.013348	0.007475	0.015483	0.005339	0.013348	0.013348	0.049119	0.006407	0.027763	0.014415	0.017619	0.005873	0.008542	0.008542	0.027763	0.005873	0.021356	0.014949	0.037373	0.010678	0.033636	0.041111	
0.056060	0.005873	0.073679	0.019221	0.007475	0.002136	0.006941	0.005873	0.041111	0.009076	0.065136	0.012814	0.022958	0.008542	0.027229	0.025627	0.017085	0.001602	0.016017	0.004805	0.006407	0.002136	0.003203	0.002136	0.006407	0.001602	0.008542	0.002670	0.006941	0.002670	0.005873	0.005873	0.021890	0.006941	0.053390	0.014949	0.006941	0.002136	0.004271	0.003203	0.044848	0.006941	0.017085	0.010678	0.012814	0.001602	0.012814	0.016017	0.037907	0.005873	0.040577	0.015483	0.010678	0.002136	0.008542	0.008542	0.034704	0.003737	0.029899	0.006941	0.039509	0.006941	0.031500	0.030966	
0.036305	0.010678	0.074212	0.011746	0.006941	0.001602	0.008009	0.003737	0.028831	0.009610	0.124399	0.020822	0.021356	0.005339	0.013348	0.014415	0.010678	0.002670	0.013348	0.004805	0.001602	0.001068	0.003203	0.002670	0.008009	0.001068	0.009610	0.004271	0.005339	0.002670	0.005873	0.005873	0.027229	0.008542	0.071543	0.019754	0.004805	0.002670	0.009076	0.004805	0.070475	0.004805	0.027229	0.018153	0.009610	0.003203	0.010678	0.009610	0.030432	0.004271	0.038441	0.009076	0.009076	0.002670	0.005339	0.002670	0.029899	0.002136	0.035238	0.010144	0.021890	0.005873	0.026161	0.024560	
0.022958	0.008009	0.053390	0.020288	0.008009	0.002670	0.006941	0.008542	0.043246	0.007475	0.124933	0.021890	0.014949	0.003737	0.012280	0.014415	0.005873	0.002136	0.012280	0.002136	0.003203	0.001068	0.001602	0.002136	0.010144	0.003203	0.010144	0.002136	0.004271	0.001068	0.004271	0.004271	0.037373	0.009076	0.068873	0.021890	0.003737	0.001602	0.009076	0.003203	0.117459	0.011212	0.041111	0.026695	0.014415	0.004271	0.018153	0.016551	0.017085	0.004271	0.022958	0.013881	0.003737	0.001602	0.005873	0.005873	0.020288	0.004805	0.023492	0.007475	0.017085	0.003203	0.019221	0.014949	
0.026695	0.008009	0.024560	0.024026	0.007475	0.004805	0.005339	0.005873	0.041644	0.019754	0.069941	0.026161	0.025093	0.002136	0.011746	0.019221	0.005339	0.000534	0.007475	0.005339	0.003203	0.002136	0.000534	0.001068	0.008542	0.002136	0.008009	0.004805	0.004805	0.004271	0.003737	0.006941	0.053924	0.012280	0.092365	0.032568	0.008542	0.003737	0.004271	0.010144	0.121730	0.011212	0.028297	0.038441	0.021890	0.007475	0.012280	0.016551	0.014949	0.003737	0.017619	0.014415	0.004805	0.003203	0.001068	0.003203	0.022424	0.003203	0.019221	0.009076	0.016551	0.005339	0.012280	0.016017	
0.035238	0.011746	0.020822	0.033102	0.008542	0.003737	0.002670	0.009610	0.052322	0.013881	0.040043	0.035771	0.024560	0.009076	0.010678	0.032034	0.008009	0.004805	0.002670	0.008542	0.005873	0.001602	0.001068	0.005339	0.004271	0.002136	0.003203	0.001602	0.003737	0.003737	0.005873	0.006941	0.057128	0.010678	0.076348	0.050187	0.009076	0.006941	0.010144	0.010144	0.065670	0.009610	0.015483	0.034704	0.029899	0.009076	0.017085	0.022424	0.032034	0.005339	0.015483	0.015483	0.005873	0.004805	0.003203	0.005339	0.020822	0.003737	0.006941	0.008542	0.015483	0.005339	0.008542	0.029365	
0.054458	0.012280	0.019754	0.045916	0.014415	0.004805	0.003203	0.010144	0.042178	0.015483	0.022958	0.034704	0.043246	0.010144	0.019221	0.034704	0.011746	0.005339	0.006407	0.005873	0.008542	0.000534	0.004271	0.003737	0.004805	0.004805	0.001602	0.005873	0.009076	0.003203	0.004805	0.013348	0.061399	0.009610	0.034170	0.037907	0.015483	0.003737	0.004805	0.005339	0.019754	0.010144	0.006407	0.029365	0.028831	0.008542	0.015483	0.027763	0.034704	0.009610	0.009610	0.019754	0.010144	0.003737	0.004805	0.008542	0.019754	0.004805	0.008009	0.009610	0.027229	0.010144	0.011746	0.041644	
0.073145	0.022424	0.018687	0.048051	0.011212	0.005339	0.007475	0.012814	0.023492	0.016017	0.010678	0.019754	0.039509	0.012814	0.017619	0.039509	0.018153	0.006407	0.004271	0.019754	0.005339	0.001602	0.000534	0.005339	0.006941	0.002670	0.002136	0.005339	0.008009	0.003203	0.004805	0.011746	0.038975	0.012814	0.006407	0.028297	0.012814	0.005339	0.005339	0.011746	0.013348	0.006941	0.006941	0.011746	0.017619	0.010144	0.026695	0.025093	0.049119	0.011746	0.011746	0.035771	0.012280	0.004805	0.004271	0.010678	0.020822	0.008009	0.009076	0.013348	0.028297	0.022958	0.011746	0.054458	
0.066738	0.023492	0.034170	0.054992	0.019221	0.006941	0.008542	0.018687	0.012814	0.012280	0.005873	0.010144	0.049653	0.021356	0.018687	0.042178	0.014949	0.005339	0.007475	0.013881	0.005339	0.003737	0.003203	0.004805	0.006407	0.005339	0.001602	0.004271	0.010678	0.008009	0.006941	0.014949	0.025627	0.013348	0.009610	0.016017	0.012280	0.006941	0.005873	0.008542	0.006941	0.009610	0.003203	0.009076	0.018153	0.005339	0.009076	0.017619	0.045916	0.014949	0.011212	0.021356	0.017085	0.006407	0.007475	0.018153	0.027229	0.010144	0.007475	0.016017	0.037373	0.016017	0.017085	0.060331	
0.072077	0.018687	0.030966	0.031500	0.025627	0.010144	0.012280	0.009076	0.019754	0.017619	0.011212	0.013881	0.036305	0.017619	0.019754	0.032568	0.023492	0.009076	0.008009	0.013348	0.007475	0.004805	0.008009	0.003737	0.010144	0.006941	0.003737	0.004271	0.011212	0.011212	0.011746	0.016017	0.020288	0.009610	0.011746	0.011746	0.017619	0.007475	0.005339	0.006941	0.005873	0.004805	0.003737	0.003737	0.008542	0.010144	0.010678	0.010144	0.060865	0.015483	0.016551	0.022958	0.024026	0.004805	0.006941	0.014949	0.022958	0.010678	0.007475	0.010678	0.039509	0.022424	0.025093	0.048051	
0.072611	0.029899	0.020288	0.053924	0.016551	0.008542	0.008542	0.019221	0.022424	0.020822	0.006407	0.017619	0.020288	0.019221	0.006941	0.033102	0.025627	0.019754	0.006941	0.022424	0.008009	0.003737	0.004805	0.010678	0.008542	0.010678	0.002670	0.010678	0.012280	0.008542	0.006407	0.007475	0.022424	0.010144	0.004271	0.021890	0.010144	0.007475	0.007475	0.014949	0.012814	0.003737	0.002670	0.006941	0.011212	0.006407	0.005339	0.009610	0.041111	0.018687	0.010144	0.025627	0.016017	0.013881	0.008009	0.023492	0.021890	0.017085	0.008009	0.020288	0.026695	0.017619	0.013881	0.048585	
0.074212	0.024560	0.025627	0.037373	0.023492	0.021356	0.010144	0.023492	0.012280	0.012814	0.004271	0.012280	0.020288	0.044314	0.014949	0.044314	0.016017	0.017085	0.007475	0.010144	0.008009	0.011212	0.002670	0.011746	0.006941	0.009076	0.004271	0.008542	0.015483	0.018153	0.006941	0.027763	0.015483	0.013348	0.007475	0.029365	0.013348	0.015483	0.003737	0.019754	0.003737	0.005339	0.003203	0.007475	0.006941	0.019221	0.010144	0.019221	0.027229	0.015483	0.005873	0.021890	0.016551	0.013881	0.004271	0.017085	0.011212	0.007475	0.001602	0.012280	0.018153	0.022958	0.008542	0.049119	
0.121730	0.000534	0.005339	0.005339	0.063001	0.000534	0.005339	0.001602	0.041644	0.000534	0.002670	0.001602	0.093967	0.000534	0.002670	0.001602	0.056594	0.000534	0.002670	0.001602	0.054992	0.000534	0.004271	0.002136	0.017085	0.000534	0.001602	0.001602	0.057662	0.000534	0.008009	0.005873	0.029365	0.000534	0.003203	0.001068	0.030966	0.000534	0.001602	0.001602	0.009076	0.000534	0.002670	0.001068	0.034704	0.000534	0.003737	0.001602	0.056594	0.000534	0.003203	0.000534	0.095035	0.000534	0.006941	0.002136	0.035238	0.000534	0.003203	0.001602	0.129738	0.000534	0.005873	0.004271	
0.000534	0.000534	0.000534	0.262680	0.000534	0.000534	0.000534	0.000534	0.000534	0.000534	0.000534	0.012814	0.000534	0.000534	0.000534	0.006941	0.000534	0.000534	0.000534	0.242392	0.000534	0.000534	0.000534	0.000534	0.000534	0.000534	0.000534	0.016551	0.000534	0.000534	0.000534	0.005873	0.000534	0.000534	0.000534	0.101442	0.000534	0.000534	0.000534	0.000534	0.000534	0.000534	0.000534	0.008542	0.000534	0.000534	0.000534	0.004271	0.000534	0.000534	0.000534	0.314469	0.000534	0.000534	0.000534	0.000534	0.000534	0.000534	0.000534	0.018687	0.000534	0.000534	0.000534	0.011746	
0.000534	0.000534	0.000534	0.000534	0.000534	0.000534	0.000534	0.000534	0.000534	0.000534	0.000534	0.000534	0.000534	0.000534	0.919381	0.000534	0.000534	0.000534	0.000534	0.000534	0.000534	0.000534	0.000534	0.000534	0.000534	0.000534	0.000534	0.000534	0.000534	0.000534	0.000534	0.000534	0.000534	0.000534	0.000534	0.000534	0.000534	0.000534	0.000534	0.000534	0.000534	0.000534	0.000534	0.000534	0.000534	0.000534	0.054992	0.000534	0.000534	0.000534	0.000534	0.000534	0.000534	0.000534	0.000534	0.000534	0.000534	0.000534	0.000534	0.000534	0.000534	0.000534	0.027229	0.000534	
0.000534	0.000534	0.000534	0.000534	0.000534	0.000534	0.000534	0.000534	0.000534	0.000534	0.000534	0.000534	0.000534	0.000534	0.000534	0.000534	0.000534	0.000534	0.000534	0.000534	0.000534	0.000534	0.000534	0.000534	0.000534	0.000534	0.000534	0.000534	0.000534	0.000534	0.000534	0.000534	0.000534	0.000534	0.000534	0.000534	0.000534	0.000534	0.000534	0.000534	0.000534	0.000534	0.000534	0.000534	0.000534	0.000534	0.000534	0.000534	0.000534	0.000534	0.000534	0.000534	0.000534	0.000534	0.000534	0.000534	0.471436	0.166578	0.196476	0.167645	0.000534	0.000534	0.000534	0.000534	
0.000534	0.000534	0.000534	0.000534	0.000534	0.000534	0.000534	0.000534	0.000534	0.000534	0.000534	0.000534	0.000534	0.000534	0.000534	0.000534	0.000534	0.000534	0.000534	0.000534	0.000534	0.000534	0.000534	0.000534	0.000534	0.000534	0.000534	0.000534	0.000534	0.000534	0.000534	0.000534	0.237053	0.085424	0.090763	0.059797	0.064068	0.040043	0.030966	0.033102	0.071009	0.081153	0.025093	0.020822	0.014415	0.078484	0.011746	0.064602	0.000534	0.000534	0.000534	0.000534	0.000534	0.000534	0.000534	0.000534	0.000534	0.000534	0.000534	0.000534	0.000534	0.000534	0.000534	0.000534	
0.104645	0.034170	0.021890	0.077950	0.030966	0.011746	0.009610	0.034704	0.008009	0.030432	0.001068	0.052856	0.009610	0.008542	0.010678	0.032568	0.038975	0.005873	0.010144	0.010678	0.020288	0.002670	0.002670	0.016017	0.005873	0.008009	0.001068	0.017619	0.008542	0.004805	0.008009	0.013348	0.033102	0.008009	0.005873	0.025627	0.029365	0.006941	0.008009	0.038441	0.006941	0.005339	0.003203	0.011212	0.005339	0.003203	0.005873	0.008009	0.000534	0.004271	0.000534	0.010678	0.022958	0.008542	0.009076	0.039509	0.000534	0.002670	0.006407	0.003737	0.024560	0.008009	0.009076	0.024560	
0.080619	0.036839	0.033636	0.026161	0.017085	0.008009	0.012814	0.014415	0.014415	0.011212	0.003737	0.009076	0.061933	0.019221	0.022958	0.020822	0.045916	0.021890	0.020288	0.015483	0.012280	0.005339	0.007475	0.004805	0.013348	0.005873	0.006941	0.003203	0.043780	0.020288	0.034704	0.029899	0.009076	0.005873	0.003203	0.003203	0.017619	0.013881	0.006407	0.008542	0.003203	0.002670	0.002670	0.003203	0.032034	0.011746	0.025093	0.016551	0.024560	0.005339	0.011212	0.006941	0.012280	0.002670	0.005873	0.003737	0.014949	0.006941	0.004805	0.006941	0.028297	0.013348	0.026695	0.010144	
0.078484	0.033102	0.011746	0.036839	0.028831	0.008542	0.011746	0.020822	0.029365	0.015483	0.009076	0.014415	0.010144	0.010678	0.003737	0.027229	0.028297	0.014415	0.005873	0.010678	0.014949	0.004271	0.006407	0.004271	0.016017	0.010678	0.002670	0.003203	0.007475	0.005873	0.003203	0.014949	0.020822	0.010678	0.006941	0.007475	0.014415	0.002670	0.003737	0.005873	0.007475	0.004271	0.002670	0.003737	0.002136	0.006941	0.002136	0.011212	0.075814	0.031500	0.016017	0.042712	0.034170	0.008009	0.010144	0.012280	0.051789	0.028831	0.010144	0.018687	0.016017	0.016017	0.005339	0.040043	
0.095035	0.017085	0.030432	0.060865	0.037907	0.012814	0.009076	0.029899	0.008009	0.007475	0.002670	0.022424	0.013348	0.020822	0.018153	0.045382	0.051789	0.004271	0.021356	0.014949	0.010144	0.002136	0.001602	0.009610	0.004805	0.009076	0.001602	0.016551	0.008542	0.006941	0.010678	0.017085	0.038975	0.015483	0.014415	0.035771	0.027763	0.008009	0.006941	0.016551	0.005873	0.007475	0.002670	0.008542	0.010678	0.004271	0.005873	0.019221	0.000534	0.008542	0.000534	0.026161	0.018153	0.002670	0.005873	0.012814	0.000534	0.001602	0.006941	0.005339	0.035238	0.008542	0.012814	0.036839	
0.064068	0.041644	0.041644	0.038975	0.014949	0.011212	0.007475	0.011746	0.021890	0.015483	0.009610	0.019754	0.046983	0.031500	0.025093	0.034170	0.031500	0.017619	0.025093	0.019754	0.011746	0.004805	0.005339	0.003737	0.008009	0.004805	0.007475	0.003203	0.020288	0.014949	0.014949	0.018687	0.009076	0.002136	0.002136	0.005873	0.007475	0.008009	0.005339	0.004805	0.005339	0.004271	0.001602	0.002670	0.014415	0.011212	0.009610	0.017619	0.025093	0.015483	0.011746	0.015483	0.014415	0.006941	0.011746	0.007475	0.018153	0.011212	0.009076	0.009076	0.035238	0.023492	0.030432	0.029365	
0.056060	0.023492	0.018687	0.031500	0.028831	0.015483	0.013348	0.019221	0.028831	0.020822	0.010144	0.020822	0.013348	0.018153	0.007475	0.041111	0.016551	0.011212	0.005339	0.015483	0.010678	0.005873	0.006407	0.008009	0.009610	0.008542	0.005339	0.006407	0.003203	0.007475	0.004805	0.012280	0.025627	0.010144	0.005339	0.012280	0.013348	0.005873	0.006941	0.009610	0.008009	0.007475	0.001602	0.010678	0.006941	0.006407	0.003203	0.018153	0.043246	0.021356	0.013348	0.038975	0.034704	0.013881	0.013348	0.019221	0.033102	0.020288	0.005339	0.021356	0.016551	0.020822	0.006407	0.056060	
0.065136	0.013348	0.020822	0.042178	0.022958	0.012814	0.008009	0.022424	0.013881	0.008009	0.003203	0.017619	0.014415	0.022424	0.013881	0.047517	0.057128	0.004805	0.008009	0.017619	0.011746	0.007475	0.006407	0.015483	0.005873	0.009076	0.003203	0.021890	0.017085	0.009610	0.008542	0.020822	0.035238	0.007475	0.006941	0.029899	0.021356	0.011212	0.009610	0.014949	0.004271	0.005339	0.002136	0.010678	0.018153	0.008542	0.008542	0.024026	0.000534	0.010144	0.000534	0.028831	0.018687	0.008009	0.005339	0.020822	0.000534	0.002136	0.012814	0.006407	0.059263	0.010678	0.015483	0.042178	
0.056060	0.031500	0.037907	0.032568	0.011746	0.007475	0.006407	0.010144	0.011746	0.011212	0.002670	0.010678	0.039509	0.024026	0.024026	0.030966	0.028297	0.014415	0.017619	0.014415	0.014415	0.009076	0.006941	0.009076	0.011212	0.005339	0.006941	0.005873	0.020822	0.017619	0.014415	0.020822	0.008542	0.006941	0.004805	0.004271	0.006941	0.004271	0.006407	0.006941	0.005873	0.006407	0.003203	0.005873	0.014949	0.012280	0.016551	0.012814	0.038441	0.024026	0.026695	0.019754	0.020288	0.004805	0.017085	0.009076	0.017619	0.012814	0.007475	0.008542	0.036839	0.023492	0.036839	0.037373	
0.057662	0.030432	0.010144	0.033102	0.031500	0.015483	0.014949	0.014949	0.034170	0.019754	0.006941	0.026161	0.014949	0.017619	0.004805	0.033636	0.020288	0.011746	0.006941	0.014415	0.008542	0.004805	0.005339	0.006941	0.014949	0.008009	0.003737	0.010144	0.005339	0.008542	0.004271	0.017085	0.014949	0.008009	0.003203	0.020288	0.016017	0.003203	0.005873	0.010678	0.004805	0.006941	0.004271	0.004271	0.005339	0.006407	0.003203	0.016017	0.042178	0.023492	0.007475	0.038975	0.037373	0.010144	0.010144	0.019754	0.036305	0.020288	0.010678	0.024560	0.022424	0.018687	0.004805	0.056060	
0.062467	0.017085	0.014949	0.040577	0.017619	0.015483	0.009610	0.030966	0.005873	0.006941	0.001602	0.013348	0.013348	0.019221	0.015483	0.058729	0.049119	0.005873	0.014949	0.023492	0.012280	0.004271	0.004271	0.012814	0.006407	0.006407	0.002670	0.020822	0.013348	0.008542	0.008009	0.022424	0.041111	0.008542	0.010678	0.029899	0.022424	0.009610	0.007475	0.015483	0.005873	0.005873	0.004271	0.009610	0.019221	0.006941	0.012280	0.026695	0.000534	0.010144	0.000534	0.036839	0.018153	0.004271	0.005873	0.022958	0.000534	0.004271	0.008542	0.003737	0.055526	0.008009	0.016551	0.042712	
0.054458	0.030966	0.032568	0.035238	0.013881	0.009610	0.009076	0.009076	0.008542	0.013881	0.008009	0.010678	0.045382	0.032034	0.027763	0.025627	0.025093	0.014415	0.017085	0.013881	0.013348	0.007475	0.007475	0.005339	0.009610	0.006941	0.005339	0.005339	0.018153	0.016017	0.026161	0.021890	0.005873	0.004805	0.004805	0.003203	0.006941	0.004271	0.006407	0.005873	0.004805	0.004805	0.003737	0.003737	0.014415	0.008542	0.011212	0.013348	0.036305	0.021356	0.021356	0.022424	0.016017	0.006407	0.012280	0.008009	0.021356	0.013348	0.010144	0.007475	0.047517	0.020822	0.034170	0.048051	
0.048585	0.018153	0.010144	0.044848	0.028297	0.013348	0.008542	0.021356	0.028297	0.019754	0.009610	0.018153	0.010678	0.016017	0.004805	0.043246	0.016551	0.009076	0.003737	0.020822	0.010678	0.006407	0.006941	0.003737	0.012814	0.009610	0.004271	0.008542	0.007475	0.006407	0.002670	0.011746	0.014949	0.009610	0.002136	0.017619	0.011746	0.008009	0.005873	0.013348	0.006407	0.004805	0.005339	0.010678	0.001068	0.004805	0.002670	0.018687	0.046983	0.020822	0.008009	0.049653	0.035771	0.011746	0.010144	0.019754	0.034704	0.025627	0.016017	0.022958	0.017619	0.026695	0.008542	0.056060	
0.064602	0.014949	0.013881	0.033636	0.026695	0.012814	0.004805	0.013348	0.006407	0.006941	0.001068	0.009610	0.020822	0.021356	0.011746	0.079018	0.046450	0.005873	0.017085	0.017085	0.014415	0.006407	0.002670	0.016017	0.005873	0.005339	0.003737	0.016551	0.009610	0.012814	0.011212	0.024560	0.039509	0.009610	0.007475	0.025627	0.017085	0.009610	0.008542	0.024560	0.010144	0.006941	0.004271	0.013881	0.018687	0.008009	0.007475	0.026161	0.000534	0.009076	0.000534	0.026695	0.020822	0.005873	0.007475	0.019754	0.000534	0.001602	0.010144	0.006407	0.057128	0.008009	0.019221	0.045382	
0.051255	0.032568	0.042178	0.025093	0.008009	0.009610	0.011746	0.010144	0.010678	0.009610	0.006941	0.011746	0.028831	0.019221	0.022958	0.032034	0.026161	0.012814	0.021890	0.018153	0.009610	0.008542	0.008009	0.008542	0.008009	0.006407	0.003203	0.005873	0.017619	0.017085	0.014949	0.024026	0.011212	0.003203	0.005873	0.002670	0.005873	0.002136	0.006407	0.006407	0.008009	0.004271	0.001602	0.005339	0.014949	0.008009	0.012280	0.011212	0.030966	0.016017	0.027763	0.031500	0.020822	0.009610	0.013881	0.005873	0.018687	0.009076	0.010678	0.011212	0.045916	0.029365	0.056594	0.043246	
0.046450	0.019754	0.013881	0.039509	0.027763	0.011212	0.010678	0.014949	0.031500	0.023492	0.017619	0.025093	0.009610	0.022424	0.006941	0.038441	0.017085	0.009076	0.005339	0.012814	0.010678	0.006407	0.007475	0.005339	0.012814	0.009610	0.008542	0.009076	0.003737	0.009076	0.003203	0.014949	0.014415	0.009076	0.005873	0.016017	0.010144	0.008542	0.003203	0.007475	0.007475	0.004271	0.002670	0.008009	0.004271	0.005873	0.004805	0.019221	0.031500	0.025627	0.009076	0.041111	0.032034	0.013348	0.010678	0.017619	0.038975	0.025627	0.018153	0.024026	0.012814	0.025093	0.013348	0.059263	
0.050187	0.013348	0.016551	0.029365	0.014949	0.016551	0.008009	0.024026	0.004271	0.014415	0.001602	0.013881	0.016017	0.015483	0.015483	0.062467	0.036839	0.004271	0.017085	0.022424	0.012814	0.005873	0.005873	0.014949	0.004805	0.008009	0.003737	0.015483	0.011212	0.010144	0.008542	0.015483	0.045916	0.007475	0.005873	0.031500	0.019754	0.012280	0.008009	0.022958	0.014415	0.009076	0.005339	0.018153	0.017619	0.013348	0.009610	0.025627	0.000534	0.008009	0.000534	0.021356	0.019221	0.011212	0.004271	0.027763	0.000534	0.004271	0.012814	0.010678	0.055526	0.013348	0.021890	0.041111	
0.048051	0.030966	0.026161	0.028297	0.008009	0.006941	0.011212	0.006941	0.009610	0.014949	0.004271	0.011212	0.030966	0.027229	0.028297	0.018153	0.022958	0.010144	0.022424	0.011212	0.013881	0.010678	0.012280	0.009076	0.007475	0.006941	0.007475	0.004271	0.016551	0.017619	0.027229	0.028297	0.006941	0.005873	0.003737	0.007475	0.011212	0.008009	0.008009	0.008542	0.006941	0.006941	0.004805	0.004805	0.017619	0.013881	0.015483	0.011212	0.032568	0.024560	0.020822	0.022424	0.016551	0.009076	0.016017	0.010678	0.019221	0.011746	0.014949	0.009610	0.027763	0.021356	0.050187	0.045382	
0.038975	0.021356	0.011212	0.038975	0.032034	0.014949	0.008542	0.016017	0.028831	0.016551	0.010678	0.017085	0.005339	0.013348	0.009610	0.041111	0.014949	0.010144	0.006941	0.017619	0.010678	0.010678	0.005339	0.008009	0.014949	0.010144	0.011746	0.010678	0.004805	0.004805	0.006407	0.019221	0.014415	0.005873	0.006407	0.016551	0.014949	0.009076	0.004805	0.011746	0.006407	0.009610	0.004805	0.010678	0.004805	0.005339	0.001602	0.018153	0.034704	0.018153	0.008009	0.032034	0.032568	0.016551	0.013881	0.017085	0.044314	0.032034	0.020822	0.024026	0.015483	0.021890	0.008009	0.057662	
0.045382	0.011212	0.013348	0.033102	0.020288	0.010678	0.006941	0.017619	0.005873	0.007475	0.000534	0.018687	0.016551	0.018153	0.013348	0.057128	0.043780	0.005873	0.020822	0.019754	0.011746	0.007475	0.006941	0.025093	0.004805	0.009076	0.002670	0.016017	0.011212	0.011212	0.010144	0.020288	0.029899	0.019221	0.009076	0.036305	0.026695	0.010678	0.010144	0.020822	0.011212	0.013881	0.005873	0.017085	0.021356	0.009076	0.011746	0.020288	0.000534	0.005339	0.000534	0.024026	0.019754	0.005873	0.006407	0.013348	0.000534	0.002670	0.012814	0.009610	0.058729	0.011212	0.027229	0.038975	
0.036305	0.027229	0.035238	0.020822	0.012814	0.009076	0.009610	0.010144	0.011746	0.015483	0.008542	0.008009	0.029365	0.019754	0.035771	0.028297	0.024560	0.016017	0.022424	0.015483	0.006941	0.008009	0.011746	0.008009	0.008542	0.007475	0.011212	0.003203	0.013348	0.013348	0.024026	0.026161	0.008542	0.005339	0.004805	0.003737	0.009610	0.007475	0.008009	0.008009	0.005339	0.005339	0.006941	0.004271	0.018153	0.009610	0.020822	0.012814	0.032034	0.020288	0.030432	0.025093	0.018687	0.005873	0.011212	0.013881	0.019221	0.015483	0.017619	0.010144	0.032034	0.020288	0.050187	0.034170	
0.044314	0.018687	0.015483	0.022958	0.024560	0.013881	0.009610	0.020822	0.032034	0.022424	0.017085	0.021356	0.008009	0.015483	0.005873	0.035771	0.018687	0.007475	0.003737	0.018153	0.010678	0.008009	0.004805	0.006941	0.014415	0.009076	0.004271	0.012814	0.005339	0.006407	0.007475	0.020822	0.014415	0.009076	0.006407	0.014949	0.014415	0.007475	0.006941	0.014949	0.005873	0.017085	0.009076	0.012280	0.002136	0.006407	0.004805	0.012280	0.033102	0.017085	0.005339	0.037373	0.028831	0.011212	0.012280	0.010678	0.045916	0.038441	0.021890	0.024560	0.014415	0.018153	0.008542	0.060331	
0.051255	0.010144	0.013348	0.035771	0.017085	0.008009	0.008009	0.019221	0.004271	0.010678	0.003203	0.012814	0.005873	0.018153	0.016551	0.052856	0.035771	0.004271	0.022424	0.016017	0.017619	0.005873	0.005339	0.011746	0.006941	0.009610	0.001068	0.016017	0.009076	0.011746	0.010144	0.022424	0.044314	0.012280	0.010678	0.030966	0.038441	0.015483	0.008542	0.024560	0.007475	0.013348	0.008009	0.023492	0.018687	0.012814	0.011212	0.028297	0.000534	0.008542	0.000534	0.020288	0.014949	0.003737	0.008009	0.019754	0.000534	0.005339	0.011212	0.009610	0.054992	0.012814	0.018687	0.042712	
0.046983	0.027763	0.036839	0.020288	0.005873	0.012280	0.005339	0.011746	0.010144	0.015483	0.009610	0.011746	0.027763	0.029899	0.025093	0.020288	0.020822	0.026161	0.027763	0.013348	0.008009	0.009076	0.010144	0.005873	0.008542	0.009076	0.008542	0.003737	0.019754	0.008542	0.026695	0.020288	0.006407	0.004805	0.004805	0.003203	0.010144	0.008009	0.010144	0.010678	0.003737	0.006407	0.006941	0.006407	0.014415	0.010678	0.020822	0.016017	0.032034	0.013881	0.021890	0.020822	0.018687	0.010678	0.018687	0.007475	0.012814	0.017085	0.017619	0.009076	0.038441	0.027229	0.048585	0.032034	
0.038441	0.027229	0.010144	0.030432	0.022424	0.013881	0.014415	0.021890	0.036305	0.021890	0.013348	0.019754	0.006941	0.011212	0.008009	0.031500	0.012814	0.005873	0.010144	0.013881	0.013881	0.007475	0.009610	0.009076	0.012814	0.013881	0.008009	0.009610	0.004805	0.009076	0.008009	0.013881	0.015483	0.005873	0.005339	0.008542	0.017619	0.009076	0.003203	0.018153	0.009076	0.014415	0.011212	0.008009	0.003203	0.005873	0.004271	0.017619	0.038441	0.018687	0.011746	0.031500	0.030432	0.017619	0.014949	0.013348	0.035238	0.036839	0.024560	0.024560	0.010678	0.019221	0.009610	0.049119	
0.049119	0.013881	0.017619	0.024560	0.021356	0.012814	0.006407	0.017085	0.008542	0.011746	0.004271	0.012814	0.011746	0.012280	0.014415	0.045916	0.042178	0.008009	0.016017	0.018153	0.016551	0.006407	0.008009	0.017085	0.007475	0.012814	0.003737	0.018153	0.012280	0.013881	0.009610	0.026695	0.034704	0.012280	0.010144	0.036305	0.039509	0.010678	0.009076	0.027763	0.011212	0.012814	0.008009	0.025093	0.018687	0.008542	0.009076	0.025627	0.000534	0.006941	0.000534	0.017619	0.015483	0.003203	0.008542	0.018153	0.000534	0.007475	0.013881	0.008009	0.047517	0.010678	0.018153	0.035771	
0.039509	0.032034	0.037907	0.017085	0.011212	0.011746	0.008009	0.010144	0.010144	0.014415	0.011746	0.008009	0.027763	0.019754	0.028831	0.020288	0.027763	0.018153	0.031500	0.015483	0.011212	0.008542	0.006941	0.006407	0.006941	0.008542	0.011212	0.005339	0.014949	0.015483	0.027763	0.021890	0.012814	0.006941	0.004805	0.003203	0.009076	0.008542	0.018687	0.008542	0.006407	0.009076	0.005339	0.009076	0.014415	0.009076	0.025093	0.015483	0.026695	0.019221	0.027229	0.017085	0.016551	0.006407	0.014949	0.007475	0.019221	0.010144	0.013881	0.008009	0.031500	0.022958	0.050187	0.029365	
0.037907	0.020822	0.016017	0.032034	0.024560	0.014949	0.011746	0.025093	0.033102	0.027763	0.019754	0.020822	0.005339	0.008009	0.007475	0.032034	0.014415	0.013348	0.006407	0.013881	0.009076	0.008009	0.010678	0.007475	0.018153	0.008009	0.009610	0.012814	0.003203	0.007475	0.004805	0.017085	0.013348	0.009076	0.004271	0.016017	0.017619	0.005339	0.007475	0.011746	0.012814	0.010144	0.005873	0.013348	0.004271	0.003737	0.003737	0.018687	0.028831	0.016551	0.008542	0.034704	0.024560	0.012280	0.014949	0.015483	0.031500	0.047517	0.020822	0.032034	0.005873	0.015483	0.011746	0.053924	
0.037907	0.013348	0.012814	0.030432	0.024560	0.010678	0.009076	0.015483	0.005339	0.010144	0.001068	0.018687	0.011212	0.013348	0.017619	0.054458	0.035771	0.007475	0.016551	0.016017	0.013881	0.006941	0.008009	0.011746	0.008542	0.007475	0.001602	0.027229	0.010678	0.014949	0.011746	0.022424	0.033102	0.014415	0.012280	0.035771	0.030966	0.018687	0.014415	0.029365	0.009610	0.014949	0.006407	0.025093	0.020288	0.011746	0.014415	0.032568	0.000534	0.005873	0.000534	0.011746	0.014949	0.002670	0.001602	0.015483	0.000534	0.005339	0.013348	0.008542	0.049653	0.010144	0.023492	0.038441	
