>NC_000912
0.069136	0.019753	0.024691	0.039506	0.019753	0.012346	0.022222	0.007407	0.017284	0.022222	0.009877	0.024691	0.012346	0.002469	0.004938	0.044444	0.051852	0.007407	0.017284	0.024691	0.014815	0.019753	0.007407	0.012346	0.007407	0.009877	0.002469	0.022222	0.009877	0.012346	0.007407	0.046914	0.029630	0.009877	0.007407	0.012346	0.024691	0.022222	0.009877	0.017284	0.009877	0.004938	0.012346	0.007407	0.009877	0.004938	0.009877	0.014815	0.041975	0.012346	0.017284	0.012346	0.014815	0.017284	0.009877	0.009877	0.019753	0.007407	0.014815	0.004938	0.044444	0.022222	0.019753	0.054321	
0.081481	0.037037	0.037037	0.037037	0.012346	0.014815	0.002469	0.019753	0.022222	0.019753	0.004938	0.019753	0.022222	0.009877	0.019753	0.037037	0.034568	0.009877	0.012346	0.017284	0.024691	0.022222	0.007407	0.017284	0.012346	0.009877	0.019753	0.007407	0.007407	0.004938	0.007407	0.027160	0.017284	0.007407	0.007407	0.022222	0.019753	0.007407	0.002469	0.014815	0.012346	0.009877	0.002469	0.014815	0.009877	0.007407	0.012346	0.029630	0.027160	0.014815	0.014815	0.019753	0.019753	0.004938	0.009877	0.007407	0.017284	0.004938	0.007407	0.012346	0.056790	0.009877	0.034568	0.059259	
0.061728	0.041975	0.024691	0.032099	0.014815	0.022222	0.014815	0.017284	0.032099	0.019753	0.012346	0.007407	0.022222	0.019753	0.009877	0.044444	0.029630	0.017284	0.014815	0.014815	0.009877	0.022222	0.007407	0.009877	0.007407	0.009877	0.002469	0.002469	0.024691	0.007407	0.009877	0.017284	0.022222	0.009877	0.007407	0.024691	0.009877	0.002469	0.012346	0.019753	0.007407	0.009877	0.009877	0.007407	0.014815	0.004938	0.007407	0.027160	0.049383	0.017284	0.012346	0.017284	0.009877	0.002469	0.002469	0.017284	0.019753	0.014815	0.027160	0.012346	0.079012	0.027160	0.017284	0.029630	
0.056790	0.032099	0.037037	0.037037	0.032099	0.019753	0.014815	0.019753	0.012346	0.019753	0.007407	0.019753	0.019753	0.004938	0.014815	0.049383	0.019753	0.009877	0.007407	0.007407	0.007407	0.004938	0.007407	0.029630	0.004938	0.012346	0.012346	0.007407	0.017284	0.012346	0.014815	0.019753	0.024691	0.007407	0.012346	0.022222	0.022222	0.004938	0.007407	0.019753	0.012346	0.004938	0.009877	0.024691	0.002469	0.009877	0.004938	0.012346	0.059259	0.019753	0.024691	0.037037	0.019753	0.002469	0.004938	0.032099	0.014815	0.007407	0.012346	0.009877	0.029630	0.012346	0.027160	0.049383	
0.069136	0.029630	0.017284	0.044444	0.027160	0.022222	0.004938	0.014815	0.007407	0.019753	0.014815	0.039506	0.022222	0.014815	0.007407	0.059259	0.039506	0.009877	0.009877	0.022222	0.009877	0.002469	0.007407	0.012346	0.007407	0.004938	0.007407	0.014815	0.027160	0.027160	0.007407	0.039506	0.024691	0.007407	0.002469	0.009877	0.012346	0.007407	0.007407	0.017284	0.014815	0.012346	0.002469	0.012346	0.022222	0.007407	0.017284	0.014815	0.032099	0.009877	0.014815	0.012346	0.012346	0.002469	0.009877	0.014815	0.022222	0.012346	0.014815	0.012346	0.022222	0.017284	0.022222	0.069136	
0.059259	0.037037	0.032099	0.037037	0.017284	0.012346	0.009877	0.017284	0.014815	0.007407	0.007407	0.014815	0.022222	0.017284	0.009877	0.039506	0.022222	0.019753	0.012346	0.007407	0.017284	0.004938	0.002469	0.009877	0.004938	0.009877	0.007407	0.007407	0.014815	0.007407	0.017284	0.019753	0.022222	0.009877	0.004938	0.014815	0.009877	0.009877	0.009877	0.019753	0.007407	0.002469	0.009877	0.019753	0.022222	0.012346	0.014815	0.029630	0.039506	0.017284	0.024691	0.012346	0.019753	0.012346	0.004938	0.029630	0.017284	0.012346	0.009877	0.014815	0.081481	0.017284	0.032099	0.051852	
0.046914	0.024691	0.022222	0.049383	0.037037	0.022222	0.009877	0.014815	0.019753	0.014815	0.012346	0.027160	0.009877	0.012346	0.014815	0.034568	0.029630	0.014815	0.007407	0.012346	0.017284	0.007407	0.004938	0.009877	0.007407	0.012346	0.002469	0.004938	0.019753	0.024691	0.004938	0.027160	0.024691	0.007407	0.009877	0.002469	0.009877	0.007407	0.007407	0.007407	0.004938	0.007407	0.004938	0.017284	0.012346	0.012346	0.009877	0.022222	0.071605	0.017284	0.034568	0.017284	0.017284	0.009877	0.007407	0.019753	0.024691	0.019753	0.014815	0.014815	0.049383	0.027160	0.012346	0.051852	
0.083951	0.032099	0.022222	0.034568	0.027160	0.014815	0.002469	0.019753	0.017284	0.019753	0.014815	0.022222	0.029630	0.009877	0.009877	0.032099	0.034568	0.029630	0.007407	0.009877	0.019753	0.004938	0.004938	0.017284	0.004938	0.014815	0.004938	0.004938	0.007407	0.012346	0.012346	0.019753	0.014815	0.014815	0.012346	0.014815	0.012346	0.007407	0.017284	0.017284	0.012346	0.009877	0.004938	0.007407	0.012346	0.004938	0.017284	0.029630	0.041975	0.012346	0.014815	0.022222	0.029630	0.017284	0.019753	0.009877	0.004938	0.014815	0.012346	0.009877	0.044444	0.017284	0.022222	0.051852	
0.076543	0.037037	0.032099	0.029630	0.019753	0.017284	0.024691	0.027160	0.007407	0.017284	0.014815	0.017284	0.027160	0.012346	0.009877	0.032099	0.051852	0.012346	0.012346	0.012346	0.022222	0.004938	0.007407	0.009877	0.007407	0.024691	0.004938	0.007407	0.024691	0.004938	0.007407	0.027160	0.012346	0.007407	0.012346	0.007407	0.009877	0.019753	0.009877	0.019753	0.002469	0.014815	0.004938	0.014815	0.012346	0.007407	0.007407	0.017284	0.032099	0.009877	0.027160	0.024691	0.014815	0.009877	0.009877	0.009877	0.009877	0.014815	0.014815	0.022222	0.044444	0.034568	0.022222	0.032099	
0.071605	0.029630	0.019753	0.051852	0.019753	0.014815	0.009877	0.022222	0.027160	0.032099	0.007407	0.017284	0.014815	0.009877	0.004938	0.044444	0.039506	0.009877	0.004938	0.012346	0.019753	0.009877	0.009877	0.012346	0.007407	0.022222	0.007407	0.014815	0.032099	0.007407	0.009877	0.017284	0.007407	0.007407	0.002469	0.009877	0.019753	0.009877	0.017284	0.024691	0.009877	0.004938	0.007407	0.017284	0.009877	0.009877	0.022222	0.019753	0.064198	0.014815	0.017284	0.012346	0.024691	0.019753	0.007407	0.007407	0.009877	0.009877	0.014815	0.012346	0.039506	0.012346	0.012346	0.044444	
0.083951	0.029630	0.041975	0.027160	0.019753	0.022222	0.004938	0.014815	0.007407	0.004938	0.009877	0.022222	0.022222	0.009877	0.007407	0.046914	0.037037	0.004938	0.014815	0.027160	0.017284	0.012346	0.012346	0.012346	0.007407	0.017284	0.014815	0.004938	0.014815	0.004938	0.019753	0.027160	0.014815	0.004938	0.012346	0.022222	0.029630	0.022222	0.007407	0.009877	0.009877	0.007407	0.012346	0.007407	0.017284	0.009877	0.012346	0.022222	0.041975	0.022222	0.024691	0.007407	0.014815	0.007407	0.004938	0.012346	0.004938	0.009877	0.019753	0.014815	0.034568	0.012346	0.022222	0.056790	
0.079012	0.029630	0.037037	0.032099	0.017284	0.022222	0.004938	0.017284	0.044444	0.012346	0.022222	0.014815	0.012346	0.007407	0.009877	0.054321	0.041975	0.019753	0.012346	0.007407	0.014815	0.032099	0.009877	0.007407	0.007407	0.009877	0.004938	0.007407	0.009877	0.012346	0.004938	0.022222	0.017284	0.002469	0.004938	0.004938	0.007407	0.007407	0.012346	0.012346	0.014815	0.009877	0.022222	0.009877	0.014815	0.004938	0.009877	0.019753	0.034568	0.014815	0.017284	0.022222	0.014815	0.004938	0.004938	0.012346	0.032099	0.009877	0.007407	0.012346	0.056790	0.017284	0.029630	0.049383	
0.064198	0.027160	0.024691	0.056790	0.009877	0.029630	0.009877	0.017284	0.014815	0.027160	0.017284	0.012346	0.019753	0.004938	0.007407	0.034568	0.027160	0.012346	0.007407	0.007407	0.014815	0.017284	0.012346	0.022222	0.007407	0.007407	0.004938	0.012346	0.012346	0.007407	0.002469	0.027160	0.059259	0.007407	0.014815	0.017284	0.012346	0.002469	0.009877	0.017284	0.022222	0.004938	0.019753	0.009877	0.007407	0.002469	0.012346	0.022222	0.061728	0.012346	0.009877	0.009877	0.012346	0.002469	0.007407	0.019753	0.017284	0.012346	0.012346	0.012346	0.051852	0.012346	0.022222	0.059259	
0.108642	0.029630	0.034568	0.039506	0.012346	0.007407	0.009877	0.029630	0.014815	0.017284	0.007407	0.017284	0.014815	0.007407	0.022222	0.046914	0.027160	0.009877	0.007407	0.004938	0.012346	0.012346	0.012346	0.014815	0.009877	0.009877	0.012346	0.007407	0.014815	0.009877	0.009877	0.041975	0.019753	0.007407	0.017284	0.017284	0.024691	0.009877	0.007407	0.009877	0.014815	0.007407	0.009877	0.022222	0.012346	0.004938	0.002469	0.027160	0.049383	0.004938	0.014815	0.022222	0.009877	0.002469	0.009877	0.004938	0.012346	0.014815	0.004938	0.012346	0.032099	0.014815	0.032099	0.064198	
0.059259	0.034568	0.061728	0.049383	0.012346	0.012346	0.007407	0.019753	0.022222	0.017284	0.014815	0.019753	0.022222	0.012346	0.014815	0.034568	0.027160	0.007407	0.017284	0.007407	0.012346	0.007407	0.002469	0.009877	0.004938	0.007407	0.019753	0.007407	0.017284	0.004938	0.007407	0.029630	0.024691	0.004938	0.017284	0.004938	0.019753	0.004938	0.009877	0.014815	0.007407	0.012346	0.007407	0.007407	0.022222	0.009877	0.004938	0.022222	0.034568	0.009877	0.012346	0.017284	0.009877	0.004938	0.007407	0.014815	0.019753	0.014815	0.019753	0.012346	0.076543	0.029630	0.017284	0.056790	
0.046914	0.034568	0.014815	0.049383	0.024691	0.014815	0.004938	0.012346	0.019753	0.009877	0.051852	0.027160	0.012346	0.014815	0.012346	0.039506	0.029630	0.007407	0.009877	0.007407	0.009877	0.007407	0.004938	0.007407	0.007407	0.004938	0.007407	0.007407	0.017284	0.004938	0.012346	0.024691	0.019753	0.002469	0.007407	0.024691	0.017284	0.009877	0.009877	0.014815	0.022222	0.017284	0.014815	0.007407	0.007407	0.009877	0.014815	0.014815	0.069136	0.014815	0.032099	0.022222	0.019753	0.007407	0.004938	0.024691	0.012346	0.007407	0.009877	0.014815	0.056790	0.009877	0.024691	0.051852	
0.066667	0.022222	0.032099	0.044444	0.019753	0.017284	0.004938	0.017284	0.022222	0.004938	0.017284	0.019753	0.024691	0.007407	0.014815	0.056790	0.034568	0.014815	0.007407	0.014815	0.017284	0.014815	0.002469	0.004938	0.004938	0.004938	0.012346	0.002469	0.027160	0.004938	0.007407	0.019753	0.019753	0.009877	0.012346	0.019753	0.004938	0.012346	0.007407	0.014815	0.044444	0.004938	0.017284	0.017284	0.017284	0.014815	0.009877	0.014815	0.041975	0.022222	0.012346	0.017284	0.019753	0.009877	0.004938	0.004938	0.017284	0.012346	0.012346	0.022222	0.039506	0.024691	0.014815	0.051852	
0.059259	0.046914	0.027160	0.029630	0.022222	0.009877	0.019753	0.017284	0.012346	0.019753	0.022222	0.009877	0.034568	0.012346	0.012346	0.037037	0.032099	0.012346	0.009877	0.007407	0.024691	0.004938	0.012346	0.012346	0.004938	0.009877	0.002469	0.002469	0.012346	0.004938	0.004938	0.019753	0.032099	0.007407	0.039506	0.009877	0.007407	0.002469	0.002469	0.014815	0.009877	0.009877	0.017284	0.022222	0.027160	0.007407	0.009877	0.017284	0.064198	0.012346	0.012346	0.019753	0.024691	0.007407	0.007407	0.012346	0.009877	0.004938	0.024691	0.007407	0.071605	0.014815	0.022222	0.034568	
0.088889	0.039506	0.019753	0.039506	0.024691	0.017284	0.019753	0.017284	0.014815	0.014815	0.034568	0.024691	0.019753	0.019753	0.002469	0.024691	0.029630	0.007407	0.014815	0.027160	0.009877	0.002469	0.009877	0.002469	0.017284	0.012346	0.007407	0.004938	0.007407	0.014815	0.007407	0.027160	0.014815	0.002469	0.007407	0.012346	0.014815	0.004938	0.004938	0.019753	0.017284	0.004938	0.014815	0.029630	0.009877	0.002469	0.004938	0.024691	0.083951	0.019753	0.022222	0.019753	0.012346	0.009877	0.012346	0.004938	0.009877	0.022222	0.012346	0.004938	0.034568	0.012346	0.007407	0.054321	
0.088889	0.039506	0.041975	0.046914	0.022222	0.017284	0.012346	0.017284	0.027160	0.009877	0.009877	0.017284	0.034568	0.007407	0.014815	0.041975	0.029630	0.014815	0.012346	0.004938	0.014815	0.002469	0.012346	0.004938	0.014815	0.019753	0.002469	0.009877	0.009877	0.007407	0.012346	0.014815	0.019753	0.022222	0.007407	0.009877	0.019753	0.007407	0.014815	0.012346	0.019753	0.004938	0.004938	0.039506	0.014815	0.007407	0.012346	0.029630	0.027160	0.009877	0.017284	0.017284	0.009877	0.017284	0.004938	0.017284	0.004938	0.004938	0.004938	0.007407	0.046914	0.012346	0.022222	0.049383	
0.061728	0.032099	0.044444	0.027160	0.032099	0.014815	0.009877	0.029630	0.029630	0.007407	0.022222	0.019753	0.029630	0.004938	0.004938	0.039506	0.029630	0.014815	0.012346	0.009877	0.017284	0.009877	0.004938	0.012346	0.007407	0.017284	0.007407	0.012346	0.017284	0.004938	0.007407	0.022222	0.027160	0.004938	0.019753	0.014815	0.017284	0.002469	0.007407	0.012346	0.004938	0.002469	0.007407	0.007407	0.027160	0.012346	0.017284	0.017284	0.049383	0.012346	0.032099	0.012346	0.009877	0.007407	0.004938	0.012346	0.027160	0.009877	0.002469	0.022222	0.051852	0.012346	0.024691	0.046914	
0.079012	0.032099	0.037037	0.019753	0.034568	0.014815	0.007407	0.007407	0.041975	0.019753	0.019753	0.027160	0.014815	0.014815	0.004938	0.029630	0.024691	0.027160	0.009877	0.014815	0.004938	0.009877	0.007407	0.012346	0.004938	0.004938	0.002469	0.014815	0.014815	0.012346	0.012346	0.027160	0.019753	0.019753	0.014815	0.014815	0.007407	0.002469	0.007407	0.019753	0.014815	0.002469	0.009877	0.012346	0.019753	0.004938	0.009877	0.027160	0.066667	0.009877	0.019753	0.029630	0.007407	0.009877	0.007407	0.009877	0.017284	0.009877	0.019753	0.007407	0.054321	0.014815	0.012346	0.044444	
0.069136	0.024691	0.032099	0.064198	0.019753	0.032099	0.007407	0.029630	0.019753	0.009877	0.014815	0.037037	0.022222	0.014815	0.009877	0.032099	0.024691	0.007407	0.007407	0.014815	0.009877	0.007407	0.009877	0.009877	0.004938	0.009877	0.007407	0.007407	0.019753	0.007407	0.012346	0.009877	0.014815	0.009877	0.022222	0.032099	0.009877	0.009877	0.002469	0.014815	0.019753	0.004938	0.009877	0.017284	0.012346	0.004938	0.009877	0.034568	0.046914	0.009877	0.032099	0.014815	0.002469	0.002469	0.019753	0.022222	0.009877	0.004938	0.012346	0.012346	0.039506	0.014815	0.017284	0.056790	
0.051852	0.027160	0.041975	0.034568	0.012346	0.007407	0.009877	0.022222	0.027160	0.017284	0.017284	0.032099	0.029630	0.019753	0.017284	0.059259	0.014815	0.004938	0.019753	0.002469	0.022222	0.004938	0.019753	0.004938	0.012346	0.007407	0.007407	0.012346	0.037037	0.004938	0.012346	0.022222	0.022222	0.007407	0.017284	0.007407	0.009877	0.004938	0.004938	0.009877	0.007407	0.014815	0.009877	0.012346	0.024691	0.014815	0.009877	0.024691	0.034568	0.019753	0.022222	0.017284	0.012346	0.007407	0.007407	0.014815	0.009877	0.007407	0.017284	0.014815	0.051852	0.012346	0.027160	0.041975	
0.049383	0.022222	0.027160	0.024691	0.019753	0.007407	0.014815	0.017284	0.024691	0.012346	0.022222	0.041975	0.032099	0.004938	0.002469	0.022222	0.022222	0.009877	0.019753	0.004938	0.017284	0.002469	0.002469	0.002469	0.009877	0.012346	0.009877	0.009877	0.017284	0.004938	0.014815	0.014815	0.022222	0.017284	0.007407	0.009877	0.014815	0.014815	0.007407	0.009877	0.007407	0.012346	0.017284	0.014815	0.022222	0.004938	0.012346	0.032099	0.081481	0.007407	0.037037	0.017284	0.022222	0.012346	0.007407	0.009877	0.019753	0.027160	0.004938	0.014815	0.071605	0.002469	0.029630	0.044444	
0.051852	0.037037	0.044444	0.041975	0.024691	0.009877	0.004938	0.017284	0.014815	0.034568	0.017284	0.024691	0.019753	0.009877	0.004938	0.022222	0.027160	0.009877	0.017284	0.019753	0.004938	0.012346	0.007407	0.012346	0.004938	0.007407	0.014815	0.004938	0.004938	0.002469	0.019753	0.012346	0.027160	0.002469	0.014815	0.017284	0.012346	0.007407	0.009877	0.034568	0.022222	0.002469	0.009877	0.019753	0.017284	0.009877	0.012346	0.041975	0.056790	0.014815	0.046914	0.024691	0.004938	0.002469	0.004938	0.004938	0.017284	0.004938	0.014815	0.022222	0.034568	0.009877	0.027160	0.041975	
0.056790	0.051852	0.017284	0.037037	0.009877	0.024691	0.007407	0.022222	0.004938	0.027160	0.004938	0.086420	0.019753	0.014815	0.007407	0.061728	0.024691	0.004938	0.002469	0.014815	0.012346	0.002469	0.014815	0.002469	0.004938	0.009877	0.004938	0.007407	0.007407	0.017284	0.004938	0.039506	0.022222	0.017284	0.007407	0.012346	0.017284	0.004938	0.002469	0.024691	0.009877	0.017284	0.017284	0.012346	0.017284	0.007407	0.014815	0.032099	0.034568	0.017284	0.014815	0.009877	0.014815	0.002469	0.002469	0.012346	0.024691	0.004938	0.004938	0.029630	0.037037	0.022222	0.009877	0.049383	
0.041975	0.014815	0.046914	0.034568	0.039506	0.014815	0.009877	0.027160	0.007407	0.009877	0.009877	0.014815	0.041975	0.009877	0.002469	0.019753	0.022222	0.002469	0.012346	0.017284	0.017284	0.004938	0.007407	0.004938	0.009877	0.004938	0.004938	0.007407	0.032099	0.009877	0.012346	0.007407	0.014815	0.009877	0.007407	0.012346	0.022222	0.014815	0.012346	0.009877	0.004938	0.007407	0.014815	0.004938	0.049383	0.004938	0.032099	0.049383	0.024691	0.009877	0.024691	0.022222	0.019753	0.019753	0.007407	0.014815	0.004938	0.014815	0.004938	0.012346	0.088889	0.012346	0.017284	0.064198	
0.088889	0.002469	0.007407	0.004938	0.029630	0.002469	0.002469	0.002469	0.071605	0.002469	0.012346	0.004938	0.076543	0.002469	0.002469	0.004938	0.088889	0.002469	0.004938	0.002469	0.039506	0.002469	0.009877	0.002469	0.024691	0.002469	0.002469	0.007407	0.046914	0.002469	0.002469	0.004938	0.019753	0.002469	0.002469	0.002469	0.024691	0.002469	0.002469	0.007407	0.027160	0.002469	0.002469	0.002469	0.027160	0.002469	0.004938	0.004938	0.192593	0.002469	0.014815	0.002469	0.029630	0.002469	0.002469	0.002469	0.056790	0.002469	0.002469	0.002469	0.116049	0.002469	0.017284	0.004938	
0.002469	0.002469	0.002469	0.382716	0.002469	0.002469	0.002469	0.002469	0.002469	0.002469	0.002469	0.022222	0.002469	0.002469	0.002469	0.004938	0.002469	0.002469	0.002469	0.116049	0.002469	0.002469	0.002469	0.002469	0.002469	0.002469	0.002469	0.009877	0.002469	0.002469	0.002469	0.007407	0.002469	0.002469	0.002469	0.172840	0.002469	0.002469	0.002469	0.002469	0.002469	0.002469	0.002469	0.012346	0.002469	0.002469	0.002469	0.009877	0.002469	0.002469	0.002469	0.259259	0.002469	0.002469	0.002469	0.002469	0.002469	0.002469	0.002469	0.019753	0.002469	0.002469	0.002469	0.012346	
0.002469	0.002469	0.002469	0.002469	0.002469	0.002469	0.002469	0.002469	0.002469	0.002469	0.002469	0.002469	0.002469	0.002469	0.923457	0.002469	0.002469	0.002469	0.002469	0.002469	0.002469	0.002469	0.002469	0.002469	0.002469	0.002469	0.002469	0.002469	0.002469	0.002469	0.002469	0.002469	0.002469	0.002469	0.002469	0.002469	0.002469	0.002469	0.002469	0.002469	0.002469	0.002469	0.002469	0.002469	0.002469	0.002469	0.056790	0.002469	0.002469	0.002469	0.002469	0.002469	0.002469	0.002469	0.002469	0.002469	0.002469	0.002469	0.002469	0.002469	0.002469	0.002469	0.027160	0.002469	
0.002469	0.002469	0.002469	0.002469	0.002469	0.002469	0.002469	0.002469	0.002469	0.002469	0.002469	0.002469	0.002469	0.002469	0.002469	0.002469	0.002469	0.002469	0.002469	0.002469	0.002469	0.002469	0.002469	0.002469	0.002469	0.002469	0.002469	0.002469	0.002469	0.002469	0.002469	0.002469	0.002469	0.002469	0.002469	0.002469	0.002469	0.002469	0.002469	0.002469	0.002469	0.002469	0.002469	0.002469	0.002469	0.002469	0.002469	0.002469	0.002469	0.002469	0.002469	0.002469	0.002469	0.002469	0.002469	0.002469	0.392593	0.172840	0.306173	0.138272	0.002469	0.002469	0.002469	0.002469	
0.002469	0.002469	0.002469	0.002469	0.002469	0.002469	0.002469	0.002469	0.002469	0.002469	0.002469	0.002469	0.002469	0.002469	0.002469	0.002469	0.002469	0.002469	0.002469	0.002469	0.002469	0.002469	0.002469	0.002469	0.002469	0.002469	0.002469	0.002469	0.002469	0.002469	0.002469	0.002469	0.251852	0.049383	0.044444	0.054321	0.071605	0.034568	0.039506	0.034568	0.138272	0.083951	0.041975	0.049383	0.009877	0.044444	0.004938	0.086420	0.002469	0.002469	0.002469	0.002469	0.002469	0.002469	0.002469	0.002469	0.002469	0.002469	0.002469	0.002469	0.002469	0.002469	0.002469	0.002469	
0.148148	0.037037	0.032099	0.041975	0.019753	0.007407	0.009877	0.019753	0.007407	0.014815	0.002469	0.027160	0.004938	0.012346	0.014815	0.029630	0.041975	0.007407	0.017284	0.012346	0.009877	0.004938	0.004938	0.022222	0.012346	0.022222	0.002469	0.009877	0.017284	0.007407	0.002469	0.014815	0.064198	0.027160	0.014815	0.039506	0.039506	0.014815	0.004938	0.032099	0.007407	0.014815	0.012346	0.014815	0.019753	0.009877	0.007407	0.019753	0.002469	0.004938	0.002469	0.007407	0.027160	0.007407	0.002469	0.014815	0.002469	0.004938	0.002469	0.002469	0.022222	0.009877	0.024691	0.037037	
0.081481	0.056790	0.059259	0.059259	0.034568	0.012346	0.019753	0.009877	0.012346	0.022222	0.012346	0.019753	0.046914	0.012346	0.022222	0.019753	0.049383	0.019753	0.017284	0.009877	0.014815	0.002469	0.012346	0.004938	0.004938	0.007407	0.002469	0.007407	0.041975	0.004938	0.022222	0.019753	0.007407	0.007407	0.002469	0.012346	0.017284	0.012346	0.017284	0.009877	0.002469	0.002469	0.012346	0.002469	0.009877	0.017284	0.012346	0.014815	0.041975	0.007407	0.012346	0.002469	0.022222	0.004938	0.002469	0.009877	0.017284	0.004938	0.017284	0.009877	0.041975	0.007407	0.032099	0.019753	
0.101235	0.022222	0.024691	0.032099	0.032099	0.014815	0.019753	0.024691	0.041975	0.017284	0.004938	0.027160	0.014815	0.012346	0.007407	0.049383	0.046914	0.017284	0.014815	0.009877	0.012346	0.004938	0.007407	0.007407	0.027160	0.017284	0.002469	0.004938	0.004938	0.007407	0.004938	0.017284	0.009877	0.009877	0.007407	0.009877	0.009877	0.004938	0.009877	0.012346	0.014815	0.007407	0.014815	0.007407	0.009877	0.007407	0.004938	0.017284	0.093827	0.009877	0.022222	0.014815	0.012346	0.012346	0.004938	0.012346	0.032099	0.014815	0.019753	0.022222	0.022222	0.017284	0.012346	0.022222	
0.108642	0.044444	0.061728	0.037037	0.027160	0.007407	0.007407	0.017284	0.009877	0.022222	0.004938	0.032099	0.007407	0.017284	0.007407	0.034568	0.041975	0.007407	0.009877	0.007407	0.017284	0.004938	0.007407	0.007407	0.007407	0.009877	0.007407	0.017284	0.019753	0.009877	0.014815	0.012346	0.027160	0.019753	0.027160	0.041975	0.007407	0.007407	0.012346	0.029630	0.007407	0.019753	0.009877	0.004938	0.019753	0.002469	0.009877	0.029630	0.002469	0.041975	0.002469	0.004938	0.014815	0.004938	0.014815	0.009877	0.012346	0.004938	0.009877	0.002469	0.029630	0.014815	0.017284	0.044444	
0.086420	0.051852	0.024691	0.017284	0.051852	0.024691	0.009877	0.027160	0.044444	0.022222	0.012346	0.022222	0.034568	0.022222	0.012346	0.022222	0.044444	0.009877	0.009877	0.002469	0.012346	0.004938	0.004938	0.002469	0.014815	0.017284	0.002469	0.007407	0.029630	0.007407	0.014815	0.012346	0.029630	0.002469	0.002469	0.002469	0.019753	0.004938	0.009877	0.022222	0.007407	0.007407	0.004938	0.012346	0.022222	0.012346	0.012346	0.009877	0.039506	0.012346	0.014815	0.009877	0.014815	0.009877	0.012346	0.007407	0.012346	0.012346	0.007407	0.017284	0.074074	0.012346	0.022222	0.012346	
0.088889	0.039506	0.022222	0.049383	0.022222	0.009877	0.007407	0.037037	0.017284	0.007407	0.012346	0.014815	0.004938	0.007407	0.002469	0.017284	0.051852	0.022222	0.017284	0.007407	0.022222	0.007407	0.007407	0.007407	0.004938	0.012346	0.002469	0.017284	0.002469	0.014815	0.012346	0.029630	0.044444	0.009877	0.004938	0.019753	0.022222	0.012346	0.009877	0.014815	0.009877	0.004938	0.004938	0.007407	0.012346	0.004938	0.012346	0.029630	0.098765	0.017284	0.032099	0.012346	0.014815	0.014815	0.014815	0.009877	0.014815	0.027160	0.009877	0.009877	0.014815	0.009877	0.002469	0.029630	
0.120988	0.039506	0.064198	0.059259	0.037037	0.014815	0.007407	0.029630	0.014815	0.007407	0.009877	0.044444	0.019753	0.012346	0.009877	0.046914	0.051852	0.012346	0.009877	0.007407	0.017284	0.002469	0.002469	0.022222	0.007407	0.007407	0.007407	0.017284	0.019753	0.017284	0.014815	0.017284	0.012346	0.007407	0.002469	0.024691	0.017284	0.009877	0.009877	0.014815	0.004938	0.009877	0.002469	0.012346	0.009877	0.007407	0.014815	0.017284	0.002469	0.012346	0.002469	0.017284	0.014815	0.004938	0.007407	0.009877	0.009877	0.002469	0.012346	0.004938	0.032099	0.009877	0.029630	0.034568	
0.093827	0.017284	0.041975	0.034568	0.034568	0.012346	0.012346	0.012346	0.019753	0.009877	0.012346	0.037037	0.041975	0.024691	0.019753	0.022222	0.044444	0.022222	0.012346	0.007407	0.014815	0.004938	0.007407	0.004938	0.014815	0.004938	0.004938	0.002469	0.032099	0.002469	0.019753	0.022222	0.019753	0.007407	0.004938	0.004938	0.009877	0.002469	0.004938	0.009877	0.014815	0.004938	0.004938	0.007407	0.017284	0.004938	0.034568	0.022222	0.046914	0.009877	0.014815	0.009877	0.017284	0.012346	0.007407	0.009877	0.024691	0.019753	0.012346	0.012346	0.037037	0.014815	0.027160	0.037037	
0.076543	0.037037	0.022222	0.069136	0.019753	0.014815	0.004938	0.017284	0.022222	0.017284	0.012346	0.022222	0.014815	0.012346	0.007407	0.022222	0.034568	0.007407	0.007407	0.027160	0.009877	0.007407	0.004938	0.009877	0.007407	0.014815	0.002469	0.007407	0.007407	0.007407	0.004938	0.017284	0.034568	0.007407	0.002469	0.029630	0.009877	0.009877	0.004938	0.014815	0.009877	0.004938	0.009877	0.009877	0.027160	0.002469	0.004938	0.024691	0.086420	0.017284	0.007407	0.017284	0.014815	0.012346	0.004938	0.014815	0.029630	0.029630	0.017284	0.024691	0.019753	0.012346	0.009877	0.061728	
0.118519	0.046914	0.037037	0.029630	0.024691	0.012346	0.004938	0.027160	0.007407	0.009877	0.002469	0.019753	0.022222	0.019753	0.017284	0.083951	0.039506	0.007407	0.004938	0.002469	0.012346	0.014815	0.002469	0.014815	0.004938	0.004938	0.002469	0.007407	0.022222	0.014815	0.007407	0.012346	0.019753	0.019753	0.007407	0.022222	0.017284	0.014815	0.014815	0.019753	0.012346	0.009877	0.004938	0.014815	0.017284	0.009877	0.009877	0.027160	0.002469	0.027160	0.002469	0.037037	0.017284	0.002469	0.004938	0.009877	0.009877	0.004938	0.007407	0.004938	0.061728	0.009877	0.022222	0.032099	
0.088889	0.039506	0.037037	0.014815	0.041975	0.032099	0.017284	0.009877	0.007407	0.012346	0.014815	0.017284	0.024691	0.007407	0.029630	0.029630	0.029630	0.017284	0.014815	0.009877	0.017284	0.007407	0.004938	0.014815	0.012346	0.002469	0.009877	0.002469	0.017284	0.012346	0.022222	0.019753	0.017284	0.009877	0.004938	0.002469	0.012346	0.004938	0.007407	0.004938	0.002469	0.002469	0.004938	0.007407	0.014815	0.007407	0.019753	0.004938	0.069136	0.007407	0.041975	0.004938	0.017284	0.014815	0.009877	0.012346	0.019753	0.007407	0.007407	0.022222	0.056790	0.024691	0.029630	0.044444	
0.108642	0.041975	0.024691	0.029630	0.027160	0.012346	0.012346	0.022222	0.037037	0.014815	0.014815	0.032099	0.012346	0.002469	0.002469	0.014815	0.039506	0.007407	0.022222	0.019753	0.022222	0.007407	0.009877	0.019753	0.007407	0.017284	0.007407	0.007407	0.002469	0.004938	0.009877	0.024691	0.009877	0.007407	0.007407	0.017284	0.007407	0.004938	0.004938	0.007407	0.004938	0.004938	0.009877	0.017284	0.002469	0.012346	0.009877	0.024691	0.066667	0.012346	0.014815	0.019753	0.014815	0.029630	0.002469	0.004938	0.029630	0.019753	0.029630	0.022222	0.012346	0.017284	0.014815	0.054321	
0.101235	0.027160	0.054321	0.041975	0.022222	0.014815	0.009877	0.022222	0.014815	0.017284	0.009877	0.027160	0.012346	0.009877	0.007407	0.056790	0.032099	0.012346	0.019753	0.007407	0.007407	0.024691	0.017284	0.004938	0.009877	0.007407	0.002469	0.009877	0.017284	0.019753	0.002469	0.014815	0.022222	0.012346	0.007407	0.037037	0.007407	0.014815	0.014815	0.019753	0.014815	0.004938	0.014815	0.027160	0.019753	0.009877	0.022222	0.027160	0.002469	0.022222	0.002469	0.002469	0.007407	0.007407	0.009877	0.012346	0.012346	0.007407	0.009877	0.007407	0.041975	0.027160	0.009877	0.039506	
0.049383	0.041975	0.024691	0.041975	0.027160	0.022222	0.012346	0.012346	0.019753	0.017284	0.024691	0.022222	0.027160	0.017284	0.014815	0.029630	0.014815	0.012346	0.014815	0.002469	0.027160	0.007407	0.009877	0.017284	0.009877	0.009877	0.009877	0.022222	0.022222	0.004938	0.019753	0.012346	0.029630	0.007407	0.007407	0.007407	0.009877	0.002469	0.014815	0.009877	0.009877	0.004938	0.009877	0.012346	0.022222	0.004938	0.034568	0.009877	0.041975	0.017284	0.022222	0.009877	0.024691	0.009877	0.012346	0.019753	0.017284	0.007407	0.007407	0.009877	0.056790	0.009877	0.041975	0.029630	
0.051852	0.029630	0.022222	0.032099	0.027160	0.022222	0.009877	0.019753	0.007407	0.032099	0.012346	0.017284	0.014815	0.007407	0.002469	0.037037	0.049383	0.012346	0.007407	0.019753	0.017284	0.007407	0.009877	0.007407	0.014815	0.014815	0.004938	0.014815	0.004938	0.007407	0.019753	0.027160	0.022222	0.002469	0.004938	0.027160	0.012346	0.009877	0.002469	0.014815	0.024691	0.009877	0.004938	0.012346	0.007407	0.004938	0.014815	0.039506	0.074074	0.014815	0.014815	0.024691	0.019753	0.007407	0.002469	0.007407	0.039506	0.027160	0.022222	0.022222	0.009877	0.007407	0.017284	0.046914	
0.083951	0.027160	0.046914	0.039506	0.017284	0.014815	0.009877	0.017284	0.017284	0.017284	0.009877	0.004938	0.014815	0.022222	0.007407	0.059259	0.039506	0.012346	0.014815	0.009877	0.019753	0.007407	0.012346	0.007407	0.002469	0.012346	0.002469	0.007407	0.004938	0.012346	0.014815	0.017284	0.037037	0.012346	0.004938	0.032099	0.029630	0.014815	0.014815	0.024691	0.007407	0.014815	0.002469	0.019753	0.012346	0.009877	0.014815	0.029630	0.002469	0.022222	0.002469	0.009877	0.004938	0.012346	0.004938	0.004938	0.012346	0.017284	0.017284	0.007407	0.046914	0.014815	0.029630	0.059259	
0.054321	0.044444	0.044444	0.019753	0.022222	0.022222	0.017284	0.012346	0.012346	0.009877	0.027160	0.019753	0.022222	0.022222	0.017284	0.029630	0.029630	0.017284	0.014815	0.009877	0.029630	0.004938	0.007407	0.007407	0.009877	0.019753	0.004938	0.007407	0.014815	0.009877	0.019753	0.009877	0.017284	0.007407	0.009877	0.004938	0.027160	0.012346	0.014815	0.007407	0.017284	0.002469	0.002469	0.009877	0.007407	0.007407	0.017284	0.007407	0.032099	0.017284	0.019753	0.009877	0.027160	0.002469	0.007407	0.022222	0.014815	0.017284	0.019753	0.014815	0.046914	0.024691	0.059259	0.034568	
0.051852	0.019753	0.012346	0.049383	0.037037	0.009877	0.017284	0.022222	0.029630	0.019753	0.012346	0.027160	0.007407	0.017284	0.002469	0.017284	0.041975	0.019753	0.012346	0.032099	0.019753	0.004938	0.002469	0.014815	0.014815	0.009877	0.007407	0.014815	0.004938	0.012346	0.009877	0.022222	0.024691	0.002469	0.009877	0.017284	0.014815	0.007407	0.009877	0.017284	0.017284	0.007407	0.019753	0.009877	0.004938	0.012346	0.004938	0.029630	0.049383	0.009877	0.014815	0.017284	0.024691	0.017284	0.004938	0.017284	0.032099	0.014815	0.044444	0.022222	0.022222	0.007407	0.007407	0.044444	
0.064198	0.041975	0.039506	0.022222	0.009877	0.017284	0.004938	0.019753	0.012346	0.004938	0.004938	0.027160	0.009877	0.019753	0.019753	0.066667	0.054321	0.014815	0.017284	0.009877	0.007407	0.009877	0.004938	0.017284	0.007407	0.012346	0.007407	0.007407	0.022222	0.027160	0.014815	0.007407	0.029630	0.019753	0.012346	0.032099	0.012346	0.012346	0.012346	0.014815	0.012346	0.019753	0.019753	0.032099	0.009877	0.022222	0.012346	0.029630	0.002469	0.009877	0.002469	0.024691	0.017284	0.012346	0.009877	0.009877	0.007407	0.004938	0.007407	0.004938	0.029630	0.024691	0.017284	0.041975	
0.083951	0.022222	0.032099	0.012346	0.014815	0.024691	0.022222	0.024691	0.014815	0.014815	0.022222	0.019753	0.037037	0.007407	0.022222	0.022222	0.019753	0.007407	0.017284	0.002469	0.019753	0.014815	0.009877	0.007407	0.009877	0.007407	0.007407	0.007407	0.029630	0.009877	0.014815	0.007407	0.017284	0.007407	0.007407	0.007407	0.019753	0.007407	0.007407	0.007407	0.007407	0.009877	0.012346	0.009877	0.017284	0.009877	0.029630	0.014815	0.034568	0.007407	0.019753	0.009877	0.029630	0.022222	0.022222	0.019753	0.009877	0.004938	0.024691	0.024691	0.049383	0.007407	0.046914	0.041975	
0.069136	0.019753	0.024691	0.041975	0.009877	0.009877	0.009877	0.014815	0.017284	0.029630	0.012346	0.017284	0.004938	0.007407	0.002469	0.017284	0.032099	0.014815	0.012346	0.024691	0.029630	0.012346	0.009877	0.017284	0.017284	0.019753	0.012346	0.012346	0.009877	0.004938	0.007407	0.037037	0.017284	0.009877	0.004938	0.009877	0.007407	0.014815	0.004938	0.009877	0.022222	0.004938	0.009877	0.029630	0.017284	0.002469	0.004938	0.037037	0.066667	0.024691	0.012346	0.029630	0.012346	0.004938	0.004938	0.012346	0.037037	0.027160	0.027160	0.022222	0.019753	0.012346	0.004938	0.049383	
0.066667	0.044444	0.029630	0.044444	0.017284	0.022222	0.009877	0.019753	0.007407	0.017284	0.007407	0.022222	0.012346	0.024691	0.012346	0.056790	0.022222	0.019753	0.009877	0.007407	0.014815	0.007407	0.014815	0.004938	0.004938	0.007407	0.004938	0.012346	0.012346	0.014815	0.017284	0.009877	0.034568	0.017284	0.014815	0.027160	0.009877	0.017284	0.007407	0.046914	0.009877	0.017284	0.017284	0.017284	0.012346	0.014815	0.022222	0.032099	0.002469	0.024691	0.002469	0.022222	0.007407	0.007407	0.002469	0.009877	0.004938	0.002469	0.007407	0.004938	0.044444	0.017284	0.027160	0.051852	
0.049383	0.029630	0.024691	0.022222	0.029630	0.027160	0.032099	0.017284	0.009877	0.024691	0.012346	0.009877	0.029630	0.022222	0.041975	0.007407	0.022222	0.017284	0.002469	0.007407	0.009877	0.014815	0.012346	0.017284	0.007407	0.012346	0.007407	0.007407	0.022222	0.007407	0.029630	0.022222	0.012346	0.004938	0.004938	0.004938	0.009877	0.007407	0.004938	0.022222	0.014815	0.004938	0.004938	0.012346	0.012346	0.004938	0.017284	0.022222	0.032099	0.012346	0.022222	0.014815	0.022222	0.014815	0.019753	0.014815	0.017284	0.019753	0.024691	0.017284	0.034568	0.034568	0.041975	0.039506	
0.032099	0.027160	0.019753	0.037037	0.014815	0.024691	0.004938	0.019753	0.024691	0.012346	0.002469	0.014815	0.009877	0.019753	0.007407	0.012346	0.029630	0.014815	0.012346	0.014815	0.022222	0.017284	0.014815	0.009877	0.044444	0.012346	0.002469	0.009877	0.004938	0.017284	0.004938	0.044444	0.017284	0.004938	0.004938	0.022222	0.014815	0.014815	0.012346	0.019753	0.009877	0.007407	0.022222	0.009877	0.002469	0.004938	0.012346	0.027160	0.046914	0.017284	0.012346	0.022222	0.032099	0.012346	0.007407	0.017284	0.032099	0.032099	0.032099	0.034568	0.022222	0.012346	0.004938	0.051852	
0.049383	0.027160	0.022222	0.027160	0.012346	0.019753	0.004938	0.027160	0.004938	0.024691	0.007407	0.012346	0.014815	0.009877	0.012346	0.059259	0.056790	0.007407	0.012346	0.007407	0.019753	0.032099	0.007407	0.009877	0.007407	0.009877	0.007407	0.014815	0.017284	0.017284	0.014815	0.017284	0.061728	0.009877	0.017284	0.022222	0.014815	0.017284	0.007407	0.024691	0.004938	0.017284	0.017284	0.019753	0.019753	0.014815	0.009877	0.024691	0.002469	0.019753	0.002469	0.014815	0.017284	0.014815	0.004938	0.017284	0.009877	0.002469	0.012346	0.004938	0.034568	0.019753	0.027160	0.054321	
0.081481	0.032099	0.034568	0.022222	0.022222	0.014815	0.012346	0.014815	0.009877	0.017284	0.014815	0.012346	0.017284	0.009877	0.027160	0.017284	0.019753	0.014815	0.017284	0.012346	0.034568	0.019753	0.014815	0.014815	0.002469	0.009877	0.004938	0.007407	0.034568	0.002469	0.022222	0.019753	0.009877	0.007407	0.007407	0.002469	0.012346	0.012346	0.017284	0.012346	0.009877	0.007407	0.012346	0.014815	0.009877	0.004938	0.009877	0.027160	0.029630	0.017284	0.029630	0.009877	0.022222	0.009877	0.014815	0.014815	0.017284	0.017284	0.017284	0.012346	0.054321	0.014815	0.056790	0.029630	
0.056790	0.024691	0.019753	0.039506	0.022222	0.017284	0.009877	0.022222	0.019753	0.017284	0.024691	0.027160	0.002469	0.017284	0.007407	0.019753	0.041975	0.009877	0.017284	0.022222	0.022222	0.004938	0.007407	0.022222	0.017284	0.017284	0.009877	0.014815	0.007407	0.019753	0.004938	0.024691	0.014815	0.004938	0.007407	0.012346	0.019753	0.004938	0.012346	0.014815	0.012346	0.012346	0.009877	0.014815	0.009877	0.007407	0.007407	0.022222	0.051852	0.004938	0.019753	0.039506	0.007407	0.007407	0.004938	0.012346	0.024691	0.022222	0.037037	0.032099	0.007407	0.017284	0.017284	0.051852	
0.059259	0.041975	0.037037	0.027160	0.012346	0.009877	0.002469	0.019753	0.004938	0.012346	0.004938	0.041975	0.007407	0.027160	0.009877	0.069136	0.029630	0.019753	0.012346	0.009877	0.012346	0.004938	0.009877	0.007407	0.004938	0.014815	0.002469	0.012346	0.022222	0.017284	0.012346	0.019753	0.037037	0.017284	0.004938	0.014815	0.012346	0.027160	0.012346	0.017284	0.004938	0.014815	0.019753	0.041975	0.019753	0.019753	0.009877	0.039506	0.002469	0.009877	0.002469	0.012346	0.017284	0.014815	0.007407	0.022222	0.017284	0.004938	0.002469	0.012346	0.044444	0.012346	0.017284	0.044444	
