>NC_009009
0.063886	0.021295	0.024845	0.033718	0.007986	0.006211	0.006211	0.015084	0.034605	0.020408	0.009760	0.015084	0.033718	0.014197	0.015084	0.021295	0.020408	0.003549	0.010648	0.016859	0.012422	0.007098	0.006211	0.007986	0.007098	0.007098	0.002662	0.006211	0.017746	0.011535	0.015084	0.018634	0.032831	0.006211	0.011535	0.028394	0.012422	0.002662	0.002662	0.014197	0.011535	0.015084	0.007098	0.008873	0.015084	0.015972	0.008873	0.012422	0.035492	0.012422	0.022183	0.030169	0.018634	0.015084	0.007098	0.019521	0.025732	0.011535	0.015972	0.011535	0.029281	0.010648	0.018634	0.052351	
0.062999	0.014197	0.032831	0.042591	0.015972	0.007098	0.005324	0.015084	0.028394	0.013310	0.012422	0.015084	0.035492	0.015972	0.022183	0.035492	0.024845	0.003549	0.015084	0.007986	0.009760	0.002662	0.003549	0.015084	0.005324	0.006211	0.003549	0.007098	0.019521	0.011535	0.009760	0.015972	0.030169	0.012422	0.015084	0.021295	0.017746	0.011535	0.005324	0.019521	0.009760	0.007986	0.002662	0.015084	0.011535	0.004437	0.009760	0.015972	0.031943	0.009760	0.017746	0.036380	0.018634	0.007098	0.007986	0.018634	0.017746	0.008873	0.014197	0.016859	0.023957	0.013310	0.020408	0.047028	
0.066548	0.014197	0.025732	0.043478	0.011535	0.008873	0.002662	0.016859	0.034605	0.019521	0.015084	0.011535	0.031056	0.022183	0.020408	0.034605	0.028394	0.004437	0.012422	0.016859	0.009760	0.004437	0.003549	0.010648	0.004437	0.007098	0.005324	0.005324	0.021295	0.008873	0.015972	0.022183	0.029281	0.002662	0.008873	0.020408	0.006211	0.008873	0.003549	0.017746	0.011535	0.007098	0.005324	0.008873	0.020408	0.011535	0.006211	0.015972	0.031056	0.010648	0.020408	0.028394	0.015972	0.005324	0.002662	0.021295	0.022183	0.009760	0.015972	0.014197	0.027507	0.014197	0.020408	0.052351	
0.071872	0.017746	0.021295	0.044366	0.010648	0.005324	0.002662	0.013310	0.025732	0.015972	0.012422	0.013310	0.031056	0.021295	0.016859	0.039929	0.015084	0.002662	0.011535	0.014197	0.009760	0.009760	0.002662	0.005324	0.004437	0.001775	0.002662	0.003549	0.027507	0.010648	0.011535	0.016859	0.031943	0.010648	0.016859	0.013310	0.013310	0.003549	0.008873	0.017746	0.013310	0.007098	0.009760	0.011535	0.010648	0.007986	0.008873	0.012422	0.033718	0.007986	0.016859	0.041704	0.023070	0.007098	0.010648	0.015972	0.022183	0.007098	0.015972	0.017746	0.038154	0.015972	0.026619	0.044366	
0.069210	0.015972	0.029281	0.038154	0.016859	0.008873	0.003549	0.009760	0.030169	0.010648	0.009760	0.015972	0.038154	0.027507	0.014197	0.033718	0.020408	0.004437	0.012422	0.019521	0.009760	0.005324	0.002662	0.007986	0.007986	0.001775	0.009760	0.005324	0.015084	0.006211	0.011535	0.019521	0.028394	0.007986	0.012422	0.016859	0.013310	0.002662	0.002662	0.013310	0.013310	0.010648	0.004437	0.012422	0.014197	0.009760	0.007986	0.014197	0.034605	0.018634	0.019521	0.034605	0.017746	0.011535	0.007098	0.019521	0.015084	0.016859	0.012422	0.019521	0.030169	0.017746	0.017746	0.047915	
0.062112	0.019521	0.031056	0.039929	0.017746	0.006211	0.006211	0.016859	0.025732	0.015972	0.012422	0.019521	0.031943	0.020408	0.015972	0.040816	0.024845	0.009760	0.012422	0.010648	0.008873	0.006211	0.005324	0.007986	0.003549	0.004437	0.004437	0.003549	0.015972	0.006211	0.017746	0.010648	0.029281	0.010648	0.012422	0.014197	0.013310	0.002662	0.011535	0.012422	0.013310	0.006211	0.007986	0.008873	0.024845	0.011535	0.007986	0.008873	0.035492	0.016859	0.016859	0.028394	0.030169	0.010648	0.008873	0.011535	0.020408	0.007098	0.009760	0.014197	0.032831	0.012422	0.018634	0.051464	
0.075421	0.017746	0.022183	0.036380	0.017746	0.007098	0.011535	0.020408	0.030169	0.013310	0.013310	0.015972	0.037267	0.015972	0.009760	0.030169	0.024845	0.007098	0.017746	0.020408	0.007098	0.004437	0.004437	0.009760	0.009760	0.010648	0.004437	0.007098	0.015972	0.005324	0.010648	0.016859	0.025732	0.012422	0.006211	0.018634	0.008873	0.007098	0.005324	0.012422	0.014197	0.007986	0.005324	0.007098	0.015084	0.007986	0.004437	0.018634	0.043478	0.008873	0.021295	0.031943	0.025732	0.003549	0.008873	0.012422	0.031056	0.007986	0.008873	0.012422	0.039042	0.014197	0.016859	0.041704	
0.090506	0.014197	0.027507	0.037267	0.019521	0.003549	0.006211	0.016859	0.032831	0.013310	0.009760	0.011535	0.039042	0.020408	0.016859	0.031056	0.023957	0.003549	0.018634	0.013310	0.009760	0.000887	0.006211	0.005324	0.012422	0.004437	0.005324	0.007986	0.015972	0.009760	0.010648	0.018634	0.044366	0.009760	0.011535	0.019521	0.012422	0.008873	0.005324	0.013310	0.014197	0.007986	0.005324	0.004437	0.016859	0.006211	0.005324	0.014197	0.039042	0.011535	0.019521	0.037267	0.007986	0.007098	0.007986	0.020408	0.020408	0.003549	0.008873	0.008873	0.033718	0.015972	0.011535	0.046140	
0.098492	0.017746	0.030169	0.051464	0.010648	0.007098	0.009760	0.011535	0.035492	0.014197	0.009760	0.017746	0.036380	0.016859	0.014197	0.039929	0.024845	0.004437	0.014197	0.006211	0.007098	0.001775	0.002662	0.008873	0.005324	0.009760	0.007098	0.003549	0.017746	0.010648	0.007986	0.019521	0.034605	0.009760	0.015972	0.019521	0.009760	0.006211	0.004437	0.008873	0.012422	0.004437	0.005324	0.007098	0.014197	0.007986	0.003549	0.007098	0.031943	0.015084	0.020408	0.038154	0.018634	0.004437	0.007986	0.021295	0.012422	0.011535	0.005324	0.015084	0.028394	0.017746	0.020408	0.043478	
0.101154	0.014197	0.032831	0.041704	0.016859	0.012422	0.007098	0.010648	0.039929	0.013310	0.014197	0.013310	0.039042	0.015084	0.013310	0.047915	0.021295	0.002662	0.008873	0.013310	0.008873	0.002662	0.003549	0.004437	0.010648	0.001775	0.008873	0.003549	0.019521	0.006211	0.007098	0.017746	0.030169	0.011535	0.011535	0.012422	0.015972	0.002662	0.003549	0.017746	0.012422	0.004437	0.003549	0.007098	0.008873	0.009760	0.007986	0.016859	0.040816	0.007098	0.018634	0.030169	0.021295	0.005324	0.005324	0.021295	0.023070	0.007098	0.008873	0.007098	0.035492	0.013310	0.016859	0.044366	
0.094942	0.015972	0.027507	0.055013	0.012422	0.006211	0.005324	0.011535	0.036380	0.011535	0.012422	0.011535	0.033718	0.016859	0.016859	0.030169	0.023070	0.010648	0.016859	0.012422	0.008873	0.003549	0.005324	0.005324	0.010648	0.006211	0.001775	0.000887	0.019521	0.009760	0.007098	0.017746	0.036380	0.007986	0.016859	0.024845	0.008873	0.003549	0.005324	0.008873	0.017746	0.007098	0.005324	0.005324	0.007098	0.006211	0.004437	0.013310	0.035492	0.014197	0.022183	0.031056	0.015972	0.006211	0.003549	0.018634	0.019521	0.007098	0.008873	0.009760	0.034605	0.012422	0.018634	0.061224	
0.097604	0.011535	0.036380	0.044366	0.024845	0.002662	0.007098	0.014197	0.047028	0.011535	0.017746	0.007098	0.047028	0.019521	0.024845	0.031943	0.017746	0.005324	0.013310	0.009760	0.007986	0.006211	0.000887	0.004437	0.005324	0.003549	0.006211	0.004437	0.015084	0.004437	0.008873	0.015972	0.042591	0.008873	0.010648	0.022183	0.011535	0.003549	0.005324	0.011535	0.012422	0.005324	0.006211	0.004437	0.010648	0.003549	0.008873	0.004437	0.036380	0.007098	0.028394	0.023070	0.018634	0.004437	0.006211	0.015972	0.023070	0.008873	0.003549	0.011535	0.045253	0.008873	0.015084	0.053239	
0.088731	0.015972	0.055013	0.034605	0.011535	0.004437	0.005324	0.011535	0.047915	0.008873	0.016859	0.015084	0.041704	0.008873	0.015972	0.032831	0.023070	0.010648	0.011535	0.017746	0.007098	0.003549	0.001775	0.004437	0.007986	0.004437	0.004437	0.002662	0.015084	0.005324	0.010648	0.015084	0.045253	0.006211	0.016859	0.019521	0.007986	0.005324	0.005324	0.010648	0.016859	0.009760	0.003549	0.003549	0.010648	0.003549	0.003549	0.009760	0.049689	0.009760	0.033718	0.024845	0.014197	0.003549	0.008873	0.009760	0.028394	0.003549	0.011535	0.014197	0.036380	0.012422	0.019521	0.037267	
0.094942	0.015084	0.049689	0.047028	0.020408	0.004437	0.007098	0.010648	0.062112	0.013310	0.026619	0.015084	0.030169	0.012422	0.020408	0.033718	0.015972	0.005324	0.007098	0.012422	0.004437	0.002662	0.002662	0.007098	0.007098	0.001775	0.003549	0.008873	0.007986	0.006211	0.007098	0.015084	0.058563	0.006211	0.019521	0.016859	0.009760	0.003549	0.004437	0.008873	0.020408	0.003549	0.006211	0.006211	0.010648	0.003549	0.007098	0.014197	0.036380	0.017746	0.021295	0.028394	0.010648	0.005324	0.002662	0.011535	0.015972	0.005324	0.013310	0.015084	0.030169	0.007986	0.015084	0.041704	
0.105590	0.013310	0.059450	0.027507	0.019521	0.003549	0.009760	0.011535	0.046140	0.008873	0.025732	0.016859	0.036380	0.012422	0.024845	0.031056	0.020408	0.003549	0.013310	0.007986	0.005324	0.001775	0.001775	0.007098	0.007098	0.000887	0.005324	0.003549	0.013310	0.005324	0.007986	0.011535	0.060337	0.006211	0.023957	0.015084	0.007098	0.004437	0.006211	0.006211	0.031056	0.002662	0.007986	0.007986	0.015972	0.002662	0.014197	0.012422	0.029281	0.006211	0.023070	0.020408	0.012422	0.004437	0.000887	0.012422	0.022183	0.003549	0.015084	0.008873	0.031056	0.011535	0.024845	0.037267	
0.104703	0.015084	0.069210	0.026619	0.012422	0.003549	0.005324	0.007986	0.053239	0.008873	0.050577	0.007098	0.029281	0.009760	0.008873	0.023070	0.022183	0.003549	0.009760	0.008873	0.005324	0.002662	0.000887	0.005324	0.007986	0.001775	0.007986	0.000887	0.017746	0.001775	0.008873	0.008873	0.049689	0.006211	0.032831	0.017746	0.004437	0.002662	0.003549	0.005324	0.031943	0.002662	0.009760	0.009760	0.009760	0.003549	0.007098	0.016859	0.042591	0.003549	0.031056	0.019521	0.015972	0.002662	0.005324	0.007986	0.036380	0.005324	0.021295	0.008873	0.023957	0.007098	0.023070	0.038154	
0.087844	0.007986	0.086957	0.036380	0.008873	0.002662	0.007986	0.008873	0.053239	0.008873	0.063886	0.016859	0.025732	0.005324	0.019521	0.022183	0.018634	0.000887	0.011535	0.007098	0.004437	0.001775	0.001775	0.003549	0.003549	0.002662	0.005324	0.003549	0.008873	0.003549	0.006211	0.007986	0.065661	0.005324	0.044366	0.014197	0.007098	0.001775	0.001775	0.007986	0.054126	0.004437	0.016859	0.014197	0.007098	0.003549	0.008873	0.007098	0.034605	0.003549	0.029281	0.013310	0.009760	0.001775	0.001775	0.008873	0.023070	0.001775	0.016859	0.006211	0.023070	0.006211	0.018634	0.039042	
0.090506	0.008873	0.094055	0.013310	0.007986	0.002662	0.005324	0.001775	0.044366	0.010648	0.109139	0.007986	0.031056	0.005324	0.023957	0.010648	0.014197	0.001775	0.009760	0.004437	0.002662	0.000887	0.003549	0.000887	0.006211	0.001775	0.003549	0.001775	0.013310	0.003549	0.005324	0.007098	0.053239	0.004437	0.069210	0.007098	0.005324	0.000887	0.007986	0.003549	0.064774	0.004437	0.020408	0.013310	0.012422	0.003549	0.015084	0.009760	0.024845	0.005324	0.020408	0.014197	0.005324	0.003549	0.003549	0.006211	0.018634	0.001775	0.029281	0.003549	0.034605	0.004437	0.021295	0.015972	
0.065661	0.005324	0.095830	0.015972	0.005324	0.003549	0.007098	0.004437	0.039929	0.004437	0.131322	0.017746	0.017746	0.001775	0.007986	0.011535	0.007098	0.000887	0.007986	0.005324	0.004437	0.001775	0.000887	0.000887	0.007986	0.001775	0.007098	0.003549	0.001775	0.001775	0.005324	0.003549	0.033718	0.005324	0.084295	0.010648	0.004437	0.001775	0.007098	0.005324	0.115350	0.002662	0.026619	0.017746	0.009760	0.003549	0.007098	0.006211	0.030169	0.007098	0.041704	0.012422	0.006211	0.001775	0.005324	0.003549	0.023957	0.004437	0.030169	0.007098	0.012422	0.004437	0.016859	0.009760	
0.036380	0.005324	0.078971	0.015972	0.004437	0.000887	0.006211	0.007098	0.041704	0.006211	0.170364	0.011535	0.013310	0.004437	0.010648	0.015972	0.007986	0.000887	0.008873	0.002662	0.002662	0.000887	0.003549	0.001775	0.011535	0.001775	0.006211	0.000887	0.004437	0.002662	0.002662	0.004437	0.035492	0.005324	0.134871	0.011535	0.004437	0.001775	0.001775	0.005324	0.135759	0.004437	0.025732	0.029281	0.012422	0.007986	0.013310	0.012422	0.017746	0.000887	0.016859	0.006211	0.002662	0.006211	0.001775	0.000887	0.009760	0.002662	0.018634	0.006211	0.006211	0.003549	0.010648	0.010648	
0.037267	0.002662	0.040816	0.016859	0.006211	0.001775	0.000887	0.003549	0.047028	0.007098	0.165927	0.019521	0.012422	0.006211	0.009760	0.007986	0.007098	0.000887	0.002662	0.003549	0.003549	0.000887	0.001775	0.003549	0.005324	0.002662	0.004437	0.000887	0.004437	0.002662	0.005324	0.002662	0.042591	0.008873	0.129547	0.017746	0.002662	0.002662	0.005324	0.004437	0.151730	0.009760	0.029281	0.030169	0.022183	0.005324	0.016859	0.003549	0.015084	0.004437	0.008873	0.007986	0.007098	0.003549	0.004437	0.003549	0.015084	0.003549	0.015972	0.002662	0.008873	0.008873	0.010648	0.015084	
0.036380	0.007098	0.028394	0.030169	0.002662	0.004437	0.003549	0.006211	0.068323	0.007098	0.091393	0.015084	0.022183	0.005324	0.004437	0.014197	0.004437	0.004437	0.004437	0.006211	0.003549	0.000887	0.000887	0.003549	0.004437	0.001775	0.000887	0.005324	0.003549	0.004437	0.002662	0.004437	0.053239	0.015084	0.130435	0.020408	0.009760	0.003549	0.003549	0.006211	0.120674	0.009760	0.025732	0.059450	0.018634	0.005324	0.014197	0.015084	0.016859	0.006211	0.014197	0.010648	0.007986	0.003549	0.003549	0.007986	0.014197	0.004437	0.012422	0.011535	0.006211	0.000887	0.004437	0.017746	
0.050577	0.014197	0.019521	0.026619	0.011535	0.004437	0.004437	0.012422	0.077196	0.008873	0.061224	0.030169	0.031943	0.007098	0.013310	0.015084	0.004437	0.001775	0.009760	0.007986	0.004437	0.001775	0.001775	0.004437	0.003549	0.001775	0.004437	0.001775	0.004437	0.002662	0.006211	0.010648	0.083407	0.013310	0.087844	0.023070	0.006211	0.001775	0.001775	0.013310	0.058563	0.014197	0.016859	0.040816	0.028394	0.010648	0.031056	0.021295	0.015972	0.005324	0.010648	0.018634	0.002662	0.005324	0.001775	0.006211	0.012422	0.001775	0.005324	0.006211	0.009760	0.007098	0.008873	0.025732	
0.071872	0.016859	0.039042	0.026619	0.014197	0.003549	0.005324	0.011535	0.053239	0.016859	0.032831	0.024845	0.027507	0.009760	0.015972	0.023070	0.009760	0.005324	0.005324	0.004437	0.005324	0.001775	0.001775	0.004437	0.002662	0.002662	0.001775	0.002662	0.015084	0.004437	0.004437	0.012422	0.077196	0.015972	0.031056	0.027507	0.006211	0.004437	0.004437	0.011535	0.040816	0.010648	0.011535	0.024845	0.032831	0.008873	0.021295	0.015972	0.029281	0.009760	0.012422	0.023070	0.009760	0.004437	0.002662	0.010648	0.027507	0.006211	0.012422	0.013310	0.023957	0.007986	0.013310	0.027507	
0.079858	0.017746	0.042591	0.047915	0.023070	0.006211	0.005324	0.013310	0.045253	0.014197	0.016859	0.011535	0.029281	0.014197	0.007098	0.031056	0.012422	0.008873	0.007098	0.007098	0.003549	0.000887	0.002662	0.007098	0.005324	0.000887	0.004437	0.003549	0.014197	0.006211	0.007098	0.010648	0.063886	0.008873	0.019521	0.031943	0.015084	0.004437	0.006211	0.010648	0.025732	0.006211	0.008873	0.017746	0.016859	0.016859	0.008873	0.023070	0.040816	0.009760	0.025732	0.023070	0.010648	0.004437	0.003549	0.012422	0.020408	0.007986	0.013310	0.013310	0.021295	0.012422	0.012422	0.032831	
0.095830	0.023957	0.044366	0.032831	0.016859	0.008873	0.007986	0.011535	0.047028	0.015972	0.013310	0.018634	0.039929	0.025732	0.017746	0.026619	0.022183	0.003549	0.014197	0.012422	0.007098	0.001775	0.001775	0.005324	0.006211	0.004437	0.001775	0.005324	0.019521	0.007986	0.009760	0.006211	0.050577	0.015972	0.015972	0.014197	0.011535	0.007986	0.003549	0.006211	0.017746	0.009760	0.007098	0.008873	0.014197	0.010648	0.008873	0.012422	0.039042	0.009760	0.011535	0.021295	0.023070	0.012422	0.004437	0.009760	0.010648	0.011535	0.006211	0.007098	0.029281	0.014197	0.016859	0.037267	
0.085182	0.029281	0.036380	0.056788	0.016859	0.011535	0.005324	0.019521	0.037267	0.016859	0.015972	0.015972	0.023957	0.020408	0.005324	0.031056	0.019521	0.010648	0.013310	0.015084	0.007986	0.007986	0.002662	0.012422	0.006211	0.003549	0.003549	0.004437	0.010648	0.005324	0.004437	0.012422	0.040816	0.019521	0.011535	0.009760	0.006211	0.013310	0.003549	0.018634	0.014197	0.007986	0.003549	0.002662	0.011535	0.007098	0.007098	0.014197	0.041704	0.012422	0.014197	0.034605	0.015972	0.011535	0.004437	0.026619	0.018634	0.015084	0.006211	0.013310	0.015972	0.021295	0.008873	0.036380	
0.066548	0.025732	0.051464	0.043478	0.018634	0.015084	0.007986	0.030169	0.023957	0.015972	0.009760	0.025732	0.030169	0.045253	0.001775	0.039042	0.024845	0.009760	0.005324	0.007098	0.005324	0.008873	0.002662	0.027507	0.003549	0.003549	0.004437	0.004437	0.014197	0.011535	0.017746	0.033718	0.033718	0.009760	0.014197	0.018634	0.008873	0.009760	0.007098	0.017746	0.012422	0.003549	0.001775	0.011535	0.010648	0.006211	0.002662	0.016859	0.023070	0.008873	0.015084	0.015084	0.008873	0.011535	0.004437	0.029281	0.007986	0.004437	0.003549	0.009760	0.011535	0.010648	0.011535	0.060337	
0.139308	0.000887	0.005324	0.002662	0.048802	0.000887	0.000887	0.003549	0.081633	0.000887	0.002662	0.000887	0.076309	0.000887	0.004437	0.002662	0.036380	0.000887	0.003549	0.000887	0.039929	0.000887	0.002662	0.001775	0.018634	0.000887	0.001775	0.000887	0.099379	0.000887	0.003549	0.000887	0.043478	0.000887	0.002662	0.000887	0.023070	0.000887	0.002662	0.000887	0.015972	0.000887	0.001775	0.000887	0.046140	0.000887	0.003549	0.000887	0.055901	0.000887	0.008873	0.000887	0.062999	0.000887	0.007098	0.002662	0.028394	0.000887	0.002662	0.001775	0.135759	0.000887	0.010648	0.002662	
0.000887	0.000887	0.000887	0.272405	0.000887	0.000887	0.000887	0.000887	0.000887	0.000887	0.000887	0.017746	0.000887	0.000887	0.000887	0.002662	0.000887	0.000887	0.000887	0.172138	0.000887	0.000887	0.000887	0.000887	0.000887	0.000887	0.000887	0.010648	0.000887	0.000887	0.000887	0.006211	0.000887	0.000887	0.000887	0.141970	0.000887	0.000887	0.000887	0.000887	0.000887	0.000887	0.000887	0.006211	0.000887	0.000887	0.000887	0.001775	0.000887	0.000887	0.000887	0.354925	0.000887	0.000887	0.000887	0.000887	0.000887	0.000887	0.000887	0.019521	0.000887	0.000887	0.000887	0.004437	
0.000887	0.000887	0.000887	0.000887	0.000887	0.000887	0.000887	0.000887	0.000887	0.000887	0.000887	0.000887	0.000887	0.000887	0.938776	0.000887	0.000887	0.000887	0.000887	0.000887	0.000887	0.000887	0.000887	0.000887	0.000887	0.000887	0.000887	0.000887	0.000887	0.000887	0.000887	0.000887	0.000887	0.000887	0.000887	0.000887	0.000887	0.000887	0.000887	0.000887	0.000887	0.000887	0.000887	0.000887	0.000887	0.000887	0.051464	0.000887	0.000887	0.000887	0.000887	0.000887	0.000887	0.000887	0.000887	0.000887	0.000887	0.000887	0.000887	0.000887	0.000887	0.000887	0.012422	0.000887	
0.000887	0.000887	0.000887	0.000887	0.000887	0.000887	0.000887	0.000887	0.000887	0.000887	0.000887	0.000887	0.000887	0.000887	0.000887	0.000887	0.000887	0.000887	0.000887	0.000887	0.000887	0.000887	0.000887	0.000887	0.000887	0.000887	0.000887	0.000887	0.000887	0.000887	0.000887	0.000887	0.000887	0.000887	0.000887	0.000887	0.000887	0.000887	0.000887	0.000887	0.000887	0.000887	0.000887	0.000887	0.000887	0.000887	0.000887	0.000887	0.000887	0.000887	0.000887	0.000887	0.000887	0.000887	0.000887	0.000887	0.519077	0.093168	0.260870	0.130435	0.000887	0.000887	0.000887	0.000887	
0.000887	0.000887	0.000887	0.000887	0.000887	0.000887	0.000887	0.000887	0.000887	0.000887	0.000887	0.000887	0.000887	0.000887	0.000887	0.000887	0.000887	0.000887	0.000887	0.000887	0.000887	0.000887	0.000887	0.000887	0.000887	0.000887	0.000887	0.000887	0.000887	0.000887	0.000887	0.000887	0.284827	0.091393	0.065661	0.079858	0.031056	0.010648	0.018634	0.035492	0.103815	0.100266	0.027507	0.031943	0.017746	0.062112	0.002662	0.050577	0.000887	0.000887	0.000887	0.000887	0.000887	0.000887	0.000887	0.000887	0.000887	0.000887	0.000887	0.000887	0.000887	0.000887	0.000887	0.000887	
0.182786	0.023957	0.043478	0.037267	0.054126	0.009760	0.005324	0.024845	0.020408	0.015972	0.007098	0.024845	0.009760	0.002662	0.020408	0.049689	0.015084	0.006211	0.007098	0.005324	0.003549	0.001775	0.003549	0.004437	0.007098	0.004437	0.003549	0.006211	0.006211	0.006211	0.010648	0.015084	0.057675	0.011535	0.013310	0.023957	0.046140	0.007986	0.007098	0.041704	0.015084	0.003549	0.002662	0.008873	0.010648	0.007098	0.003549	0.013310	0.000887	0.003549	0.000887	0.015084	0.023957	0.006211	0.007098	0.027507	0.000887	0.000887	0.001775	0.001775	0.021295	0.003549	0.006211	0.022183	
0.128660	0.037267	0.049689	0.040816	0.026619	0.004437	0.007986	0.006211	0.039929	0.008873	0.008873	0.007098	0.034605	0.020408	0.007098	0.019521	0.055901	0.016859	0.041704	0.013310	0.011535	0.001775	0.003549	0.008873	0.012422	0.006211	0.002662	0.001775	0.040816	0.015084	0.017746	0.024845	0.021295	0.007098	0.008873	0.006211	0.011535	0.001775	0.006211	0.005324	0.008873	0.003549	0.001775	0.000887	0.019521	0.006211	0.010648	0.005324	0.018634	0.007098	0.012422	0.009760	0.008873	0.002662	0.003549	0.004437	0.021295	0.003549	0.013310	0.002662	0.038154	0.017746	0.021295	0.023070	
0.144632	0.025732	0.016859	0.037267	0.032831	0.005324	0.014197	0.015972	0.062999	0.017746	0.009760	0.022183	0.013310	0.014197	0.004437	0.038154	0.032831	0.005324	0.006211	0.014197	0.006211	0.000887	0.000887	0.002662	0.008873	0.003549	0.004437	0.004437	0.005324	0.006211	0.003549	0.009760	0.048802	0.009760	0.006211	0.017746	0.012422	0.002662	0.001775	0.005324	0.015084	0.004437	0.003549	0.003549	0.002662	0.003549	0.001775	0.004437	0.078083	0.014197	0.010648	0.030169	0.032831	0.006211	0.008873	0.011535	0.029281	0.012422	0.005324	0.009760	0.020408	0.010648	0.001775	0.039929	
0.169476	0.023957	0.061224	0.049689	0.022183	0.007098	0.010648	0.015084	0.023070	0.006211	0.004437	0.006211	0.013310	0.015972	0.019521	0.050577	0.039042	0.003549	0.022183	0.019521	0.006211	0.001775	0.002662	0.004437	0.011535	0.002662	0.000887	0.010648	0.010648	0.004437	0.006211	0.014197	0.063886	0.007098	0.014197	0.031056	0.014197	0.004437	0.003549	0.015972	0.011535	0.002662	0.003549	0.005324	0.014197	0.007098	0.004437	0.014197	0.000887	0.009760	0.000887	0.030169	0.017746	0.005324	0.004437	0.007098	0.000887	0.000887	0.007986	0.001775	0.034605	0.012422	0.011535	0.033718	
0.125111	0.032831	0.058563	0.056788	0.019521	0.008873	0.007098	0.008873	0.048802	0.018634	0.013310	0.017746	0.055013	0.019521	0.018634	0.037267	0.022183	0.007986	0.017746	0.012422	0.007098	0.004437	0.003549	0.003549	0.014197	0.002662	0.003549	0.000887	0.015972	0.002662	0.013310	0.010648	0.019521	0.008873	0.007098	0.011535	0.006211	0.002662	0.001775	0.001775	0.008873	0.001775	0.002662	0.003549	0.009760	0.003549	0.007986	0.002662	0.033718	0.010648	0.019521	0.008873	0.021295	0.004437	0.006211	0.007986	0.019521	0.004437	0.009760	0.007986	0.039929	0.017746	0.023957	0.031056	
0.080745	0.034605	0.026619	0.058563	0.027507	0.012422	0.007098	0.013310	0.053239	0.019521	0.006211	0.023957	0.017746	0.015972	0.005324	0.050577	0.028394	0.007098	0.007986	0.010648	0.002662	0.006211	0.002662	0.008873	0.006211	0.004437	0.003549	0.004437	0.007098	0.005324	0.002662	0.007098	0.041704	0.012422	0.013310	0.023957	0.013310	0.002662	0.004437	0.007098	0.010648	0.008873	0.003549	0.006211	0.006211	0.007098	0.002662	0.014197	0.048802	0.018634	0.011535	0.041704	0.023070	0.003549	0.006211	0.010648	0.032831	0.007986	0.006211	0.016859	0.016859	0.017746	0.003549	0.043478	
0.118900	0.010648	0.038154	0.031943	0.028394	0.006211	0.008873	0.029281	0.031056	0.004437	0.003549	0.020408	0.024845	0.015972	0.015084	0.078971	0.039929	0.004437	0.010648	0.011535	0.011535	0.003549	0.000887	0.008873	0.007986	0.000887	0.000887	0.010648	0.014197	0.008873	0.007098	0.009760	0.062999	0.008873	0.009760	0.021295	0.018634	0.003549	0.004437	0.014197	0.011535	0.001775	0.003549	0.002662	0.019521	0.008873	0.006211	0.016859	0.000887	0.013310	0.000887	0.032831	0.022183	0.004437	0.006211	0.013310	0.000887	0.002662	0.007986	0.002662	0.049689	0.009760	0.013310	0.042591	
0.106477	0.040816	0.044366	0.031056	0.008873	0.006211	0.014197	0.007986	0.027507	0.013310	0.010648	0.007986	0.040816	0.018634	0.019521	0.018634	0.028394	0.009760	0.024845	0.017746	0.006211	0.001775	0.006211	0.003549	0.008873	0.002662	0.006211	0.002662	0.023070	0.008873	0.011535	0.022183	0.023070	0.006211	0.012422	0.009760	0.005324	0.001775	0.000887	0.001775	0.007986	0.001775	0.001775	0.004437	0.014197	0.007098	0.007986	0.007098	0.039042	0.014197	0.028394	0.026619	0.023957	0.005324	0.005324	0.008873	0.023070	0.006211	0.005324	0.007098	0.052351	0.020408	0.040816	0.034605	
0.094055	0.030169	0.021295	0.051464	0.030169	0.008873	0.009760	0.022183	0.048802	0.020408	0.012422	0.028394	0.012422	0.018634	0.008873	0.045253	0.021295	0.007098	0.005324	0.010648	0.007098	0.000887	0.001775	0.005324	0.009760	0.004437	0.003549	0.008873	0.008873	0.003549	0.001775	0.007986	0.024845	0.009760	0.007986	0.024845	0.007098	0.004437	0.005324	0.007098	0.012422	0.003549	0.002662	0.005324	0.005324	0.005324	0.003549	0.007986	0.049689	0.017746	0.013310	0.049689	0.021295	0.007986	0.003549	0.022183	0.033718	0.014197	0.012422	0.019521	0.020408	0.007986	0.007986	0.046140	
0.105590	0.009760	0.033718	0.040816	0.032831	0.008873	0.005324	0.017746	0.024845	0.007098	0.003549	0.012422	0.018634	0.027507	0.024845	0.065661	0.038154	0.007986	0.004437	0.015084	0.006211	0.003549	0.006211	0.006211	0.007986	0.002662	0.001775	0.007986	0.019521	0.007098	0.013310	0.016859	0.051464	0.012422	0.014197	0.026619	0.017746	0.003549	0.005324	0.015972	0.007098	0.008873	0.003549	0.011535	0.024845	0.007986	0.005324	0.023957	0.000887	0.007986	0.000887	0.037267	0.011535	0.005324	0.003549	0.015084	0.000887	0.003549	0.015084	0.002662	0.042591	0.007986	0.013310	0.043478	
0.089618	0.025732	0.045253	0.035492	0.016859	0.003549	0.009760	0.007986	0.023070	0.010648	0.012422	0.007098	0.046140	0.022183	0.025732	0.025732	0.027507	0.013310	0.015084	0.012422	0.004437	0.005324	0.005324	0.006211	0.008873	0.005324	0.002662	0.003549	0.018634	0.007986	0.015972	0.012422	0.017746	0.010648	0.007098	0.005324	0.008873	0.003549	0.002662	0.007098	0.004437	0.006211	0.005324	0.007986	0.010648	0.008873	0.003549	0.011535	0.038154	0.017746	0.025732	0.023957	0.028394	0.004437	0.007098	0.010648	0.029281	0.007098	0.006211	0.014197	0.045253	0.022183	0.046140	0.036380	
0.079858	0.016859	0.009760	0.066548	0.017746	0.008873	0.016859	0.023957	0.037267	0.015972	0.017746	0.022183	0.015972	0.011535	0.002662	0.047028	0.027507	0.005324	0.006211	0.019521	0.006211	0.003549	0.004437	0.002662	0.006211	0.002662	0.006211	0.009760	0.006211	0.003549	0.001775	0.020408	0.031056	0.007986	0.007098	0.019521	0.012422	0.002662	0.006211	0.007986	0.011535	0.004437	0.003549	0.007098	0.005324	0.006211	0.002662	0.018634	0.048802	0.018634	0.009760	0.043478	0.031056	0.004437	0.008873	0.016859	0.033718	0.016859	0.009760	0.031056	0.012422	0.018634	0.002662	0.052351	
0.098492	0.015084	0.029281	0.044366	0.016859	0.008873	0.003549	0.019521	0.017746	0.002662	0.002662	0.009760	0.019521	0.035492	0.020408	0.073647	0.027507	0.003549	0.019521	0.016859	0.007986	0.002662	0.001775	0.007098	0.007986	0.007098	0.007098	0.014197	0.011535	0.006211	0.016859	0.016859	0.041704	0.007986	0.011535	0.027507	0.020408	0.004437	0.004437	0.010648	0.020408	0.002662	0.003549	0.010648	0.021295	0.018634	0.008873	0.021295	0.000887	0.010648	0.000887	0.027507	0.015084	0.007098	0.004437	0.013310	0.000887	0.001775	0.003549	0.003549	0.055013	0.008873	0.023957	0.050577	
0.078083	0.025732	0.031943	0.032831	0.016859	0.004437	0.007986	0.007986	0.028394	0.008873	0.009760	0.014197	0.036380	0.026619	0.027507	0.025732	0.019521	0.012422	0.016859	0.011535	0.007986	0.001775	0.001775	0.011535	0.007098	0.000887	0.005324	0.000887	0.015084	0.006211	0.010648	0.018634	0.026619	0.005324	0.006211	0.008873	0.003549	0.003549	0.002662	0.004437	0.005324	0.004437	0.002662	0.004437	0.010648	0.004437	0.012422	0.010648	0.031056	0.018634	0.036380	0.021295	0.029281	0.008873	0.018634	0.012422	0.029281	0.008873	0.021295	0.010648	0.048802	0.027507	0.048802	0.037267	
0.072760	0.019521	0.014197	0.048802	0.017746	0.011535	0.007986	0.024845	0.036380	0.024845	0.013310	0.016859	0.017746	0.010648	0.007098	0.039042	0.026619	0.004437	0.007098	0.019521	0.007098	0.004437	0.002662	0.004437	0.007986	0.004437	0.009760	0.008873	0.007098	0.007098	0.002662	0.019521	0.025732	0.014197	0.005324	0.024845	0.007986	0.002662	0.003549	0.008873	0.015084	0.006211	0.005324	0.012422	0.003549	0.006211	0.005324	0.015084	0.043478	0.015084	0.007986	0.044366	0.021295	0.008873	0.015972	0.018634	0.031056	0.023957	0.019521	0.024845	0.013310	0.014197	0.007986	0.056788	
0.089618	0.012422	0.025732	0.040816	0.014197	0.011535	0.008873	0.018634	0.012422	0.005324	0.002662	0.014197	0.011535	0.042591	0.018634	0.064774	0.025732	0.004437	0.014197	0.009760	0.007986	0.004437	0.006211	0.008873	0.007098	0.009760	0.005324	0.007986	0.015084	0.010648	0.011535	0.019521	0.042591	0.010648	0.006211	0.031056	0.018634	0.007986	0.011535	0.021295	0.018634	0.007986	0.004437	0.016859	0.023957	0.014197	0.004437	0.020408	0.000887	0.011535	0.000887	0.028394	0.014197	0.007098	0.006211	0.010648	0.000887	0.000887	0.012422	0.008873	0.047915	0.013310	0.026619	0.042591	
0.054126	0.018634	0.054126	0.031943	0.012422	0.012422	0.005324	0.008873	0.015972	0.011535	0.011535	0.007986	0.035492	0.020408	0.029281	0.024845	0.017746	0.006211	0.024845	0.006211	0.016859	0.002662	0.003549	0.007986	0.011535	0.006211	0.011535	0.003549	0.013310	0.007098	0.021295	0.017746	0.023070	0.007986	0.003549	0.004437	0.007986	0.005324	0.004437	0.006211	0.010648	0.003549	0.006211	0.004437	0.007098	0.015084	0.010648	0.015084	0.029281	0.015972	0.035492	0.017746	0.034605	0.014197	0.018634	0.013310	0.024845	0.013310	0.013310	0.009760	0.035492	0.023070	0.047915	0.040816	
0.055901	0.017746	0.016859	0.033718	0.015972	0.005324	0.006211	0.021295	0.055901	0.020408	0.022183	0.019521	0.005324	0.010648	0.003549	0.040816	0.025732	0.006211	0.015084	0.024845	0.009760	0.007986	0.006211	0.010648	0.006211	0.007098	0.011535	0.007098	0.009760	0.003549	0.002662	0.020408	0.020408	0.018634	0.005324	0.018634	0.010648	0.004437	0.005324	0.014197	0.019521	0.008873	0.005324	0.008873	0.003549	0.005324	0.001775	0.015084	0.038154	0.013310	0.006211	0.033718	0.024845	0.009760	0.007098	0.023957	0.037267	0.031943	0.018634	0.021295	0.015972	0.021295	0.004437	0.056788	
0.071872	0.016859	0.026619	0.024845	0.017746	0.013310	0.007986	0.016859	0.011535	0.017746	0.003549	0.010648	0.009760	0.029281	0.015972	0.055901	0.027507	0.005324	0.020408	0.007986	0.007986	0.004437	0.006211	0.008873	0.005324	0.006211	0.004437	0.008873	0.016859	0.008873	0.022183	0.022183	0.051464	0.019521	0.017746	0.030169	0.014197	0.016859	0.011535	0.025732	0.020408	0.013310	0.005324	0.018634	0.012422	0.014197	0.010648	0.019521	0.000887	0.009760	0.000887	0.023070	0.014197	0.005324	0.006211	0.015084	0.000887	0.001775	0.006211	0.003549	0.048802	0.012422	0.023957	0.047915	
0.054126	0.023957	0.046140	0.027507	0.016859	0.007986	0.012422	0.014197	0.020408	0.019521	0.013310	0.012422	0.028394	0.015972	0.020408	0.021295	0.020408	0.007986	0.021295	0.004437	0.014197	0.009760	0.003549	0.012422	0.008873	0.007098	0.009760	0.006211	0.015972	0.012422	0.021295	0.016859	0.016859	0.008873	0.009760	0.002662	0.010648	0.009760	0.010648	0.007986	0.006211	0.004437	0.006211	0.002662	0.009760	0.007986	0.014197	0.009760	0.023957	0.012422	0.030169	0.021295	0.024845	0.011535	0.012422	0.015972	0.031056	0.015084	0.022183	0.004437	0.041704	0.022183	0.049689	0.031943	
0.052351	0.020408	0.008873	0.033718	0.008873	0.015084	0.009760	0.019521	0.039929	0.028394	0.015972	0.023070	0.013310	0.003549	0.006211	0.032831	0.031056	0.005324	0.011535	0.018634	0.014197	0.005324	0.008873	0.010648	0.012422	0.007986	0.011535	0.007098	0.007986	0.006211	0.007098	0.029281	0.029281	0.014197	0.006211	0.016859	0.016859	0.006211	0.006211	0.016859	0.010648	0.013310	0.015084	0.012422	0.002662	0.008873	0.001775	0.012422	0.039042	0.012422	0.005324	0.039042	0.016859	0.008873	0.010648	0.022183	0.039042	0.023957	0.023070	0.019521	0.012422	0.015084	0.007098	0.045253	
0.068323	0.012422	0.036380	0.034605	0.018634	0.015972	0.004437	0.013310	0.008873	0.006211	0.003549	0.013310	0.013310	0.029281	0.021295	0.044366	0.021295	0.011535	0.015084	0.008873	0.015084	0.007098	0.002662	0.010648	0.008873	0.007986	0.004437	0.014197	0.016859	0.015972	0.019521	0.016859	0.039042	0.017746	0.011535	0.033718	0.023957	0.016859	0.008873	0.023957	0.023070	0.015972	0.010648	0.015972	0.015972	0.010648	0.010648	0.024845	0.000887	0.010648	0.000887	0.023957	0.010648	0.004437	0.004437	0.014197	0.000887	0.005324	0.012422	0.003549	0.032831	0.011535	0.031943	0.043478	
0.042591	0.015972	0.040816	0.030169	0.012422	0.016859	0.010648	0.012422	0.020408	0.020408	0.014197	0.008873	0.023070	0.020408	0.033718	0.023957	0.018634	0.007098	0.033718	0.008873	0.017746	0.009760	0.007098	0.009760	0.004437	0.005324	0.009760	0.000887	0.012422	0.011535	0.021295	0.016859	0.017746	0.007098	0.011535	0.005324	0.007098	0.006211	0.012422	0.009760	0.013310	0.007098	0.006211	0.004437	0.011535	0.011535	0.009760	0.014197	0.024845	0.012422	0.023957	0.017746	0.025732	0.008873	0.016859	0.015972	0.023070	0.016859	0.039042	0.004437	0.039929	0.021295	0.041704	0.026619	
0.039929	0.019521	0.013310	0.031056	0.013310	0.003549	0.006211	0.019521	0.044366	0.023070	0.021295	0.021295	0.007986	0.013310	0.007098	0.033718	0.020408	0.007986	0.011535	0.023070	0.010648	0.002662	0.010648	0.017746	0.012422	0.007098	0.015084	0.012422	0.016859	0.006211	0.004437	0.020408	0.016859	0.012422	0.007098	0.024845	0.011535	0.004437	0.011535	0.022183	0.016859	0.021295	0.015084	0.015972	0.004437	0.005324	0.000887	0.007986	0.026619	0.014197	0.007986	0.038154	0.015972	0.008873	0.017746	0.022183	0.036380	0.017746	0.026619	0.025732	0.013310	0.019521	0.006211	0.042591	
0.039042	0.014197	0.026619	0.023957	0.021295	0.014197	0.003549	0.015084	0.008873	0.015084	0.004437	0.011535	0.005324	0.032831	0.025732	0.053239	0.018634	0.007098	0.016859	0.008873	0.003549	0.005324	0.002662	0.007986	0.008873	0.015084	0.012422	0.009760	0.020408	0.011535	0.029281	0.020408	0.039042	0.014197	0.018634	0.038154	0.025732	0.008873	0.010648	0.023957	0.022183	0.020408	0.013310	0.022183	0.011535	0.026619	0.016859	0.020408	0.000887	0.010648	0.000887	0.030169	0.016859	0.007986	0.007098	0.012422	0.000887	0.002662	0.007986	0.007098	0.028394	0.018634	0.024845	0.032831	
0.031943	0.014197	0.032831	0.018634	0.012422	0.012422	0.010648	0.010648	0.021295	0.012422	0.016859	0.012422	0.032831	0.015972	0.026619	0.025732	0.023957	0.012422	0.022183	0.008873	0.016859	0.007986	0.003549	0.007986	0.007986	0.007098	0.007098	0.001775	0.008873	0.013310	0.023957	0.013310	0.017746	0.007098	0.009760	0.006211	0.015972	0.008873	0.011535	0.016859	0.013310	0.010648	0.010648	0.003549	0.009760	0.017746	0.013310	0.009760	0.015972	0.005324	0.027507	0.016859	0.027507	0.015972	0.023957	0.022183	0.031056	0.025732	0.030169	0.009760	0.027507	0.026619	0.043478	0.029281	
0.037267	0.015972	0.014197	0.022183	0.011535	0.004437	0.007986	0.015084	0.035492	0.024845	0.015972	0.015972	0.007986	0.013310	0.002662	0.026619	0.027507	0.009760	0.013310	0.022183	0.017746	0.005324	0.009760	0.012422	0.014197	0.009760	0.019521	0.006211	0.007098	0.010648	0.009760	0.030169	0.020408	0.018634	0.008873	0.025732	0.022183	0.002662	0.009760	0.021295	0.020408	0.022183	0.012422	0.009760	0.004437	0.005324	0.001775	0.015972	0.028394	0.015084	0.009760	0.025732	0.020408	0.009760	0.019521	0.023957	0.034605	0.027507	0.023070	0.022183	0.012422	0.013310	0.005324	0.047028	
0.052351	0.007098	0.031943	0.022183	0.018634	0.014197	0.011535	0.015084	0.010648	0.012422	0.005324	0.017746	0.010648	0.021295	0.023070	0.040816	0.028394	0.007986	0.022183	0.013310	0.007098	0.004437	0.003549	0.007098	0.007098	0.012422	0.009760	0.017746	0.012422	0.010648	0.025732	0.023957	0.051464	0.011535	0.016859	0.024845	0.020408	0.028394	0.013310	0.022183	0.021295	0.017746	0.009760	0.022183	0.008873	0.015972	0.014197	0.015084	0.000887	0.010648	0.000887	0.019521	0.013310	0.007098	0.003549	0.018634	0.000887	0.004437	0.011535	0.002662	0.031943	0.014197	0.031056	0.042591	
