>NC_009715
0.078603	0.021834	0.031659	0.041485	0.015284	0.003275	0.008734	0.012009	0.019651	0.020742	0.012009	0.008734	0.032751	0.014192	0.009825	0.033843	0.025109	0.012009	0.006550	0.010917	0.004367	0.005459	0.008734	0.006550	0.017467	0.019651	0.010917	0.012009	0.017467	0.006550	0.005459	0.015284	0.024017	0.007642	0.010917	0.018559	0.012009	0.015284	0.014192	0.018559	0.006550	0.013100	0.008734	0.004367	0.015284	0.006550	0.008734	0.012009	0.056769	0.012009	0.015284	0.022926	0.024017	0.004367	0.014192	0.014192	0.024017	0.007642	0.013100	0.008734	0.019651	0.015284	0.024017	0.048035	
0.096070	0.026201	0.025109	0.037118	0.010917	0.009825	0.016376	0.016376	0.012009	0.030568	0.012009	0.009825	0.033843	0.017467	0.008734	0.033843	0.028384	0.009825	0.004367	0.013100	0.007642	0.007642	0.005459	0.007642	0.017467	0.007642	0.007642	0.013100	0.016376	0.014192	0.007642	0.013100	0.017467	0.012009	0.015284	0.022926	0.015284	0.009825	0.017467	0.018559	0.012009	0.021834	0.005459	0.005459	0.008734	0.007642	0.007642	0.009825	0.032751	0.014192	0.009825	0.028384	0.015284	0.006550	0.009825	0.010917	0.017467	0.014192	0.009825	0.006550	0.024017	0.012009	0.018559	0.054585	
0.090611	0.016376	0.020742	0.046943	0.016376	0.010917	0.024017	0.010917	0.022926	0.014192	0.008734	0.008734	0.041485	0.018559	0.012009	0.029476	0.025109	0.005459	0.007642	0.010917	0.007642	0.003275	0.010917	0.012009	0.022926	0.008734	0.007642	0.009825	0.015284	0.009825	0.006550	0.021834	0.017467	0.010917	0.010917	0.019651	0.020742	0.016376	0.015284	0.021834	0.007642	0.010917	0.007642	0.008734	0.014192	0.008734	0.003275	0.008734	0.036026	0.015284	0.015284	0.016376	0.020742	0.003275	0.019651	0.007642	0.015284	0.009825	0.010917	0.006550	0.038210	0.014192	0.016376	0.042576	
0.082969	0.015284	0.014192	0.056769	0.018559	0.007642	0.013100	0.008734	0.021834	0.013100	0.008734	0.010917	0.026201	0.020742	0.012009	0.034934	0.021834	0.014192	0.009825	0.019651	0.007642	0.003275	0.006550	0.016376	0.029476	0.012009	0.008734	0.019651	0.019651	0.007642	0.006550	0.018559	0.028384	0.005459	0.015284	0.019651	0.014192	0.006550	0.006550	0.016376	0.009825	0.009825	0.003275	0.012009	0.008734	0.006550	0.012009	0.006550	0.053493	0.010917	0.019651	0.025109	0.020742	0.004367	0.016376	0.009825	0.019651	0.003275	0.006550	0.008734	0.026201	0.012009	0.020742	0.043668	
0.096070	0.012009	0.020742	0.057860	0.017467	0.007642	0.008734	0.012009	0.012009	0.020742	0.007642	0.018559	0.042576	0.030568	0.012009	0.036026	0.026201	0.009825	0.007642	0.017467	0.006550	0.002183	0.004367	0.008734	0.018559	0.012009	0.006550	0.005459	0.017467	0.008734	0.008734	0.016376	0.022926	0.016376	0.015284	0.026201	0.008734	0.009825	0.008734	0.010917	0.004367	0.010917	0.005459	0.006550	0.009825	0.019651	0.010917	0.010917	0.032751	0.014192	0.008734	0.025109	0.019651	0.004367	0.013100	0.009825	0.018559	0.012009	0.006550	0.014192	0.031659	0.008734	0.013100	0.050218	
0.089520	0.010917	0.022926	0.054585	0.010917	0.007642	0.016376	0.017467	0.017467	0.010917	0.018559	0.005459	0.041485	0.029476	0.015284	0.040393	0.029476	0.008734	0.008734	0.005459	0.010917	0.006550	0.002183	0.004367	0.009825	0.010917	0.007642	0.006550	0.018559	0.006550	0.004367	0.012009	0.022926	0.006550	0.014192	0.009825	0.008734	0.009825	0.025109	0.012009	0.005459	0.009825	0.003275	0.007642	0.015284	0.010917	0.008734	0.009825	0.052402	0.009825	0.017467	0.021834	0.027293	0.007642	0.020742	0.012009	0.016376	0.010917	0.006550	0.010917	0.030568	0.014192	0.017467	0.051310	
0.096070	0.014192	0.029476	0.054585	0.016376	0.003275	0.005459	0.010917	0.015284	0.025109	0.007642	0.015284	0.031659	0.012009	0.009825	0.038210	0.026201	0.008734	0.007642	0.015284	0.012009	0.006550	0.004367	0.008734	0.021834	0.016376	0.009825	0.016376	0.024017	0.006550	0.002183	0.013100	0.017467	0.009825	0.006550	0.015284	0.006550	0.006550	0.013100	0.016376	0.009825	0.012009	0.004367	0.009825	0.007642	0.008734	0.004367	0.009825	0.040393	0.015284	0.014192	0.036026	0.027293	0.006550	0.009825	0.017467	0.019651	0.006550	0.010917	0.008734	0.029476	0.008734	0.016376	0.058952	
0.100437	0.012009	0.019651	0.048035	0.010917	0.008734	0.014192	0.014192	0.020742	0.020742	0.012009	0.004367	0.039301	0.028384	0.010917	0.042576	0.039301	0.009825	0.003275	0.009825	0.010917	0.002183	0.003275	0.006550	0.013100	0.008734	0.003275	0.007642	0.020742	0.009825	0.004367	0.018559	0.026201	0.005459	0.010917	0.024017	0.010917	0.010917	0.018559	0.019651	0.007642	0.009825	0.007642	0.007642	0.014192	0.009825	0.013100	0.013100	0.041485	0.015284	0.015284	0.020742	0.008734	0.006550	0.009825	0.010917	0.010917	0.008734	0.004367	0.008734	0.038210	0.016376	0.013100	0.052402	
0.106987	0.015284	0.027293	0.057860	0.013100	0.009825	0.010917	0.008734	0.016376	0.015284	0.009825	0.007642	0.032751	0.021834	0.014192	0.033843	0.013100	0.014192	0.002183	0.012009	0.012009	0.004367	0.004367	0.007642	0.009825	0.016376	0.005459	0.014192	0.020742	0.008734	0.007642	0.014192	0.019651	0.007642	0.008734	0.016376	0.017467	0.013100	0.008734	0.008734	0.005459	0.007642	0.007642	0.006550	0.009825	0.004367	0.006550	0.007642	0.055677	0.013100	0.018559	0.025109	0.025109	0.006550	0.020742	0.012009	0.015284	0.006550	0.014192	0.005459	0.030568	0.013100	0.012009	0.070961	
0.091703	0.017467	0.016376	0.069869	0.016376	0.004367	0.009825	0.019651	0.020742	0.018559	0.007642	0.009825	0.037118	0.014192	0.007642	0.052402	0.026201	0.013100	0.012009	0.016376	0.017467	0.004367	0.004367	0.007642	0.009825	0.016376	0.007642	0.010917	0.013100	0.006550	0.006550	0.010917	0.021834	0.006550	0.006550	0.012009	0.013100	0.016376	0.007642	0.008734	0.009825	0.008734	0.012009	0.006550	0.009825	0.008734	0.006550	0.008734	0.034934	0.010917	0.019651	0.028384	0.014192	0.004367	0.013100	0.016376	0.015284	0.008734	0.003275	0.013100	0.030568	0.008734	0.012009	0.075328	
0.097162	0.013100	0.013100	0.051310	0.012009	0.010917	0.013100	0.012009	0.014192	0.025109	0.007642	0.007642	0.036026	0.032751	0.005459	0.052402	0.036026	0.009825	0.005459	0.009825	0.010917	0.003275	0.008734	0.006550	0.008734	0.013100	0.005459	0.007642	0.014192	0.005459	0.013100	0.019651	0.018559	0.013100	0.004367	0.019651	0.015284	0.015284	0.009825	0.012009	0.003275	0.010917	0.008734	0.007642	0.010917	0.010917	0.008734	0.009825	0.049127	0.010917	0.015284	0.015284	0.016376	0.005459	0.006550	0.009825	0.012009	0.009825	0.005459	0.005459	0.046943	0.013100	0.016376	0.070961	
0.104803	0.022926	0.032751	0.040393	0.017467	0.005459	0.015284	0.008734	0.013100	0.013100	0.003275	0.008734	0.033843	0.014192	0.010917	0.037118	0.028384	0.008734	0.005459	0.012009	0.016376	0.002183	0.006550	0.009825	0.012009	0.013100	0.008734	0.004367	0.013100	0.005459	0.006550	0.015284	0.020742	0.005459	0.004367	0.007642	0.018559	0.005459	0.019651	0.015284	0.007642	0.010917	0.002183	0.006550	0.008734	0.007642	0.006550	0.005459	0.058952	0.005459	0.019651	0.024017	0.030568	0.006550	0.013100	0.012009	0.017467	0.009825	0.007642	0.008734	0.036026	0.020742	0.013100	0.082969	
0.139738	0.018559	0.016376	0.038210	0.014192	0.008734	0.005459	0.014192	0.015284	0.022926	0.007642	0.016376	0.027293	0.010917	0.007642	0.038210	0.038210	0.009825	0.018559	0.016376	0.006550	0.002183	0.003275	0.007642	0.021834	0.010917	0.012009	0.009825	0.015284	0.009825	0.004367	0.016376	0.015284	0.010917	0.007642	0.016376	0.009825	0.006550	0.007642	0.022926	0.007642	0.004367	0.004367	0.005459	0.010917	0.005459	0.004367	0.007642	0.040393	0.015284	0.012009	0.024017	0.018559	0.005459	0.012009	0.012009	0.017467	0.008734	0.005459	0.005459	0.043668	0.014192	0.012009	0.070961	
0.129913	0.014192	0.019651	0.069869	0.017467	0.005459	0.015284	0.016376	0.017467	0.018559	0.009825	0.008734	0.026201	0.020742	0.013100	0.034934	0.029476	0.005459	0.004367	0.009825	0.009825	0.005459	0.003275	0.004367	0.010917	0.006550	0.006550	0.004367	0.021834	0.005459	0.005459	0.024017	0.015284	0.014192	0.016376	0.016376	0.020742	0.006550	0.007642	0.012009	0.006550	0.010917	0.006550	0.005459	0.009825	0.005459	0.007642	0.014192	0.041485	0.010917	0.020742	0.024017	0.014192	0.003275	0.012009	0.010917	0.006550	0.008734	0.006550	0.006550	0.042576	0.010917	0.012009	0.067686	
0.100437	0.016376	0.020742	0.078603	0.013100	0.007642	0.010917	0.013100	0.025109	0.010917	0.012009	0.013100	0.027293	0.021834	0.015284	0.055677	0.038210	0.004367	0.005459	0.014192	0.006550	0.002183	0.006550	0.005459	0.013100	0.014192	0.004367	0.006550	0.010917	0.009825	0.003275	0.019651	0.013100	0.008734	0.010917	0.008734	0.020742	0.004367	0.010917	0.008734	0.010917	0.006550	0.006550	0.005459	0.006550	0.003275	0.005459	0.009825	0.043668	0.016376	0.014192	0.026201	0.020742	0.004367	0.008734	0.008734	0.016376	0.006550	0.007642	0.007642	0.036026	0.015284	0.013100	0.076419	
0.094978	0.019651	0.028384	0.052402	0.014192	0.006550	0.007642	0.017467	0.017467	0.006550	0.017467	0.009825	0.032751	0.017467	0.010917	0.066594	0.041485	0.005459	0.003275	0.010917	0.008734	0.002183	0.002183	0.005459	0.020742	0.004367	0.005459	0.006550	0.013100	0.006550	0.005459	0.010917	0.018559	0.014192	0.007642	0.025109	0.013100	0.007642	0.006550	0.010917	0.009825	0.009825	0.003275	0.007642	0.009825	0.004367	0.005459	0.013100	0.039301	0.008734	0.017467	0.015284	0.024017	0.005459	0.008734	0.012009	0.018559	0.008734	0.005459	0.004367	0.032751	0.020742	0.013100	0.094978	
0.113537	0.017467	0.018559	0.044760	0.025109	0.004367	0.009825	0.008734	0.028384	0.007642	0.013100	0.007642	0.044760	0.010917	0.009825	0.038210	0.040393	0.009825	0.004367	0.005459	0.009825	0.003275	0.002183	0.006550	0.008734	0.006550	0.003275	0.006550	0.019651	0.007642	0.007642	0.010917	0.024017	0.007642	0.019651	0.015284	0.007642	0.002183	0.007642	0.012009	0.015284	0.007642	0.005459	0.003275	0.007642	0.007642	0.006550	0.006550	0.044760	0.009825	0.013100	0.020742	0.028384	0.002183	0.007642	0.010917	0.012009	0.007642	0.006550	0.008734	0.068777	0.010917	0.019651	0.086245	
0.146288	0.014192	0.043668	0.018559	0.019651	0.001092	0.017467	0.006550	0.017467	0.005459	0.025109	0.007642	0.043668	0.007642	0.010917	0.024017	0.050218	0.002183	0.007642	0.010917	0.003275	0.002183	0.003275	0.003275	0.012009	0.006550	0.006550	0.002183	0.021834	0.004367	0.003275	0.008734	0.021834	0.003275	0.026201	0.013100	0.013100	0.001092	0.010917	0.004367	0.013100	0.002183	0.007642	0.005459	0.015284	0.003275	0.005459	0.002183	0.103712	0.009825	0.018559	0.008734	0.021834	0.004367	0.008734	0.002183	0.015284	0.009825	0.013100	0.005459	0.073144	0.007642	0.014192	0.046943	
0.211790	0.005459	0.087336	0.017467	0.008734	0.003275	0.010917	0.006550	0.024017	0.012009	0.045852	0.014192	0.025109	0.005459	0.004367	0.016376	0.046943	0.001092	0.007642	0.002183	0.002183	0.002183	0.002183	0.002183	0.018559	0.006550	0.010917	0.004367	0.005459	0.002183	0.003275	0.005459	0.027293	0.004367	0.018559	0.007642	0.009825	0.001092	0.004367	0.008734	0.028384	0.008734	0.007642	0.007642	0.005459	0.004367	0.005459	0.005459	0.105895	0.006550	0.037118	0.004367	0.008734	0.002183	0.008734	0.003275	0.012009	0.005459	0.012009	0.004367	0.038210	0.007642	0.008734	0.027293	
0.138646	0.003275	0.237991	0.012009	0.007642	0.003275	0.004367	0.002183	0.016376	0.006550	0.121179	0.006550	0.007642	0.005459	0.006550	0.012009	0.014192	0.003275	0.009825	0.002183	0.003275	0.001092	0.003275	0.001092	0.012009	0.002183	0.007642	0.004367	0.008734	0.001092	0.004367	0.006550	0.016376	0.006550	0.046943	0.013100	0.006550	0.004367	0.013100	0.008734	0.050218	0.009825	0.012009	0.004367	0.008734	0.004367	0.008734	0.008734	0.025109	0.004367	0.036026	0.008734	0.006550	0.001092	0.007642	0.004367	0.004367	0.003275	0.013100	0.001092	0.014192	0.003275	0.014192	0.022926	
0.028384	0.005459	0.151747	0.008734	0.005459	0.002183	0.007642	0.002183	0.039301	0.009825	0.276201	0.005459	0.008734	0.006550	0.009825	0.010917	0.009825	0.003275	0.004367	0.006550	0.003275	0.001092	0.003275	0.002183	0.008734	0.008734	0.006550	0.004367	0.002183	0.004367	0.003275	0.006550	0.017467	0.006550	0.051310	0.007642	0.003275	0.002183	0.007642	0.008734	0.090611	0.017467	0.027293	0.018559	0.003275	0.003275	0.006550	0.003275	0.010917	0.003275	0.015284	0.009825	0.004367	0.003275	0.005459	0.001092	0.015284	0.004367	0.008734	0.005459	0.012009	0.007642	0.007642	0.022926	
0.026201	0.008734	0.020742	0.010917	0.004367	0.003275	0.003275	0.007642	0.039301	0.016376	0.156114	0.010917	0.008734	0.006550	0.002183	0.015284	0.005459	0.001092	0.001092	0.008734	0.003275	0.002183	0.001092	0.002183	0.007642	0.005459	0.006550	0.004367	0.002183	0.003275	0.002183	0.006550	0.039301	0.015284	0.075328	0.024017	0.012009	0.007642	0.006550	0.014192	0.217249	0.026201	0.036026	0.039301	0.016376	0.003275	0.005459	0.008734	0.012009	0.002183	0.005459	0.006550	0.005459	0.002183	0.008734	0.005459	0.012009	0.002183	0.009825	0.003275	0.018559	0.003275	0.003275	0.018559	
0.046943	0.007642	0.014192	0.014192	0.006550	0.003275	0.008734	0.008734	0.032751	0.022926	0.024017	0.022926	0.022926	0.007642	0.008734	0.010917	0.010917	0.002183	0.008734	0.003275	0.003275	0.002183	0.003275	0.006550	0.006550	0.004367	0.002183	0.006550	0.006550	0.006550	0.003275	0.013100	0.058952	0.024017	0.131004	0.062227	0.007642	0.007642	0.012009	0.022926	0.106987	0.040393	0.020742	0.040393	0.019651	0.009825	0.017467	0.010917	0.022926	0.003275	0.006550	0.013100	0.004367	0.001092	0.006550	0.004367	0.002183	0.004367	0.005459	0.001092	0.016376	0.005459	0.006550	0.020742	
0.077511	0.007642	0.019651	0.034934	0.010917	0.004367	0.013100	0.008734	0.065502	0.051310	0.021834	0.021834	0.038210	0.012009	0.021834	0.020742	0.010917	0.004367	0.003275	0.003275	0.004367	0.002183	0.004367	0.003275	0.009825	0.006550	0.009825	0.004367	0.020742	0.003275	0.004367	0.014192	0.079694	0.017467	0.016376	0.034934	0.019651	0.007642	0.030568	0.014192	0.014192	0.021834	0.005459	0.010917	0.022926	0.006550	0.022926	0.018559	0.036026	0.007642	0.007642	0.014192	0.009825	0.007642	0.005459	0.006550	0.016376	0.007642	0.007642	0.004367	0.012009	0.010917	0.015284	0.017467	
0.127729	0.015284	0.021834	0.039301	0.014192	0.002183	0.014192	0.006550	0.012009	0.018559	0.004367	0.012009	0.034934	0.009825	0.012009	0.030568	0.025109	0.003275	0.007642	0.008734	0.006550	0.004367	0.005459	0.005459	0.025109	0.008734	0.010917	0.008734	0.007642	0.004367	0.009825	0.010917	0.046943	0.010917	0.022926	0.025109	0.020742	0.005459	0.031659	0.029476	0.015284	0.009825	0.007642	0.012009	0.015284	0.005459	0.008734	0.012009	0.054585	0.007642	0.018559	0.013100	0.013100	0.005459	0.007642	0.006550	0.027293	0.015284	0.008734	0.013100	0.018559	0.001092	0.009825	0.041485	
0.159389	0.017467	0.026201	0.051310	0.020742	0.001092	0.008734	0.006550	0.036026	0.012009	0.010917	0.012009	0.024017	0.015284	0.015284	0.031659	0.024017	0.005459	0.016376	0.008734	0.003275	0.002183	0.005459	0.006550	0.026201	0.014192	0.007642	0.010917	0.019651	0.002183	0.010917	0.015284	0.037118	0.006550	0.019651	0.016376	0.018559	0.012009	0.006550	0.015284	0.015284	0.008734	0.004367	0.003275	0.016376	0.004367	0.014192	0.010917	0.041485	0.006550	0.012009	0.016376	0.010917	0.004367	0.003275	0.002183	0.022926	0.005459	0.006550	0.005459	0.026201	0.008734	0.014192	0.045852	
0.157205	0.028384	0.016376	0.060044	0.012009	0.003275	0.008734	0.012009	0.033843	0.026201	0.009825	0.004367	0.027293	0.022926	0.006550	0.036026	0.033843	0.007642	0.005459	0.006550	0.006550	0.003275	0.005459	0.004367	0.003275	0.007642	0.006550	0.006550	0.012009	0.004367	0.005459	0.008734	0.048035	0.015284	0.008734	0.028384	0.013100	0.008734	0.009825	0.008734	0.005459	0.013100	0.004367	0.006550	0.014192	0.003275	0.005459	0.008734	0.053493	0.006550	0.005459	0.020742	0.007642	0.006550	0.008734	0.007642	0.029476	0.014192	0.004367	0.006550	0.022926	0.008734	0.012009	0.060044	
0.157205	0.022926	0.043668	0.068777	0.008734	0.007642	0.026201	0.015284	0.005459	0.013100	0.010917	0.006550	0.033843	0.025109	0.015284	0.041485	0.021834	0.003275	0.007642	0.006550	0.004367	0.006550	0.003275	0.007642	0.007642	0.005459	0.006550	0.013100	0.006550	0.007642	0.008734	0.009825	0.024017	0.004367	0.018559	0.025109	0.009825	0.012009	0.025109	0.014192	0.007642	0.007642	0.002183	0.007642	0.006550	0.004367	0.005459	0.007642	0.041485	0.005459	0.015284	0.014192	0.009825	0.008734	0.015284	0.005459	0.009825	0.007642	0.005459	0.006550	0.014192	0.009825	0.021834	0.067686	
0.224891	0.001092	0.010917	0.007642	0.028384	0.001092	0.003275	0.003275	0.070961	0.001092	0.004367	0.008734	0.067686	0.001092	0.007642	0.038210	0.027293	0.001092	0.001092	0.003275	0.017467	0.001092	0.005459	0.010917	0.058952	0.001092	0.004367	0.005459	0.026201	0.001092	0.003275	0.012009	0.015284	0.001092	0.008734	0.005459	0.016376	0.001092	0.006550	0.009825	0.015284	0.001092	0.005459	0.003275	0.016376	0.001092	0.002183	0.014192	0.045852	0.001092	0.009825	0.004367	0.038210	0.001092	0.002183	0.005459	0.046943	0.001092	0.002183	0.001092	0.074236	0.001092	0.005459	0.045852	
0.001092	0.001092	0.001092	0.310044	0.001092	0.001092	0.001092	0.001092	0.001092	0.001092	0.001092	0.027293	0.001092	0.001092	0.001092	0.017467	0.001092	0.001092	0.001092	0.097162	0.001092	0.001092	0.001092	0.001092	0.001092	0.001092	0.001092	0.014192	0.001092	0.001092	0.001092	0.026201	0.001092	0.001092	0.001092	0.188865	0.001092	0.001092	0.001092	0.001092	0.001092	0.001092	0.001092	0.013100	0.001092	0.001092	0.001092	0.015284	0.001092	0.001092	0.001092	0.181223	0.001092	0.001092	0.001092	0.001092	0.001092	0.001092	0.001092	0.015284	0.001092	0.001092	0.001092	0.106987	
0.001092	0.001092	0.001092	0.001092	0.001092	0.001092	0.001092	0.001092	0.001092	0.001092	0.001092	0.001092	0.001092	0.001092	0.774017	0.001092	0.001092	0.001092	0.001092	0.001092	0.001092	0.001092	0.001092	0.001092	0.001092	0.001092	0.001092	0.001092	0.001092	0.001092	0.001092	0.001092	0.001092	0.001092	0.001092	0.001092	0.001092	0.001092	0.001092	0.001092	0.001092	0.001092	0.001092	0.001092	0.001092	0.001092	0.066594	0.001092	0.001092	0.001092	0.001092	0.001092	0.001092	0.001092	0.001092	0.001092	0.001092	0.001092	0.001092	0.001092	0.001092	0.001092	0.162664	0.001092	
0.001092	0.001092	0.001092	0.001092	0.001092	0.001092	0.001092	0.001092	0.001092	0.001092	0.001092	0.001092	0.001092	0.001092	0.001092	0.001092	0.001092	0.001092	0.001092	0.001092	0.001092	0.001092	0.001092	0.001092	0.001092	0.001092	0.001092	0.001092	0.001092	0.001092	0.001092	0.001092	0.001092	0.001092	0.001092	0.001092	0.001092	0.001092	0.001092	0.001092	0.001092	0.001092	0.001092	0.001092	0.001092	0.001092	0.001092	0.001092	0.001092	0.001092	0.001092	0.001092	0.001092	0.001092	0.001092	0.001092	0.552402	0.175764	0.180131	0.096070	0.001092	0.001092	0.001092	0.001092	
0.001092	0.001092	0.001092	0.001092	0.001092	0.001092	0.001092	0.001092	0.001092	0.001092	0.001092	0.001092	0.001092	0.001092	0.001092	0.001092	0.001092	0.001092	0.001092	0.001092	0.001092	0.001092	0.001092	0.001092	0.001092	0.001092	0.001092	0.001092	0.001092	0.001092	0.001092	0.001092	0.301310	0.040393	0.120087	0.093886	0.082969	0.022926	0.028384	0.044760	0.076419	0.060044	0.026201	0.020742	0.014192	0.019651	0.009825	0.055677	0.001092	0.001092	0.001092	0.001092	0.001092	0.001092	0.001092	0.001092	0.001092	0.001092	0.001092	0.001092	0.001092	0.001092	0.001092	0.001092	
0.194323	0.036026	0.033843	0.040393	0.014192	0.007642	0.009825	0.012009	0.037118	0.038210	0.012009	0.036026	0.056769	0.016376	0.016376	0.007642	0.068777	0.003275	0.013100	0.001092	0.009825	0.002183	0.006550	0.007642	0.008734	0.009825	0.002183	0.010917	0.009825	0.008734	0.009825	0.019651	0.028384	0.008734	0.008734	0.033843	0.030568	0.002183	0.007642	0.022926	0.007642	0.012009	0.004367	0.005459	0.009825	0.004367	0.002183	0.007642	0.001092	0.002183	0.001092	0.013100	0.010917	0.002183	0.003275	0.006550	0.001092	0.004367	0.001092	0.006550	0.014192	0.005459	0.006550	0.032751	
0.177948	0.015284	0.055677	0.043668	0.013100	0.010917	0.019651	0.006550	0.015284	0.021834	0.013100	0.006550	0.042576	0.017467	0.015284	0.013100	0.032751	0.004367	0.018559	0.009825	0.002183	0.002183	0.006550	0.003275	0.015284	0.004367	0.003275	0.004367	0.016376	0.009825	0.014192	0.008734	0.026201	0.005459	0.013100	0.009825	0.012009	0.006550	0.031659	0.014192	0.012009	0.002183	0.002183	0.003275	0.026201	0.002183	0.016376	0.014192	0.043668	0.009825	0.028384	0.008734	0.006550	0.003275	0.014192	0.010917	0.018559	0.007642	0.004367	0.004367	0.016376	0.005459	0.019651	0.026201	
0.152838	0.021834	0.040393	0.065502	0.008734	0.005459	0.007642	0.013100	0.057860	0.015284	0.017467	0.025109	0.017467	0.012009	0.006550	0.036026	0.013100	0.005459	0.006550	0.008734	0.009825	0.004367	0.003275	0.005459	0.044760	0.008734	0.006550	0.012009	0.012009	0.004367	0.003275	0.015284	0.018559	0.007642	0.013100	0.021834	0.007642	0.003275	0.005459	0.019651	0.008734	0.004367	0.003275	0.006550	0.003275	0.005459	0.003275	0.006550	0.054585	0.014192	0.018559	0.014192	0.010917	0.003275	0.003275	0.017467	0.034934	0.007642	0.009825	0.013100	0.007642	0.009825	0.003275	0.041485	
0.125546	0.018559	0.033843	0.061135	0.012009	0.008734	0.012009	0.016376	0.027293	0.019651	0.015284	0.016376	0.038210	0.020742	0.007642	0.043668	0.021834	0.005459	0.004367	0.005459	0.004367	0.004367	0.002183	0.005459	0.006550	0.006550	0.003275	0.003275	0.017467	0.005459	0.009825	0.022926	0.061135	0.017467	0.040393	0.027293	0.008734	0.005459	0.010917	0.010917	0.014192	0.007642	0.006550	0.008734	0.021834	0.008734	0.009825	0.016376	0.001092	0.015284	0.001092	0.022926	0.010917	0.007642	0.005459	0.007642	0.001092	0.004367	0.006550	0.004367	0.019651	0.007642	0.008734	0.063319	
0.113537	0.016376	0.042576	0.037118	0.018559	0.006550	0.024017	0.007642	0.036026	0.021834	0.009825	0.012009	0.049127	0.015284	0.017467	0.034934	0.010917	0.005459	0.007642	0.012009	0.014192	0.003275	0.006550	0.002183	0.009825	0.008734	0.007642	0.004367	0.009825	0.008734	0.008734	0.013100	0.020742	0.006550	0.010917	0.010917	0.010917	0.003275	0.012009	0.012009	0.005459	0.013100	0.007642	0.005459	0.018559	0.004367	0.006550	0.003275	0.045852	0.005459	0.026201	0.019651	0.015284	0.002183	0.015284	0.009825	0.015284	0.012009	0.004367	0.004367	0.032751	0.014192	0.025109	0.074236	
0.081878	0.015284	0.027293	0.066594	0.006550	0.001092	0.008734	0.017467	0.039301	0.016376	0.010917	0.020742	0.018559	0.017467	0.004367	0.039301	0.024017	0.009825	0.007642	0.017467	0.003275	0.004367	0.001092	0.006550	0.020742	0.007642	0.012009	0.017467	0.006550	0.005459	0.003275	0.016376	0.016376	0.006550	0.008734	0.034934	0.014192	0.005459	0.010917	0.025109	0.012009	0.010917	0.002183	0.004367	0.005459	0.004367	0.004367	0.012009	0.045852	0.014192	0.020742	0.029476	0.015284	0.007642	0.004367	0.015284	0.025109	0.007642	0.008734	0.016376	0.018559	0.015284	0.012009	0.079694	
0.090611	0.021834	0.026201	0.029476	0.014192	0.006550	0.013100	0.012009	0.024017	0.018559	0.005459	0.016376	0.046943	0.036026	0.016376	0.049127	0.026201	0.003275	0.003275	0.006550	0.002183	0.003275	0.003275	0.009825	0.008734	0.005459	0.003275	0.007642	0.025109	0.007642	0.006550	0.025109	0.029476	0.016376	0.016376	0.034934	0.016376	0.005459	0.006550	0.014192	0.012009	0.006550	0.007642	0.007642	0.010917	0.010917	0.012009	0.025109	0.001092	0.017467	0.001092	0.029476	0.019651	0.004367	0.005459	0.013100	0.001092	0.005459	0.014192	0.003275	0.063319	0.020742	0.013100	0.050218	
0.067686	0.018559	0.033843	0.027293	0.024017	0.003275	0.024017	0.007642	0.021834	0.010917	0.006550	0.007642	0.042576	0.015284	0.025109	0.017467	0.022926	0.007642	0.013100	0.008734	0.003275	0.006550	0.006550	0.003275	0.008734	0.006550	0.007642	0.005459	0.020742	0.005459	0.008734	0.014192	0.014192	0.006550	0.016376	0.008734	0.009825	0.002183	0.015284	0.008734	0.007642	0.010917	0.008734	0.003275	0.012009	0.005459	0.009825	0.007642	0.067686	0.017467	0.044760	0.016376	0.030568	0.006550	0.028384	0.009825	0.022926	0.012009	0.007642	0.005459	0.039301	0.008734	0.029476	0.072052	
0.087336	0.016376	0.020742	0.048035	0.016376	0.003275	0.007642	0.022926	0.050218	0.021834	0.010917	0.025109	0.014192	0.009825	0.005459	0.031659	0.025109	0.009825	0.009825	0.022926	0.005459	0.004367	0.002183	0.006550	0.032751	0.006550	0.017467	0.017467	0.006550	0.004367	0.002183	0.016376	0.014192	0.009825	0.006550	0.030568	0.017467	0.002183	0.004367	0.016376	0.006550	0.016376	0.003275	0.004367	0.004367	0.002183	0.003275	0.012009	0.043668	0.013100	0.014192	0.043668	0.010917	0.005459	0.001092	0.017467	0.028384	0.019651	0.007642	0.017467	0.013100	0.008734	0.008734	0.080786	
0.086245	0.024017	0.025109	0.034934	0.013100	0.009825	0.017467	0.008734	0.014192	0.021834	0.004367	0.010917	0.051310	0.049127	0.014192	0.030568	0.020742	0.008734	0.010917	0.009825	0.005459	0.002183	0.003275	0.004367	0.004367	0.005459	0.003275	0.002183	0.017467	0.009825	0.006550	0.029476	0.034934	0.018559	0.027293	0.037118	0.026201	0.008734	0.017467	0.012009	0.007642	0.016376	0.005459	0.009825	0.016376	0.017467	0.009825	0.020742	0.001092	0.012009	0.001092	0.024017	0.006550	0.001092	0.006550	0.010917	0.001092	0.006550	0.005459	0.006550	0.037118	0.014192	0.022926	0.066594	
0.073144	0.008734	0.032751	0.028384	0.019651	0.006550	0.022926	0.014192	0.021834	0.020742	0.012009	0.009825	0.043668	0.014192	0.024017	0.024017	0.022926	0.010917	0.008734	0.008734	0.005459	0.002183	0.007642	0.006550	0.017467	0.014192	0.008734	0.004367	0.007642	0.006550	0.006550	0.015284	0.013100	0.008734	0.004367	0.001092	0.018559	0.004367	0.014192	0.013100	0.008734	0.006550	0.002183	0.001092	0.010917	0.007642	0.006550	0.004367	0.045852	0.014192	0.040393	0.021834	0.024017	0.010917	0.034934	0.020742	0.024017	0.007642	0.014192	0.007642	0.038210	0.014192	0.033843	0.061135	
0.079694	0.016376	0.016376	0.042576	0.014192	0.003275	0.008734	0.016376	0.030568	0.024017	0.008734	0.022926	0.008734	0.009825	0.004367	0.037118	0.020742	0.010917	0.007642	0.028384	0.008734	0.002183	0.002183	0.010917	0.026201	0.020742	0.009825	0.022926	0.012009	0.007642	0.009825	0.025109	0.018559	0.012009	0.013100	0.028384	0.012009	0.004367	0.005459	0.027293	0.009825	0.012009	0.004367	0.010917	0.004367	0.003275	0.002183	0.013100	0.034934	0.009825	0.017467	0.038210	0.014192	0.006550	0.003275	0.018559	0.031659	0.018559	0.005459	0.015284	0.009825	0.013100	0.005459	0.076419	
0.077511	0.013100	0.027293	0.036026	0.010917	0.009825	0.017467	0.010917	0.018559	0.020742	0.008734	0.006550	0.044760	0.032751	0.022926	0.037118	0.026201	0.006550	0.006550	0.009825	0.005459	0.001092	0.003275	0.006550	0.008734	0.005459	0.001092	0.004367	0.014192	0.019651	0.014192	0.025109	0.033843	0.018559	0.024017	0.021834	0.019651	0.009825	0.022926	0.022926	0.009825	0.009825	0.004367	0.004367	0.017467	0.019651	0.009825	0.025109	0.001092	0.017467	0.001092	0.015284	0.006550	0.003275	0.010917	0.013100	0.001092	0.009825	0.006550	0.004367	0.042576	0.017467	0.018559	0.073144	
0.067686	0.016376	0.024017	0.030568	0.024017	0.002183	0.017467	0.012009	0.021834	0.015284	0.016376	0.005459	0.031659	0.012009	0.012009	0.027293	0.014192	0.009825	0.009825	0.008734	0.008734	0.004367	0.004367	0.006550	0.025109	0.014192	0.009825	0.005459	0.025109	0.005459	0.007642	0.015284	0.018559	0.006550	0.006550	0.006550	0.012009	0.008734	0.017467	0.007642	0.005459	0.004367	0.005459	0.005459	0.005459	0.005459	0.003275	0.005459	0.051310	0.014192	0.032751	0.020742	0.029476	0.014192	0.032751	0.013100	0.026201	0.020742	0.010917	0.007642	0.042576	0.010917	0.033843	0.073144	
0.088428	0.016376	0.013100	0.033843	0.015284	0.003275	0.006550	0.021834	0.026201	0.022926	0.009825	0.014192	0.009825	0.008734	0.005459	0.042576	0.019651	0.009825	0.010917	0.033843	0.003275	0.007642	0.003275	0.015284	0.028384	0.016376	0.013100	0.014192	0.010917	0.007642	0.007642	0.013100	0.014192	0.006550	0.019651	0.038210	0.010917	0.008734	0.005459	0.029476	0.009825	0.013100	0.009825	0.009825	0.003275	0.005459	0.003275	0.012009	0.029476	0.014192	0.021834	0.039301	0.009825	0.006550	0.002183	0.015284	0.016376	0.017467	0.008734	0.014192	0.010917	0.014192	0.007642	0.088428	
0.064410	0.030568	0.018559	0.038210	0.013100	0.007642	0.016376	0.009825	0.024017	0.024017	0.004367	0.013100	0.046943	0.050218	0.014192	0.033843	0.024017	0.005459	0.006550	0.003275	0.009825	0.004367	0.008734	0.003275	0.002183	0.008734	0.001092	0.005459	0.021834	0.012009	0.012009	0.036026	0.026201	0.012009	0.014192	0.028384	0.015284	0.012009	0.022926	0.019651	0.014192	0.016376	0.004367	0.006550	0.016376	0.015284	0.009825	0.010917	0.001092	0.017467	0.001092	0.015284	0.009825	0.004367	0.007642	0.014192	0.001092	0.010917	0.007642	0.004367	0.037118	0.016376	0.029476	0.073144	
0.051310	0.012009	0.026201	0.026201	0.019651	0.005459	0.029476	0.010917	0.009825	0.015284	0.009825	0.005459	0.025109	0.017467	0.018559	0.024017	0.018559	0.010917	0.008734	0.009825	0.005459	0.005459	0.010917	0.006550	0.017467	0.018559	0.012009	0.007642	0.010917	0.008734	0.013100	0.014192	0.016376	0.008734	0.008734	0.007642	0.019651	0.003275	0.025109	0.012009	0.004367	0.004367	0.003275	0.005459	0.009825	0.004367	0.006550	0.008734	0.049127	0.018559	0.032751	0.021834	0.034934	0.002183	0.041485	0.015284	0.024017	0.019651	0.013100	0.008734	0.040393	0.017467	0.025109	0.070961	
0.081878	0.010917	0.009825	0.032751	0.013100	0.007642	0.008734	0.020742	0.028384	0.020742	0.012009	0.015284	0.009825	0.006550	0.005459	0.043668	0.025109	0.013100	0.010917	0.030568	0.003275	0.003275	0.003275	0.006550	0.032751	0.026201	0.016376	0.031659	0.013100	0.016376	0.004367	0.010917	0.014192	0.012009	0.003275	0.026201	0.018559	0.006550	0.004367	0.028384	0.009825	0.013100	0.003275	0.012009	0.003275	0.003275	0.002183	0.018559	0.033843	0.012009	0.016376	0.024017	0.014192	0.007642	0.005459	0.020742	0.026201	0.013100	0.013100	0.010917	0.014192	0.014192	0.006550	0.082969	
0.070961	0.021834	0.019651	0.042576	0.012009	0.012009	0.018559	0.005459	0.005459	0.022926	0.004367	0.007642	0.043668	0.029476	0.015284	0.025109	0.022926	0.006550	0.007642	0.012009	0.003275	0.007642	0.006550	0.007642	0.006550	0.004367	0.004367	0.006550	0.020742	0.016376	0.012009	0.027293	0.032751	0.016376	0.026201	0.021834	0.020742	0.018559	0.015284	0.018559	0.010917	0.019651	0.007642	0.006550	0.021834	0.014192	0.017467	0.016376	0.001092	0.022926	0.001092	0.015284	0.007642	0.015284	0.008734	0.008734	0.001092	0.006550	0.007642	0.003275	0.042576	0.022926	0.022926	0.067686	
0.065502	0.009825	0.032751	0.019651	0.025109	0.008734	0.029476	0.004367	0.014192	0.021834	0.009825	0.008734	0.024017	0.022926	0.019651	0.025109	0.016376	0.010917	0.008734	0.007642	0.009825	0.008734	0.028384	0.006550	0.010917	0.020742	0.009825	0.007642	0.012009	0.006550	0.013100	0.008734	0.005459	0.005459	0.007642	0.005459	0.009825	0.003275	0.030568	0.009825	0.006550	0.006550	0.005459	0.005459	0.008734	0.005459	0.004367	0.005459	0.051310	0.014192	0.045852	0.017467	0.025109	0.008734	0.036026	0.013100	0.022926	0.019651	0.018559	0.006550	0.034934	0.010917	0.032751	0.057860	
0.082969	0.016376	0.009825	0.029476	0.006550	0.006550	0.004367	0.022926	0.027293	0.033843	0.016376	0.017467	0.005459	0.007642	0.005459	0.031659	0.020742	0.017467	0.008734	0.022926	0.006550	0.004367	0.004367	0.014192	0.040393	0.031659	0.027293	0.025109	0.008734	0.004367	0.004367	0.016376	0.008734	0.007642	0.005459	0.032751	0.017467	0.014192	0.003275	0.033843	0.008734	0.019651	0.005459	0.009825	0.004367	0.005459	0.006550	0.012009	0.026201	0.007642	0.010917	0.034934	0.012009	0.005459	0.005459	0.022926	0.024017	0.016376	0.014192	0.015284	0.013100	0.016376	0.007642	0.060044	
0.056769	0.029476	0.022926	0.029476	0.006550	0.016376	0.013100	0.013100	0.005459	0.016376	0.006550	0.006550	0.039301	0.037118	0.018559	0.025109	0.019651	0.007642	0.006550	0.008734	0.010917	0.004367	0.007642	0.007642	0.003275	0.009825	0.002183	0.002183	0.027293	0.017467	0.016376	0.032751	0.029476	0.024017	0.022926	0.024017	0.022926	0.026201	0.020742	0.031659	0.010917	0.031659	0.008734	0.012009	0.013100	0.022926	0.015284	0.016376	0.001092	0.015284	0.001092	0.014192	0.008734	0.004367	0.010917	0.009825	0.001092	0.007642	0.012009	0.003275	0.028384	0.013100	0.026201	0.052402	
0.037118	0.013100	0.031659	0.025109	0.017467	0.013100	0.037118	0.008734	0.017467	0.016376	0.015284	0.004367	0.020742	0.016376	0.021834	0.017467	0.016376	0.009825	0.010917	0.012009	0.016376	0.005459	0.021834	0.007642	0.017467	0.015284	0.013100	0.006550	0.021834	0.008734	0.010917	0.020742	0.007642	0.005459	0.004367	0.003275	0.017467	0.006550	0.024017	0.017467	0.003275	0.013100	0.007642	0.005459	0.009825	0.005459	0.005459	0.003275	0.037118	0.015284	0.032751	0.022926	0.026201	0.010917	0.040393	0.013100	0.024017	0.012009	0.029476	0.010917	0.024017	0.007642	0.032751	0.062227	
0.053493	0.009825	0.014192	0.020742	0.010917	0.009825	0.006550	0.016376	0.022926	0.021834	0.017467	0.017467	0.008734	0.010917	0.002183	0.041485	0.030568	0.009825	0.006550	0.030568	0.008734	0.007642	0.001092	0.018559	0.038210	0.027293	0.032751	0.025109	0.007642	0.012009	0.005459	0.021834	0.010917	0.010917	0.004367	0.036026	0.009825	0.012009	0.008734	0.026201	0.015284	0.026201	0.008734	0.015284	0.005459	0.005459	0.004367	0.012009	0.014192	0.012009	0.015284	0.034934	0.014192	0.006550	0.003275	0.014192	0.016376	0.025109	0.014192	0.015284	0.012009	0.012009	0.007642	0.072052	
0.046943	0.025109	0.016376	0.020742	0.007642	0.008734	0.013100	0.013100	0.006550	0.019651	0.005459	0.008734	0.037118	0.044760	0.017467	0.022926	0.019651	0.007642	0.008734	0.007642	0.004367	0.012009	0.013100	0.006550	0.004367	0.007642	0.002183	0.005459	0.024017	0.012009	0.008734	0.030568	0.017467	0.021834	0.026201	0.027293	0.019651	0.024017	0.029476	0.027293	0.019651	0.031659	0.007642	0.014192	0.014192	0.025109	0.014192	0.019651	0.001092	0.016376	0.001092	0.015284	0.010917	0.005459	0.014192	0.009825	0.001092	0.006550	0.006550	0.005459	0.022926	0.025109	0.036026	0.063319	
0.034934	0.003275	0.028384	0.018559	0.019651	0.010917	0.027293	0.013100	0.018559	0.016376	0.013100	0.004367	0.028384	0.010917	0.015284	0.016376	0.017467	0.009825	0.006550	0.008734	0.010917	0.005459	0.021834	0.012009	0.019651	0.018559	0.022926	0.008734	0.017467	0.010917	0.008734	0.019651	0.007642	0.006550	0.009825	0.007642	0.017467	0.009825	0.026201	0.012009	0.004367	0.007642	0.006550	0.003275	0.008734	0.005459	0.013100	0.006550	0.041485	0.010917	0.031659	0.014192	0.033843	0.003275	0.054585	0.015284	0.024017	0.019651	0.020742	0.012009	0.037118	0.009825	0.036026	0.053493	
0.054585	0.009825	0.021834	0.015284	0.005459	0.004367	0.005459	0.015284	0.022926	0.024017	0.014192	0.015284	0.010917	0.013100	0.007642	0.017467	0.031659	0.016376	0.009825	0.024017	0.004367	0.008734	0.002183	0.014192	0.028384	0.033843	0.036026	0.031659	0.012009	0.007642	0.008734	0.024017	0.007642	0.017467	0.010917	0.030568	0.009825	0.005459	0.006550	0.040393	0.013100	0.021834	0.014192	0.014192	0.006550	0.004367	0.004367	0.013100	0.033843	0.009825	0.024017	0.024017	0.006550	0.009825	0.005459	0.015284	0.018559	0.022926	0.017467	0.014192	0.008734	0.012009	0.013100	0.062227	
0.065502	0.016376	0.020742	0.025109	0.015284	0.013100	0.017467	0.007642	0.013100	0.031659	0.009825	0.012009	0.037118	0.025109	0.018559	0.013100	0.008734	0.004367	0.006550	0.006550	0.001092	0.004367	0.013100	0.009825	0.003275	0.009825	0.002183	0.004367	0.014192	0.015284	0.017467	0.038210	0.016376	0.018559	0.019651	0.028384	0.029476	0.020742	0.028384	0.024017	0.014192	0.034934	0.012009	0.020742	0.015284	0.015284	0.025109	0.019651	0.001092	0.015284	0.001092	0.020742	0.012009	0.007642	0.010917	0.006550	0.001092	0.014192	0.010917	0.007642	0.026201	0.010917	0.024017	0.055677	
