>NC_008497
0.043870	0.022497	0.022497	0.047244	0.021372	0.016873	0.014623	0.022497	0.023622	0.014623	0.006749	0.017998	0.026997	0.020247	0.022497	0.035996	0.020247	0.017998	0.014623	0.012373	0.014623	0.005624	0.002250	0.004499	0.012373	0.003375	0.011249	0.010124	0.024747	0.008999	0.017998	0.020247	0.016873	0.015748	0.013498	0.019123	0.013498	0.007874	0.011249	0.007874	0.016873	0.007874	0.003375	0.015748	0.020247	0.004499	0.008999	0.015748	0.051744	0.011249	0.019123	0.023622	0.017998	0.007874	0.005624	0.011249	0.022497	0.010124	0.012373	0.017998	0.026997	0.014623	0.011249	0.026997	
0.040495	0.017998	0.024747	0.049494	0.021372	0.015748	0.015748	0.014623	0.022497	0.012373	0.011249	0.023622	0.023622	0.013498	0.022497	0.042745	0.023622	0.016873	0.013498	0.013498	0.011249	0.005624	0.013498	0.007874	0.013498	0.007874	0.005624	0.006749	0.015748	0.008999	0.005624	0.015748	0.025872	0.021372	0.008999	0.019123	0.012373	0.003375	0.005624	0.014623	0.007874	0.013498	0.005624	0.006749	0.016873	0.012373	0.016873	0.015748	0.043870	0.015748	0.017998	0.021372	0.016873	0.004499	0.013498	0.013498	0.024747	0.003375	0.014623	0.017998	0.037120	0.016873	0.017998	0.026997	
0.048369	0.024747	0.019123	0.041620	0.019123	0.014623	0.011249	0.026997	0.022497	0.014623	0.011249	0.016873	0.030371	0.012373	0.016873	0.043870	0.020247	0.012373	0.016873	0.012373	0.008999	0.006749	0.006749	0.006749	0.017998	0.010124	0.010124	0.010124	0.019123	0.006749	0.014623	0.010124	0.030371	0.011249	0.008999	0.017998	0.015748	0.007874	0.005624	0.007874	0.008999	0.008999	0.007874	0.011249	0.021372	0.005624	0.014623	0.013498	0.040495	0.015748	0.015748	0.021372	0.017998	0.004499	0.010124	0.019123	0.023622	0.010124	0.013498	0.015748	0.035996	0.008999	0.015748	0.040495	
0.052868	0.017998	0.022497	0.046119	0.017998	0.014623	0.010124	0.021372	0.017998	0.013498	0.010124	0.019123	0.021372	0.014623	0.016873	0.040495	0.024747	0.014623	0.007874	0.014623	0.014623	0.006749	0.004499	0.007874	0.005624	0.010124	0.008999	0.008999	0.020247	0.012373	0.012373	0.015748	0.024747	0.017998	0.008999	0.021372	0.013498	0.008999	0.008999	0.012373	0.014623	0.011249	0.005624	0.011249	0.013498	0.011249	0.013498	0.015748	0.038245	0.020247	0.023622	0.024747	0.014623	0.007874	0.004499	0.006749	0.028121	0.003375	0.016873	0.013498	0.030371	0.016873	0.020247	0.040495	
0.055118	0.029246	0.023622	0.032621	0.033746	0.008999	0.006749	0.021372	0.024747	0.007874	0.007874	0.022497	0.028121	0.015748	0.017998	0.044994	0.023622	0.011249	0.008999	0.016873	0.016873	0.005624	0.008999	0.006749	0.005624	0.004499	0.006749	0.011249	0.014623	0.004499	0.007874	0.021372	0.030371	0.011249	0.010124	0.014623	0.008999	0.006749	0.011249	0.011249	0.010124	0.010124	0.008999	0.012373	0.014623	0.006749	0.010124	0.021372	0.038245	0.014623	0.010124	0.022497	0.017998	0.012373	0.007874	0.016873	0.022497	0.007874	0.019123	0.013498	0.039370	0.019123	0.014623	0.039370	
0.053993	0.034871	0.021372	0.037120	0.022497	0.012373	0.010124	0.021372	0.016873	0.010124	0.012373	0.013498	0.025872	0.015748	0.011249	0.033746	0.038245	0.007874	0.011249	0.020247	0.013498	0.003375	0.011249	0.005624	0.011249	0.007874	0.006749	0.008999	0.020247	0.003375	0.010124	0.022497	0.017998	0.010124	0.011249	0.023622	0.007874	0.004499	0.005624	0.012373	0.015748	0.010124	0.006749	0.010124	0.010124	0.012373	0.008999	0.028121	0.033746	0.015748	0.011249	0.035996	0.021372	0.007874	0.006749	0.010124	0.020247	0.007874	0.010124	0.012373	0.048369	0.011249	0.028121	0.039370	
0.046119	0.033746	0.019123	0.044994	0.017998	0.010124	0.016873	0.023622	0.024747	0.005624	0.007874	0.016873	0.026997	0.013498	0.019123	0.057368	0.031496	0.005624	0.014623	0.013498	0.013498	0.003375	0.006749	0.004499	0.006749	0.004499	0.010124	0.012373	0.015748	0.004499	0.008999	0.020247	0.028121	0.012373	0.005624	0.017998	0.011249	0.004499	0.006749	0.013498	0.015748	0.006749	0.007874	0.005624	0.015748	0.006749	0.008999	0.013498	0.046119	0.016873	0.020247	0.021372	0.016873	0.004499	0.011249	0.010124	0.022497	0.011249	0.011249	0.013498	0.042745	0.013498	0.014623	0.052868	
0.051744	0.037120	0.022497	0.040495	0.015748	0.015748	0.011249	0.025872	0.021372	0.012373	0.011249	0.014623	0.021372	0.017998	0.011249	0.047244	0.029246	0.006749	0.008999	0.014623	0.005624	0.008999	0.004499	0.003375	0.010124	0.008999	0.007874	0.014623	0.016873	0.006749	0.013498	0.014623	0.030371	0.010124	0.013498	0.015748	0.007874	0.005624	0.005624	0.008999	0.005624	0.006749	0.010124	0.014623	0.016873	0.011249	0.005624	0.014623	0.057368	0.016873	0.012373	0.014623	0.021372	0.005624	0.004499	0.006749	0.022497	0.007874	0.008999	0.012373	0.047244	0.021372	0.016873	0.058493	
0.067492	0.040495	0.013498	0.047244	0.015748	0.016873	0.019123	0.019123	0.021372	0.011249	0.011249	0.013498	0.025872	0.012373	0.016873	0.030371	0.020247	0.006749	0.006749	0.016873	0.014623	0.004499	0.006749	0.010124	0.002250	0.004499	0.006749	0.012373	0.010124	0.007874	0.006749	0.020247	0.026997	0.016873	0.004499	0.011249	0.010124	0.007874	0.008999	0.008999	0.012373	0.006749	0.007874	0.011249	0.013498	0.015748	0.007874	0.019123	0.041620	0.013498	0.017998	0.029246	0.028121	0.011249	0.005624	0.012373	0.017998	0.008999	0.007874	0.012373	0.043870	0.013498	0.028121	0.049494	
0.057368	0.020247	0.024747	0.053993	0.012373	0.014623	0.017998	0.032621	0.012373	0.008999	0.006749	0.014623	0.028121	0.022497	0.019123	0.034871	0.034871	0.007874	0.010124	0.015748	0.023622	0.005624	0.005624	0.005624	0.019123	0.007874	0.008999	0.004499	0.019123	0.005624	0.008999	0.016873	0.014623	0.008999	0.012373	0.017998	0.012373	0.007874	0.005624	0.005624	0.010124	0.011249	0.003375	0.008999	0.008999	0.007874	0.008999	0.023622	0.047244	0.010124	0.014623	0.021372	0.022497	0.005624	0.011249	0.010124	0.031496	0.006749	0.011249	0.010124	0.034871	0.014623	0.021372	0.048369	
0.064117	0.025872	0.020247	0.043870	0.013498	0.011249	0.010124	0.012373	0.028121	0.008999	0.008999	0.015748	0.037120	0.020247	0.012373	0.039370	0.025872	0.010124	0.010124	0.024747	0.013498	0.006749	0.010124	0.003375	0.013498	0.008999	0.004499	0.013498	0.015748	0.004499	0.012373	0.021372	0.032621	0.011249	0.015748	0.013498	0.011249	0.005624	0.006749	0.011249	0.010124	0.003375	0.007874	0.008999	0.010124	0.003375	0.008999	0.015748	0.042745	0.008999	0.019123	0.020247	0.026997	0.005624	0.008999	0.008999	0.024747	0.010124	0.015748	0.007874	0.044994	0.007874	0.016873	0.053993	
0.050619	0.022497	0.053993	0.038245	0.019123	0.012373	0.011249	0.013498	0.033746	0.005624	0.014623	0.011249	0.024747	0.015748	0.020247	0.041620	0.023622	0.005624	0.015748	0.020247	0.011249	0.004499	0.002250	0.011249	0.014623	0.003375	0.012373	0.005624	0.014623	0.002250	0.006749	0.012373	0.033746	0.008999	0.017998	0.015748	0.011249	0.002250	0.004499	0.013498	0.015748	0.005624	0.012373	0.003375	0.013498	0.005624	0.007874	0.019123	0.048369	0.010124	0.026997	0.022497	0.010124	0.005624	0.008999	0.011249	0.023622	0.006749	0.010124	0.010124	0.042745	0.016873	0.029246	0.041620	
0.074241	0.015748	0.044994	0.021372	0.008999	0.003375	0.020247	0.014623	0.061867	0.007874	0.032621	0.012373	0.024747	0.013498	0.022497	0.035996	0.019123	0.012373	0.012373	0.007874	0.008999	0.005624	0.004499	0.005624	0.013498	0.002250	0.004499	0.006749	0.017998	0.005624	0.008999	0.016873	0.049494	0.005624	0.019123	0.013498	0.006749	0.003375	0.004499	0.006749	0.023622	0.008999	0.008999	0.007874	0.006749	0.003375	0.008999	0.011249	0.047244	0.011249	0.017998	0.019123	0.023622	0.003375	0.007874	0.005624	0.030371	0.005624	0.017998	0.010124	0.041620	0.017998	0.020247	0.034871	
0.103487	0.007874	0.051744	0.026997	0.012373	0.005624	0.011249	0.015748	0.040495	0.003375	0.031496	0.019123	0.016873	0.006749	0.012373	0.025872	0.023622	0.004499	0.013498	0.006749	0.002250	0.004499	0.002250	0.006749	0.022497	0.004499	0.005624	0.004499	0.012373	0.002250	0.006749	0.011249	0.067492	0.010124	0.031496	0.020247	0.008999	0.002250	0.006749	0.006749	0.035996	0.005624	0.016873	0.005624	0.013498	0.004499	0.011249	0.007874	0.044994	0.005624	0.016873	0.023622	0.019123	0.003375	0.006749	0.011249	0.035996	0.004499	0.015748	0.004499	0.037120	0.005624	0.017998	0.038245	
0.107987	0.011249	0.093363	0.026997	0.006749	0.002250	0.013498	0.005624	0.031496	0.006749	0.059618	0.015748	0.030371	0.003375	0.019123	0.024747	0.022497	0.003375	0.011249	0.005624	0.004499	0.003375	0.003375	0.004499	0.008999	0.003375	0.011249	0.003375	0.019123	0.003375	0.011249	0.006749	0.070866	0.007874	0.046119	0.010124	0.005624	0.002250	0.004499	0.005624	0.032621	0.003375	0.023622	0.010124	0.012373	0.004499	0.007874	0.008999	0.047244	0.002250	0.017998	0.012373	0.007874	0.002250	0.002250	0.006749	0.025872	0.003375	0.014623	0.004499	0.028121	0.004499	0.020247	0.030371	
0.088864	0.011249	0.124859	0.023622	0.006749	0.004499	0.011249	0.002250	0.028121	0.007874	0.119235	0.013498	0.019123	0.003375	0.017998	0.014623	0.010124	0.002250	0.010124	0.002250	0.002250	0.001125	0.005624	0.001125	0.007874	0.002250	0.008999	0.004499	0.008999	0.001125	0.007874	0.004499	0.039370	0.003375	0.047244	0.008999	0.001125	0.001125	0.011249	0.003375	0.052868	0.004499	0.040495	0.011249	0.010124	0.004499	0.011249	0.007874	0.031496	0.004499	0.044994	0.008999	0.008999	0.001125	0.004499	0.001125	0.024747	0.004499	0.023622	0.005624	0.020247	0.010124	0.025872	0.014623	
0.030371	0.008999	0.124859	0.005624	0.002250	0.001125	0.012373	0.005624	0.029246	0.006749	0.182227	0.008999	0.004499	0.007874	0.023622	0.007874	0.004499	0.001125	0.012373	0.001125	0.002250	0.002250	0.002250	0.001125	0.010124	0.002250	0.016873	0.003375	0.004499	0.001125	0.001125	0.001125	0.022497	0.003375	0.084364	0.003375	0.005624	0.002250	0.008999	0.002250	0.104612	0.005624	0.074241	0.007874	0.005624	0.002250	0.019123	0.007874	0.014623	0.001125	0.035996	0.006749	0.007874	0.002250	0.005624	0.003375	0.017998	0.001125	0.039370	0.004499	0.005624	0.001125	0.022497	0.012373	
0.013498	0.005624	0.050619	0.002250	0.003375	0.001125	0.006749	0.003375	0.029246	0.005624	0.210349	0.012373	0.003375	0.001125	0.007874	0.004499	0.002250	0.001125	0.011249	0.003375	0.002250	0.001125	0.002250	0.002250	0.016873	0.002250	0.008999	0.001125	0.004499	0.001125	0.004499	0.002250	0.016873	0.013498	0.122610	0.008999	0.003375	0.003375	0.005624	0.003375	0.182227	0.010124	0.102362	0.017998	0.002250	0.003375	0.016873	0.002250	0.004499	0.001125	0.013498	0.001125	0.004499	0.001125	0.004499	0.002250	0.024747	0.001125	0.037120	0.003375	0.003375	0.002250	0.015748	0.007874	
0.011249	0.003375	0.017998	0.004499	0.005624	0.001125	0.011249	0.003375	0.033746	0.011249	0.134983	0.017998	0.003375	0.006749	0.002250	0.003375	0.002250	0.002250	0.005624	0.003375	0.001125	0.001125	0.003375	0.001125	0.007874	0.003375	0.003375	0.004499	0.001125	0.003375	0.002250	0.004499	0.037120	0.011249	0.191226	0.013498	0.004499	0.003375	0.008999	0.002250	0.206974	0.012373	0.107987	0.031496	0.006749	0.002250	0.021372	0.004499	0.003375	0.001125	0.007874	0.001125	0.003375	0.002250	0.001125	0.001125	0.012373	0.003375	0.022497	0.006749	0.004499	0.001125	0.007874	0.003375	
0.006749	0.007874	0.025872	0.013498	0.004499	0.002250	0.005624	0.005624	0.026997	0.014623	0.150731	0.030371	0.004499	0.001125	0.012373	0.004499	0.002250	0.003375	0.005624	0.003375	0.001125	0.001125	0.002250	0.003375	0.004499	0.002250	0.008999	0.008999	0.002250	0.001125	0.002250	0.002250	0.033746	0.013498	0.187852	0.025872	0.005624	0.003375	0.012373	0.008999	0.100112	0.023622	0.087739	0.057368	0.006749	0.006749	0.026997	0.020247	0.002250	0.002250	0.008999	0.002250	0.008999	0.001125	0.001125	0.002250	0.008999	0.003375	0.011249	0.010124	0.004499	0.002250	0.005624	0.003375	
0.010124	0.007874	0.016873	0.010124	0.007874	0.006749	0.006749	0.005624	0.025872	0.025872	0.131609	0.044994	0.010124	0.003375	0.016873	0.014623	0.005624	0.003375	0.005624	0.005624	0.001125	0.003375	0.002250	0.001125	0.008999	0.004499	0.003375	0.004499	0.006749	0.003375	0.003375	0.006749	0.029246	0.017998	0.071991	0.021372	0.010124	0.007874	0.017998	0.007874	0.075366	0.028121	0.077615	0.077615	0.016873	0.012373	0.055118	0.022497	0.008999	0.002250	0.004499	0.002250	0.003375	0.002250	0.004499	0.001125	0.016873	0.007874	0.012373	0.010124	0.010124	0.003375	0.006749	0.010124	
0.017998	0.006749	0.010124	0.019123	0.006749	0.005624	0.010124	0.008999	0.017998	0.012373	0.051744	0.016873	0.006749	0.003375	0.014623	0.014623	0.007874	0.003375	0.004499	0.006749	0.005624	0.004499	0.002250	0.007874	0.013498	0.004499	0.005624	0.007874	0.003375	0.001125	0.007874	0.003375	0.053993	0.017998	0.023622	0.031496	0.007874	0.013498	0.030371	0.014623	0.086614	0.042745	0.037120	0.058493	0.024747	0.017998	0.062992	0.031496	0.019123	0.003375	0.008999	0.012373	0.005624	0.003375	0.007874	0.005624	0.049494	0.010124	0.010124	0.012373	0.011249	0.005624	0.011249	0.025872	
0.034871	0.013498	0.012373	0.038245	0.010124	0.005624	0.008999	0.006749	0.012373	0.008999	0.014623	0.011249	0.010124	0.013498	0.020247	0.025872	0.006749	0.006749	0.004499	0.007874	0.008999	0.004499	0.005624	0.007874	0.020247	0.004499	0.010124	0.015748	0.006749	0.003375	0.016873	0.010124	0.069741	0.025872	0.026997	0.044994	0.017998	0.011249	0.024747	0.015748	0.038245	0.023622	0.026997	0.015748	0.017998	0.015748	0.034871	0.026997	0.026997	0.004499	0.005624	0.008999	0.011249	0.002250	0.003375	0.011249	0.057368	0.005624	0.017998	0.015748	0.023622	0.010124	0.010124	0.031496	
0.039370	0.028121	0.028121	0.042745	0.013498	0.014623	0.008999	0.013498	0.014623	0.015748	0.007874	0.011249	0.014623	0.020247	0.021372	0.043870	0.014623	0.010124	0.006749	0.016873	0.005624	0.005624	0.004499	0.007874	0.020247	0.003375	0.008999	0.010124	0.007874	0.004499	0.008999	0.020247	0.032621	0.024747	0.025872	0.044994	0.013498	0.006749	0.011249	0.011249	0.015748	0.017998	0.011249	0.024747	0.008999	0.012373	0.014623	0.022497	0.014623	0.016873	0.006749	0.020247	0.012373	0.007874	0.014623	0.007874	0.042745	0.017998	0.013498	0.007874	0.030371	0.010124	0.013498	0.040495	
0.034871	0.020247	0.015748	0.030371	0.030371	0.022497	0.012373	0.014623	0.025872	0.008999	0.010124	0.022497	0.026997	0.022497	0.022497	0.052868	0.015748	0.012373	0.010124	0.006749	0.008999	0.011249	0.007874	0.006749	0.011249	0.008999	0.006749	0.012373	0.011249	0.008999	0.007874	0.012373	0.026997	0.019123	0.007874	0.039370	0.017998	0.006749	0.014623	0.015748	0.008999	0.013498	0.007874	0.011249	0.010124	0.014623	0.006749	0.022497	0.019123	0.007874	0.015748	0.019123	0.014623	0.012373	0.008999	0.011249	0.021372	0.012373	0.011249	0.013498	0.034871	0.020247	0.016873	0.055118	
0.047244	0.022497	0.012373	0.014623	0.026997	0.010124	0.015748	0.006749	0.011249	0.022497	0.005624	0.010124	0.025872	0.022497	0.015748	0.031496	0.026997	0.017998	0.014623	0.012373	0.017998	0.007874	0.013498	0.013498	0.012373	0.014623	0.008999	0.007874	0.012373	0.010124	0.013498	0.012373	0.024747	0.023622	0.006749	0.012373	0.019123	0.010124	0.010124	0.004499	0.010124	0.014623	0.007874	0.003375	0.019123	0.013498	0.011249	0.015748	0.041620	0.010124	0.014623	0.016873	0.025872	0.011249	0.014623	0.014623	0.030371	0.003375	0.012373	0.007874	0.041620	0.029246	0.025872	0.046119	
0.035996	0.031496	0.006749	0.066367	0.020247	0.010124	0.016873	0.026997	0.011249	0.012373	0.012373	0.012373	0.007874	0.013498	0.004499	0.030371	0.038245	0.019123	0.008999	0.023622	0.011249	0.011249	0.005624	0.011249	0.016873	0.013498	0.010124	0.013498	0.008999	0.004499	0.003375	0.022497	0.011249	0.016873	0.008999	0.026997	0.015748	0.012373	0.006749	0.020247	0.008999	0.008999	0.005624	0.011249	0.006749	0.007874	0.005624	0.008999	0.028121	0.023622	0.013498	0.033746	0.023622	0.011249	0.012373	0.028121	0.021372	0.021372	0.011249	0.012373	0.026997	0.021372	0.017998	0.039370	
0.040495	0.028121	0.019123	0.025872	0.013498	0.024747	0.028121	0.024747	0.006749	0.008999	0.007874	0.014623	0.023622	0.041620	0.028121	0.057368	0.022497	0.026997	0.010124	0.011249	0.007874	0.013498	0.013498	0.010124	0.008999	0.008999	0.012373	0.011249	0.015748	0.031496	0.007874	0.031496	0.007874	0.020247	0.013498	0.016873	0.010124	0.016873	0.012373	0.016873	0.008999	0.011249	0.011249	0.007874	0.004499	0.008999	0.013498	0.022497	0.016873	0.012373	0.010124	0.011249	0.014623	0.008999	0.007874	0.015748	0.012373	0.007874	0.005624	0.005624	0.014623	0.031496	0.008999	0.046119	
0.068616	0.001125	0.007874	0.010124	0.069741	0.001125	0.013498	0.003375	0.041620	0.001125	0.003375	0.006749	0.043870	0.001125	0.008999	0.011249	0.037120	0.001125	0.004499	0.003375	0.050619	0.001125	0.005624	0.006749	0.048369	0.001125	0.008999	0.003375	0.039370	0.001125	0.008999	0.017998	0.025872	0.001125	0.004499	0.005624	0.025872	0.001125	0.005624	0.004499	0.030371	0.001125	0.003375	0.002250	0.030371	0.001125	0.003375	0.004499	0.050619	0.001125	0.004499	0.002250	0.086614	0.001125	0.021372	0.004499	0.052868	0.001125	0.002250	0.002250	0.122610	0.001125	0.011249	0.022497	
0.001125	0.001125	0.001125	0.178853	0.001125	0.001125	0.001125	0.001125	0.001125	0.001125	0.001125	0.017998	0.001125	0.001125	0.001125	0.017998	0.001125	0.001125	0.001125	0.229471	0.001125	0.001125	0.001125	0.001125	0.001125	0.001125	0.001125	0.042745	0.001125	0.001125	0.001125	0.015748	0.001125	0.001125	0.001125	0.169854	0.001125	0.001125	0.001125	0.001125	0.001125	0.001125	0.001125	0.014623	0.001125	0.001125	0.001125	0.011249	0.001125	0.001125	0.001125	0.232846	0.001125	0.001125	0.001125	0.001125	0.001125	0.001125	0.001125	0.029246	0.001125	0.001125	0.001125	0.052868	
0.001125	0.001125	0.001125	0.001125	0.001125	0.001125	0.001125	0.001125	0.001125	0.001125	0.001125	0.001125	0.001125	0.001125	0.807649	0.001125	0.001125	0.001125	0.001125	0.001125	0.001125	0.001125	0.001125	0.001125	0.001125	0.001125	0.001125	0.001125	0.001125	0.001125	0.001125	0.001125	0.001125	0.001125	0.001125	0.001125	0.001125	0.001125	0.001125	0.001125	0.001125	0.001125	0.001125	0.001125	0.001125	0.001125	0.101237	0.001125	0.001125	0.001125	0.001125	0.001125	0.001125	0.001125	0.001125	0.001125	0.001125	0.001125	0.001125	0.001125	0.001125	0.001125	0.094488	0.001125	
0.001125	0.001125	0.001125	0.001125	0.001125	0.001125	0.001125	0.001125	0.001125	0.001125	0.001125	0.001125	0.001125	0.001125	0.001125	0.001125	0.001125	0.001125	0.001125	0.001125	0.001125	0.001125	0.001125	0.001125	0.001125	0.001125	0.001125	0.001125	0.001125	0.001125	0.001125	0.001125	0.001125	0.001125	0.001125	0.001125	0.001125	0.001125	0.001125	0.001125	0.001125	0.001125	0.001125	0.001125	0.001125	0.001125	0.001125	0.001125	0.001125	0.001125	0.001125	0.001125	0.001125	0.001125	0.001125	0.001125	0.452193	0.165354	0.272216	0.114736	0.001125	0.001125	0.001125	0.001125	
0.001125	0.001125	0.001125	0.001125	0.001125	0.001125	0.001125	0.001125	0.001125	0.001125	0.001125	0.001125	0.001125	0.001125	0.001125	0.001125	0.001125	0.001125	0.001125	0.001125	0.001125	0.001125	0.001125	0.001125	0.001125	0.001125	0.001125	0.001125	0.001125	0.001125	0.001125	0.001125	0.209224	0.121485	0.068616	0.056243	0.070866	0.026997	0.042745	0.028121	0.087739	0.127109	0.031496	0.029246	0.012373	0.041620	0.014623	0.049494	0.001125	0.001125	0.001125	0.001125	0.001125	0.001125	0.001125	0.001125	0.001125	0.001125	0.001125	0.001125	0.001125	0.001125	0.001125	0.001125	
0.102362	0.020247	0.047244	0.042745	0.043870	0.022497	0.024747	0.033746	0.012373	0.013498	0.001125	0.044994	0.013498	0.010124	0.015748	0.020247	0.043870	0.004499	0.012373	0.013498	0.017998	0.004499	0.002250	0.005624	0.014623	0.008999	0.012373	0.010124	0.012373	0.005624	0.007874	0.005624	0.042745	0.011249	0.004499	0.032621	0.076490	0.010124	0.011249	0.032621	0.013498	0.004499	0.007874	0.008999	0.008999	0.005624	0.004499	0.013498	0.001125	0.004499	0.001125	0.008999	0.019123	0.006749	0.003375	0.015748	0.001125	0.002250	0.008999	0.005624	0.025872	0.003375	0.006749	0.016873	
0.076490	0.049494	0.037120	0.026997	0.016873	0.004499	0.007874	0.011249	0.040495	0.008999	0.002250	0.013498	0.037120	0.012373	0.017998	0.030371	0.062992	0.023622	0.053993	0.016873	0.020247	0.007874	0.007874	0.007874	0.014623	0.011249	0.007874	0.007874	0.035996	0.011249	0.031496	0.008999	0.021372	0.008999	0.004499	0.006749	0.011249	0.004499	0.007874	0.005624	0.012373	0.006749	0.006749	0.004499	0.025872	0.008999	0.021372	0.013498	0.029246	0.007874	0.015748	0.007874	0.010124	0.003375	0.006749	0.004499	0.017998	0.005624	0.007874	0.003375	0.020247	0.012373	0.013498	0.010124	
0.098988	0.043870	0.007874	0.039370	0.033746	0.016873	0.023622	0.015748	0.055118	0.021372	0.011249	0.023622	0.010124	0.007874	0.010124	0.030371	0.025872	0.017998	0.005624	0.008999	0.008999	0.002250	0.004499	0.004499	0.010124	0.006749	0.004499	0.008999	0.008999	0.004499	0.002250	0.013498	0.047244	0.014623	0.005624	0.017998	0.016873	0.003375	0.006749	0.005624	0.011249	0.005624	0.001125	0.006749	0.010124	0.003375	0.002250	0.013498	0.066367	0.017998	0.011249	0.023622	0.017998	0.005624	0.014623	0.006749	0.051744	0.012373	0.007874	0.012373	0.016873	0.010124	0.007874	0.028121	
0.119235	0.025872	0.048369	0.044994	0.028121	0.028121	0.019123	0.019123	0.004499	0.006749	0.001125	0.017998	0.013498	0.017998	0.021372	0.037120	0.046119	0.007874	0.008999	0.014623	0.013498	0.006749	0.003375	0.004499	0.026997	0.005624	0.005624	0.011249	0.007874	0.005624	0.006749	0.012373	0.057368	0.019123	0.017998	0.033746	0.026997	0.003375	0.006749	0.008999	0.011249	0.003375	0.004499	0.005624	0.015748	0.011249	0.011249	0.013498	0.001125	0.010124	0.001125	0.033746	0.014623	0.007874	0.001125	0.002250	0.001125	0.001125	0.015748	0.004499	0.041620	0.005624	0.008999	0.029246	
0.087739	0.046119	0.049494	0.040495	0.021372	0.006749	0.015748	0.019123	0.033746	0.017998	0.012373	0.012373	0.032621	0.039370	0.019123	0.035996	0.031496	0.013498	0.017998	0.020247	0.023622	0.006749	0.008999	0.006749	0.015748	0.004499	0.005624	0.004499	0.011249	0.004499	0.010124	0.008999	0.022497	0.013498	0.005624	0.002250	0.005624	0.004499	0.002250	0.004499	0.004499	0.008999	0.007874	0.005624	0.015748	0.005624	0.007874	0.010124	0.028121	0.019123	0.019123	0.012373	0.019123	0.005624	0.004499	0.011249	0.020247	0.011249	0.011249	0.005624	0.033746	0.019123	0.028121	0.011249	
0.083240	0.034871	0.008999	0.042745	0.041620	0.022497	0.016873	0.011249	0.041620	0.017998	0.006749	0.025872	0.012373	0.022497	0.007874	0.032621	0.022497	0.020247	0.005624	0.021372	0.012373	0.002250	0.003375	0.005624	0.013498	0.006749	0.004499	0.006749	0.005624	0.006749	0.004499	0.024747	0.023622	0.021372	0.003375	0.025872	0.020247	0.004499	0.010124	0.007874	0.010124	0.012373	0.006749	0.007874	0.005624	0.002250	0.003375	0.016873	0.039370	0.011249	0.014623	0.028121	0.026997	0.012373	0.023622	0.005624	0.021372	0.016873	0.010124	0.016873	0.013498	0.016873	0.008999	0.026997	
0.088864	0.014623	0.024747	0.040495	0.037120	0.014623	0.017998	0.017998	0.008999	0.006749	0.001125	0.015748	0.014623	0.021372	0.025872	0.056243	0.060742	0.013498	0.013498	0.013498	0.023622	0.004499	0.005624	0.007874	0.021372	0.006749	0.011249	0.014623	0.011249	0.004499	0.008999	0.005624	0.044994	0.008999	0.008999	0.023622	0.023622	0.007874	0.011249	0.011249	0.012373	0.003375	0.005624	0.006749	0.008999	0.012373	0.011249	0.024747	0.001125	0.010124	0.001125	0.024747	0.016873	0.006749	0.004499	0.020247	0.001125	0.001125	0.019123	0.003375	0.044994	0.008999	0.014623	0.032621	
0.064117	0.055118	0.049494	0.026997	0.010124	0.005624	0.017998	0.013498	0.020247	0.012373	0.012373	0.003375	0.016873	0.021372	0.032621	0.031496	0.037120	0.021372	0.029246	0.013498	0.013498	0.006749	0.005624	0.007874	0.014623	0.007874	0.008999	0.007874	0.032621	0.004499	0.008999	0.011249	0.020247	0.011249	0.003375	0.008999	0.003375	0.004499	0.006749	0.003375	0.005624	0.015748	0.007874	0.007874	0.012373	0.004499	0.010124	0.013498	0.028121	0.017998	0.020247	0.013498	0.022497	0.005624	0.008999	0.010124	0.026997	0.008999	0.014623	0.010124	0.035996	0.019123	0.037120	0.026997	
0.049494	0.046119	0.007874	0.046119	0.044994	0.015748	0.022497	0.022497	0.039370	0.025872	0.005624	0.031496	0.011249	0.005624	0.004499	0.041620	0.023622	0.010124	0.004499	0.011249	0.005624	0.003375	0.010124	0.003375	0.015748	0.006749	0.002250	0.014623	0.005624	0.005624	0.005624	0.017998	0.019123	0.020247	0.001125	0.026997	0.024747	0.005624	0.010124	0.004499	0.012373	0.007874	0.010124	0.013498	0.008999	0.004499	0.003375	0.012373	0.034871	0.025872	0.007874	0.029246	0.025872	0.005624	0.008999	0.008999	0.043870	0.016873	0.012373	0.015748	0.013498	0.014623	0.007874	0.047244	
0.066367	0.011249	0.022497	0.026997	0.035996	0.026997	0.015748	0.023622	0.006749	0.004499	0.001125	0.008999	0.006749	0.015748	0.015748	0.075366	0.050619	0.007874	0.022497	0.020247	0.012373	0.005624	0.005624	0.006749	0.016873	0.010124	0.003375	0.021372	0.011249	0.006749	0.010124	0.011249	0.051744	0.012373	0.010124	0.037120	0.026997	0.004499	0.008999	0.016873	0.012373	0.003375	0.004499	0.010124	0.021372	0.012373	0.008999	0.032621	0.001125	0.012373	0.001125	0.024747	0.016873	0.002250	0.005624	0.005624	0.001125	0.001125	0.016873	0.002250	0.051744	0.007874	0.016873	0.042745	
0.060742	0.047244	0.037120	0.024747	0.012373	0.008999	0.010124	0.012373	0.013498	0.014623	0.011249	0.016873	0.026997	0.031496	0.024747	0.025872	0.030371	0.025872	0.020247	0.015748	0.017998	0.006749	0.008999	0.005624	0.015748	0.007874	0.011249	0.001125	0.012373	0.004499	0.014623	0.021372	0.014623	0.007874	0.007874	0.006749	0.006749	0.002250	0.003375	0.006749	0.005624	0.005624	0.003375	0.011249	0.012373	0.008999	0.011249	0.010124	0.038245	0.016873	0.019123	0.016873	0.017998	0.003375	0.011249	0.010124	0.021372	0.007874	0.012373	0.010124	0.035996	0.030371	0.053993	0.041620	
0.052868	0.042745	0.011249	0.037120	0.035996	0.017998	0.022497	0.021372	0.023622	0.026997	0.010124	0.023622	0.007874	0.012373	0.006749	0.037120	0.017998	0.013498	0.006749	0.016873	0.011249	0.002250	0.004499	0.003375	0.005624	0.006749	0.005624	0.015748	0.013498	0.001125	0.004499	0.015748	0.020247	0.010124	0.010124	0.015748	0.016873	0.004499	0.007874	0.006749	0.014623	0.008999	0.006749	0.007874	0.003375	0.006749	0.004499	0.024747	0.034871	0.016873	0.010124	0.025872	0.025872	0.013498	0.019123	0.016873	0.037120	0.021372	0.021372	0.024747	0.019123	0.017998	0.010124	0.051744	
0.049494	0.016873	0.034871	0.024747	0.012373	0.029246	0.024747	0.016873	0.004499	0.012373	0.004499	0.016873	0.010124	0.021372	0.013498	0.050619	0.035996	0.010124	0.023622	0.020247	0.020247	0.005624	0.006749	0.005624	0.016873	0.010124	0.012373	0.014623	0.010124	0.008999	0.011249	0.017998	0.031496	0.011249	0.010124	0.028121	0.028121	0.007874	0.007874	0.020247	0.014623	0.008999	0.007874	0.012373	0.016873	0.014623	0.011249	0.029246	0.001125	0.007874	0.001125	0.033746	0.016873	0.008999	0.004499	0.007874	0.001125	0.003375	0.017998	0.003375	0.066367	0.010124	0.022497	0.030371	
0.029246	0.023622	0.034871	0.030371	0.011249	0.006749	0.015748	0.012373	0.017998	0.014623	0.024747	0.012373	0.030371	0.021372	0.021372	0.033746	0.022497	0.017998	0.029246	0.007874	0.020247	0.008999	0.013498	0.008999	0.017998	0.011249	0.012373	0.002250	0.017998	0.002250	0.021372	0.008999	0.011249	0.004499	0.010124	0.011249	0.007874	0.011249	0.007874	0.007874	0.011249	0.008999	0.012373	0.010124	0.012373	0.012373	0.007874	0.014623	0.033746	0.020247	0.023622	0.025872	0.013498	0.005624	0.021372	0.014623	0.023622	0.008999	0.014623	0.011249	0.026997	0.025872	0.044994	0.030371	
0.029246	0.033746	0.006749	0.026997	0.012373	0.014623	0.023622	0.015748	0.024747	0.026997	0.008999	0.037120	0.013498	0.019123	0.008999	0.033746	0.015748	0.011249	0.006749	0.019123	0.011249	0.007874	0.010124	0.003375	0.020247	0.008999	0.008999	0.020247	0.011249	0.004499	0.005624	0.022497	0.016873	0.014623	0.007874	0.031496	0.019123	0.006749	0.012373	0.005624	0.015748	0.013498	0.013498	0.021372	0.006749	0.007874	0.006749	0.014623	0.025872	0.012373	0.011249	0.038245	0.016873	0.008999	0.019123	0.016873	0.041620	0.021372	0.015748	0.016873	0.007874	0.011249	0.013498	0.055118	
0.033746	0.005624	0.023622	0.024747	0.020247	0.017998	0.017998	0.015748	0.005624	0.008999	0.001125	0.016873	0.007874	0.016873	0.017998	0.073116	0.019123	0.012373	0.015748	0.012373	0.020247	0.007874	0.005624	0.004499	0.020247	0.017998	0.017998	0.008999	0.008999	0.012373	0.008999	0.011249	0.040495	0.016873	0.012373	0.032621	0.031496	0.012373	0.010124	0.016873	0.007874	0.014623	0.008999	0.015748	0.017998	0.024747	0.019123	0.033746	0.001125	0.016873	0.001125	0.020247	0.024747	0.010124	0.002250	0.005624	0.001125	0.002250	0.026997	0.004499	0.053993	0.012373	0.024747	0.034871	
0.029246	0.025872	0.023622	0.015748	0.012373	0.013498	0.016873	0.008999	0.012373	0.015748	0.013498	0.011249	0.021372	0.017998	0.025872	0.024747	0.032621	0.024747	0.023622	0.015748	0.015748	0.005624	0.019123	0.007874	0.011249	0.011249	0.010124	0.003375	0.007874	0.007874	0.014623	0.012373	0.007874	0.014623	0.003375	0.008999	0.007874	0.006749	0.020247	0.008999	0.007874	0.010124	0.021372	0.015748	0.012373	0.008999	0.014623	0.010124	0.029246	0.017998	0.026997	0.014623	0.032621	0.011249	0.010124	0.012373	0.025872	0.012373	0.022497	0.010124	0.038245	0.023622	0.059618	0.031496	
0.031496	0.031496	0.010124	0.025872	0.024747	0.008999	0.024747	0.024747	0.023622	0.024747	0.010124	0.019123	0.005624	0.005624	0.008999	0.034871	0.020247	0.017998	0.010124	0.020247	0.014623	0.007874	0.010124	0.004499	0.022497	0.015748	0.012373	0.015748	0.007874	0.003375	0.007874	0.019123	0.020247	0.016873	0.003375	0.016873	0.014623	0.011249	0.011249	0.012373	0.012373	0.021372	0.007874	0.025872	0.007874	0.005624	0.005624	0.021372	0.021372	0.019123	0.010124	0.029246	0.028121	0.006749	0.015748	0.007874	0.034871	0.025872	0.028121	0.025872	0.020247	0.011249	0.011249	0.035996	
0.040495	0.007874	0.017998	0.026997	0.019123	0.023622	0.028121	0.014623	0.001125	0.007874	0.002250	0.022497	0.001125	0.029246	0.016873	0.044994	0.046119	0.007874	0.019123	0.008999	0.012373	0.010124	0.005624	0.006749	0.010124	0.013498	0.017998	0.020247	0.013498	0.014623	0.008999	0.012373	0.034871	0.011249	0.008999	0.038245	0.022497	0.025872	0.016873	0.022497	0.012373	0.019123	0.008999	0.017998	0.010124	0.029246	0.017998	0.029246	0.001125	0.014623	0.001125	0.024747	0.010124	0.003375	0.004499	0.007874	0.001125	0.001125	0.025872	0.005624	0.041620	0.014623	0.015748	0.039370	
0.038245	0.032621	0.035996	0.015748	0.012373	0.013498	0.010124	0.005624	0.008999	0.013498	0.011249	0.013498	0.017998	0.019123	0.034871	0.026997	0.011249	0.014623	0.026997	0.011249	0.019123	0.015748	0.017998	0.010124	0.011249	0.010124	0.020247	0.013498	0.010124	0.003375	0.020247	0.017998	0.006749	0.006749	0.004499	0.006749	0.006749	0.007874	0.020247	0.006749	0.010124	0.014623	0.017998	0.012373	0.017998	0.012373	0.013498	0.022497	0.023622	0.015748	0.017998	0.008999	0.030371	0.021372	0.017998	0.017998	0.023622	0.012373	0.014623	0.008999	0.032621	0.017998	0.047244	0.028121	
0.026997	0.026997	0.006749	0.019123	0.020247	0.016873	0.014623	0.017998	0.025872	0.028121	0.011249	0.020247	0.004499	0.007874	0.005624	0.024747	0.022497	0.016873	0.011249	0.017998	0.028121	0.006749	0.010124	0.013498	0.015748	0.020247	0.015748	0.014623	0.007874	0.005624	0.005624	0.021372	0.007874	0.016873	0.008999	0.020247	0.020247	0.006749	0.010124	0.013498	0.010124	0.021372	0.013498	0.019123	0.008999	0.008999	0.005624	0.024747	0.025872	0.021372	0.010124	0.021372	0.017998	0.013498	0.010124	0.011249	0.048369	0.019123	0.029246	0.019123	0.012373	0.014623	0.015748	0.052868	
0.028121	0.012373	0.017998	0.024747	0.016873	0.024747	0.024747	0.015748	0.003375	0.007874	0.001125	0.024747	0.004499	0.026997	0.010124	0.037120	0.026997	0.019123	0.021372	0.019123	0.017998	0.011249	0.007874	0.006749	0.011249	0.006749	0.015748	0.011249	0.022497	0.010124	0.013498	0.010124	0.042745	0.015748	0.013498	0.028121	0.021372	0.030371	0.014623	0.022497	0.015748	0.021372	0.016873	0.015748	0.008999	0.026997	0.014623	0.022497	0.001125	0.006749	0.001125	0.024747	0.012373	0.007874	0.005624	0.011249	0.001125	0.002250	0.022497	0.006749	0.061867	0.010124	0.016873	0.034871	
0.023622	0.033746	0.026997	0.014623	0.010124	0.016873	0.015748	0.011249	0.019123	0.015748	0.010124	0.008999	0.022497	0.021372	0.038245	0.014623	0.017998	0.016873	0.019123	0.014623	0.022497	0.011249	0.028121	0.012373	0.012373	0.013498	0.013498	0.013498	0.013498	0.007874	0.022497	0.012373	0.011249	0.006749	0.005624	0.007874	0.010124	0.008999	0.014623	0.004499	0.011249	0.015748	0.015748	0.013498	0.016873	0.011249	0.013498	0.016873	0.037120	0.017998	0.028121	0.014623	0.021372	0.012373	0.025872	0.014623	0.017998	0.006749	0.020247	0.010124	0.014623	0.032621	0.033746	0.023622	
0.028121	0.023622	0.005624	0.032621	0.025872	0.017998	0.013498	0.017998	0.029246	0.021372	0.010124	0.019123	0.006749	0.010124	0.006749	0.028121	0.016873	0.020247	0.008999	0.017998	0.019123	0.004499	0.014623	0.011249	0.024747	0.012373	0.028121	0.019123	0.006749	0.004499	0.004499	0.026997	0.017998	0.015748	0.003375	0.023622	0.016873	0.004499	0.016873	0.013498	0.013498	0.022497	0.007874	0.015748	0.008999	0.005624	0.007874	0.023622	0.029246	0.016873	0.001125	0.020247	0.034871	0.008999	0.015748	0.013498	0.033746	0.031496	0.030371	0.012373	0.012373	0.010124	0.012373	0.032621	
0.025872	0.023622	0.019123	0.023622	0.015748	0.026997	0.019123	0.014623	0.001125	0.004499	0.001125	0.012373	0.006749	0.026997	0.014623	0.046119	0.040495	0.021372	0.019123	0.015748	0.015748	0.008999	0.007874	0.003375	0.012373	0.015748	0.017998	0.014623	0.013498	0.017998	0.013498	0.011249	0.031496	0.021372	0.013498	0.034871	0.026997	0.026997	0.017998	0.015748	0.012373	0.021372	0.015748	0.026997	0.010124	0.014623	0.017998	0.023622	0.001125	0.015748	0.001125	0.016873	0.007874	0.003375	0.010124	0.008999	0.001125	0.003375	0.021372	0.005624	0.042745	0.010124	0.022497	0.035996	
0.024747	0.028121	0.024747	0.021372	0.014623	0.020247	0.032621	0.014623	0.015748	0.007874	0.020247	0.008999	0.024747	0.020247	0.032621	0.013498	0.019123	0.014623	0.020247	0.012373	0.021372	0.012373	0.020247	0.012373	0.016873	0.006749	0.022497	0.008999	0.007874	0.008999	0.012373	0.013498	0.005624	0.008999	0.007874	0.004499	0.012373	0.013498	0.008999	0.010124	0.012373	0.020247	0.014623	0.008999	0.011249	0.016873	0.022497	0.008999	0.023622	0.020247	0.021372	0.007874	0.025872	0.006749	0.021372	0.015748	0.028121	0.013498	0.017998	0.008999	0.024747	0.015748	0.047244	0.029246	
0.021372	0.028121	0.005624	0.017998	0.017998	0.015748	0.021372	0.016873	0.030371	0.016873	0.011249	0.015748	0.006749	0.003375	0.002250	0.033746	0.020247	0.019123	0.010124	0.024747	0.019123	0.004499	0.016873	0.012373	0.019123	0.017998	0.025872	0.020247	0.012373	0.007874	0.007874	0.024747	0.019123	0.015748	0.007874	0.030371	0.013498	0.005624	0.012373	0.016873	0.023622	0.026997	0.013498	0.011249	0.007874	0.004499	0.002250	0.021372	0.026997	0.013498	0.008999	0.019123	0.019123	0.012373	0.014623	0.015748	0.043870	0.026997	0.017998	0.025872	0.007874	0.016873	0.008999	0.031496	
0.028121	0.010124	0.025872	0.023622	0.014623	0.025872	0.020247	0.015748	0.002250	0.010124	0.001125	0.019123	0.008999	0.015748	0.020247	0.047244	0.031496	0.011249	0.015748	0.011249	0.016873	0.008999	0.008999	0.003375	0.008999	0.012373	0.016873	0.026997	0.015748	0.012373	0.019123	0.014623	0.038245	0.015748	0.019123	0.043870	0.026997	0.023622	0.020247	0.017998	0.015748	0.019123	0.012373	0.021372	0.008999	0.016873	0.016873	0.030371	0.001125	0.013498	0.001125	0.019123	0.012373	0.005624	0.005624	0.008999	0.001125	0.003375	0.008999	0.007874	0.040495	0.011249	0.030371	0.029246	
