>NC_010634
0.034180	0.016602	0.016602	0.025391	0.014648	0.013672	0.012695	0.011719	0.013184	0.012695	0.011719	0.016602	0.022461	0.014648	0.014160	0.027832	0.018555	0.012695	0.018066	0.020508	0.015625	0.013184	0.010254	0.011719	0.010254	0.016113	0.010742	0.015625	0.013184	0.007812	0.020996	0.015137	0.019531	0.012207	0.009766	0.017578	0.017090	0.016113	0.012695	0.008301	0.004395	0.011230	0.010742	0.012695	0.017578	0.011230	0.011719	0.018555	0.031250	0.012207	0.008789	0.026367	0.022461	0.010254	0.011719	0.015625	0.027832	0.019043	0.019043	0.016602	0.022949	0.017578	0.017090	0.031738	
0.039062	0.021484	0.010742	0.032227	0.017578	0.014160	0.007324	0.014648	0.013184	0.014648	0.009766	0.015625	0.026367	0.016113	0.016113	0.031250	0.021973	0.012695	0.018555	0.016602	0.014160	0.012207	0.012207	0.014648	0.007812	0.012695	0.010742	0.016113	0.009766	0.011230	0.013184	0.013184	0.015625	0.011719	0.008789	0.019531	0.017090	0.012207	0.014160	0.015625	0.008789	0.016602	0.011719	0.015137	0.013184	0.012695	0.010742	0.024902	0.025391	0.014648	0.009277	0.026855	0.018066	0.013672	0.008789	0.010742	0.019531	0.018066	0.013184	0.013184	0.025391	0.016602	0.012695	0.038574	
0.030273	0.020508	0.017090	0.034180	0.015137	0.015137	0.012207	0.018066	0.013184	0.012207	0.012207	0.009766	0.028809	0.022461	0.012695	0.031250	0.016113	0.014648	0.018555	0.017578	0.015137	0.011230	0.013184	0.012695	0.008301	0.013184	0.014160	0.006836	0.013672	0.010742	0.019043	0.012207	0.015625	0.011230	0.006836	0.015625	0.014160	0.020508	0.012695	0.014648	0.009277	0.010254	0.009766	0.016113	0.015625	0.014160	0.011230	0.019043	0.026855	0.010742	0.011230	0.025879	0.025391	0.007812	0.011719	0.011719	0.016602	0.006836	0.013184	0.016113	0.034180	0.020996	0.017578	0.035156	
0.026367	0.019531	0.013672	0.029297	0.020020	0.012695	0.007812	0.016602	0.011719	0.013672	0.013184	0.015137	0.028320	0.018555	0.016113	0.030273	0.018555	0.018555	0.013184	0.019531	0.020508	0.014648	0.012695	0.006836	0.008789	0.016113	0.011230	0.013672	0.008789	0.013184	0.015137	0.020020	0.017578	0.007812	0.007812	0.014160	0.012207	0.009277	0.011719	0.009277	0.010742	0.013184	0.010254	0.015137	0.010254	0.008301	0.007324	0.022949	0.034180	0.010742	0.015137	0.032227	0.024414	0.014648	0.009766	0.019531	0.023438	0.013184	0.010254	0.013672	0.026367	0.013672	0.016602	0.041016	
0.038086	0.018066	0.012695	0.027832	0.014648	0.016113	0.010742	0.015137	0.012207	0.018555	0.009277	0.009766	0.023926	0.016113	0.015625	0.039551	0.022949	0.016113	0.019043	0.019043	0.015625	0.015625	0.008301	0.011719	0.009277	0.012695	0.009766	0.010254	0.010742	0.012207	0.016113	0.013184	0.016113	0.008789	0.009766	0.020020	0.013672	0.014648	0.013184	0.014648	0.010742	0.009277	0.010254	0.014648	0.013184	0.011719	0.010742	0.021973	0.024414	0.013672	0.008789	0.026855	0.020020	0.007812	0.011230	0.014648	0.016113	0.011230	0.017090	0.010742	0.033691	0.018066	0.021973	0.040527	
0.035156	0.023926	0.010254	0.032227	0.016602	0.015625	0.008301	0.016113	0.012695	0.008301	0.011719	0.017578	0.022949	0.025391	0.015625	0.029785	0.019531	0.013184	0.012207	0.019043	0.020020	0.014160	0.009766	0.010254	0.010254	0.013184	0.010254	0.009766	0.011230	0.012207	0.014648	0.018066	0.009277	0.013184	0.007324	0.018555	0.015137	0.016113	0.009277	0.011230	0.008789	0.013672	0.012207	0.011719	0.011230	0.007324	0.011230	0.015625	0.034668	0.012695	0.013184	0.020996	0.017090	0.008789	0.018555	0.013672	0.023438	0.014648	0.014160	0.012207	0.042969	0.021484	0.015625	0.035156	
0.036621	0.020020	0.013672	0.028320	0.021973	0.013672	0.010742	0.016602	0.012695	0.015137	0.009277	0.005859	0.022461	0.020508	0.017090	0.030762	0.020020	0.017578	0.013184	0.018066	0.015137	0.016113	0.011719	0.011719	0.013184	0.009766	0.009277	0.013672	0.010742	0.012207	0.013184	0.015137	0.020508	0.012207	0.007324	0.015137	0.013184	0.010742	0.009766	0.016113	0.011230	0.015137	0.012695	0.009277	0.015625	0.008789	0.009277	0.017578	0.038086	0.012695	0.013184	0.024414	0.024902	0.015625	0.012695	0.013184	0.019043	0.011230	0.009277	0.017578	0.033203	0.015137	0.017090	0.033203	
0.037109	0.025391	0.016113	0.036621	0.021484	0.015137	0.008789	0.017090	0.012695	0.011230	0.007812	0.015625	0.022949	0.016602	0.015625	0.030762	0.023438	0.018066	0.017090	0.016602	0.019531	0.017090	0.009277	0.010254	0.009766	0.010742	0.011719	0.012695	0.011230	0.009766	0.015625	0.020996	0.020020	0.008789	0.007324	0.020020	0.012695	0.011719	0.014160	0.012695	0.011230	0.013672	0.004395	0.011230	0.008789	0.009277	0.009277	0.019043	0.037109	0.011230	0.009766	0.023926	0.023926	0.007812	0.005859	0.019043	0.021484	0.014648	0.006348	0.014160	0.028809	0.014160	0.020020	0.033691	
0.040527	0.026367	0.018555	0.032227	0.018066	0.013672	0.012695	0.019043	0.016113	0.014648	0.009277	0.010254	0.030762	0.020508	0.016113	0.029785	0.023926	0.013184	0.022949	0.017578	0.014648	0.008789	0.013184	0.015137	0.008301	0.012695	0.008789	0.008301	0.013184	0.013184	0.016602	0.016113	0.018066	0.009766	0.007324	0.020020	0.009766	0.014160	0.011719	0.014648	0.003906	0.009277	0.004883	0.012207	0.014648	0.009766	0.010254	0.019043	0.029297	0.011230	0.010254	0.020996	0.016113	0.012695	0.008301	0.012695	0.016113	0.010742	0.015625	0.018066	0.036133	0.014160	0.020020	0.034180	
0.039062	0.026855	0.017090	0.028809	0.017090	0.018066	0.008301	0.017090	0.022461	0.015625	0.007812	0.013184	0.026367	0.017090	0.014648	0.032715	0.019531	0.010254	0.012695	0.016113	0.015137	0.015137	0.010742	0.008301	0.010254	0.010254	0.011719	0.013672	0.017578	0.008301	0.017578	0.018066	0.018066	0.008301	0.003906	0.014160	0.014160	0.011719	0.011230	0.010254	0.006348	0.013672	0.005859	0.012695	0.011230	0.010254	0.007812	0.019531	0.039551	0.016602	0.013672	0.024902	0.025391	0.006836	0.008789	0.016602	0.023926	0.018066	0.012695	0.008301	0.034668	0.020996	0.012207	0.031250	
0.040039	0.025391	0.016113	0.034668	0.021973	0.009277	0.011230	0.019531	0.013184	0.013672	0.009766	0.010742	0.032715	0.014648	0.012207	0.024414	0.020508	0.013672	0.019531	0.018066	0.014160	0.011719	0.011719	0.014160	0.007324	0.015625	0.006348	0.009766	0.010254	0.007324	0.018555	0.016113	0.022461	0.012207	0.009766	0.018555	0.018555	0.016113	0.011230	0.011719	0.007812	0.012207	0.007812	0.010254	0.010742	0.007324	0.008789	0.020996	0.037109	0.015625	0.010254	0.026855	0.024902	0.008301	0.005371	0.018066	0.026855	0.006836	0.010254	0.008301	0.028320	0.016113	0.019043	0.038086	
0.043945	0.025879	0.019531	0.030762	0.019531	0.016113	0.012695	0.018555	0.019043	0.011230	0.012207	0.013184	0.034668	0.017090	0.019531	0.026855	0.033203	0.009766	0.017578	0.019043	0.014160	0.008301	0.007324	0.015625	0.010254	0.009766	0.008301	0.011230	0.020020	0.009277	0.019043	0.015137	0.014160	0.011719	0.009766	0.019531	0.014160	0.010254	0.016113	0.007812	0.006348	0.007324	0.007812	0.012695	0.014648	0.004395	0.009277	0.010742	0.029297	0.011719	0.010742	0.030273	0.016602	0.007812	0.009277	0.011719	0.019531	0.014160	0.010742	0.014160	0.035645	0.016113	0.013672	0.034180	
0.040527	0.023926	0.020020	0.036133	0.019531	0.009766	0.011719	0.018066	0.017578	0.014160	0.015625	0.010254	0.032227	0.018555	0.010742	0.038086	0.016113	0.016113	0.015137	0.017090	0.011719	0.012207	0.009277	0.009277	0.018555	0.008301	0.009766	0.008789	0.016113	0.010254	0.014160	0.013184	0.021973	0.008789	0.007812	0.016602	0.016602	0.008789	0.008301	0.008789	0.010742	0.012207	0.007324	0.008789	0.012695	0.009277	0.009766	0.019531	0.055664	0.013672	0.011230	0.024414	0.017578	0.007324	0.008301	0.013672	0.020508	0.013184	0.013672	0.014160	0.025879	0.013184	0.015625	0.032227	
0.047852	0.022461	0.026367	0.037598	0.021973	0.011719	0.016113	0.012695	0.015625	0.012207	0.015137	0.011230	0.031250	0.011719	0.018066	0.033203	0.024414	0.011230	0.014648	0.015137	0.011230	0.009277	0.007812	0.009766	0.010254	0.008789	0.008789	0.009766	0.011719	0.008301	0.015137	0.014648	0.021484	0.011230	0.011230	0.023438	0.015625	0.011719	0.011230	0.009277	0.012207	0.012207	0.010742	0.011230	0.011719	0.004883	0.011230	0.014160	0.035156	0.013184	0.011230	0.027344	0.022949	0.005859	0.008301	0.014160	0.020508	0.008789	0.011230	0.009766	0.029785	0.013184	0.020996	0.039062	
0.046387	0.022461	0.029785	0.030273	0.025879	0.008789	0.010742	0.012695	0.017090	0.009277	0.023926	0.013184	0.040039	0.014648	0.021484	0.027344	0.024414	0.011230	0.022461	0.013672	0.016602	0.006348	0.008789	0.006836	0.012695	0.006836	0.014648	0.009277	0.014160	0.005371	0.017578	0.008789	0.018555	0.007324	0.015625	0.017090	0.015625	0.009277	0.008301	0.008789	0.017578	0.004883	0.013672	0.009766	0.012207	0.004883	0.009277	0.015625	0.042969	0.011719	0.008301	0.021484	0.015137	0.006836	0.006348	0.009766	0.025879	0.010742	0.019043	0.009766	0.039551	0.015137	0.018555	0.027832	
0.043457	0.024414	0.034180	0.030273	0.020996	0.006836	0.010742	0.014160	0.024414	0.013672	0.026367	0.011719	0.027832	0.013184	0.019043	0.022461	0.025391	0.010742	0.024414	0.012695	0.010742	0.005859	0.007324	0.007324	0.012207	0.006836	0.011230	0.003906	0.011230	0.005371	0.014160	0.007324	0.021484	0.008789	0.025879	0.017090	0.010742	0.005371	0.010254	0.005371	0.032715	0.008789	0.013672	0.016113	0.011230	0.005859	0.012207	0.012695	0.046387	0.015625	0.020020	0.023926	0.017578	0.007812	0.006348	0.008301	0.024414	0.007324	0.023438	0.011719	0.026855	0.010254	0.015137	0.027344	
0.049805	0.015137	0.044434	0.027344	0.026855	0.005371	0.015625	0.011719	0.025879	0.014160	0.049805	0.014648	0.027344	0.011230	0.021973	0.023438	0.018555	0.006836	0.024414	0.010254	0.006348	0.005371	0.007812	0.006348	0.011230	0.005859	0.012207	0.005371	0.008789	0.003418	0.015625	0.007324	0.019531	0.009277	0.047363	0.017578	0.014160	0.004883	0.012695	0.004883	0.033691	0.010254	0.020020	0.010742	0.014160	0.004883	0.012695	0.011719	0.040527	0.007812	0.016113	0.012695	0.013184	0.003418	0.008789	0.009277	0.020020	0.004883	0.025879	0.009766	0.020996	0.009277	0.018555	0.020996	
0.043457	0.014648	0.058105	0.012207	0.014160	0.003418	0.014160	0.007324	0.035645	0.009277	0.074707	0.012695	0.020996	0.008301	0.025879	0.012695	0.017090	0.006348	0.030273	0.006836	0.005859	0.002930	0.005859	0.004395	0.016113	0.004395	0.021973	0.002441	0.005859	0.007812	0.012695	0.005859	0.019043	0.006836	0.052734	0.012207	0.013672	0.003418	0.012207	0.005859	0.059082	0.008301	0.028320	0.012207	0.013672	0.002930	0.015625	0.008301	0.031250	0.008301	0.019531	0.012207	0.014648	0.003418	0.004883	0.005859	0.026855	0.007324	0.028320	0.006348	0.022949	0.008301	0.019531	0.012695	
0.033203	0.007324	0.060059	0.010254	0.016113	0.003418	0.012207	0.004395	0.040527	0.006836	0.101074	0.012207	0.016113	0.005371	0.014648	0.007324	0.013672	0.002930	0.024902	0.006836	0.006348	0.002441	0.002441	0.001953	0.009277	0.002441	0.021484	0.003906	0.005859	0.002930	0.011230	0.003418	0.030273	0.005859	0.080078	0.021484	0.007812	0.004883	0.008789	0.007812	0.089355	0.006836	0.036621	0.020508	0.012207	0.005371	0.009766	0.006348	0.032227	0.005859	0.020508	0.004883	0.013672	0.003418	0.006348	0.003906	0.028809	0.004883	0.032715	0.007324	0.011719	0.002930	0.015625	0.009277	
0.017090	0.011719	0.065918	0.014648	0.008789	0.002930	0.007324	0.002930	0.039062	0.012695	0.116699	0.017090	0.011719	0.004395	0.016602	0.010742	0.004883	0.001953	0.031250	0.005859	0.002930	0.001465	0.004395	0.005371	0.011719	0.001465	0.015137	0.001465	0.003418	0.001953	0.009277	0.003418	0.037598	0.009277	0.103027	0.018066	0.005859	0.003906	0.006348	0.004883	0.105957	0.015137	0.046387	0.024414	0.014160	0.005371	0.018066	0.006348	0.019531	0.002930	0.016113	0.007324	0.006348	0.002930	0.003906	0.003418	0.011719	0.002930	0.030762	0.005859	0.007324	0.001953	0.008789	0.008301	
0.019531	0.017090	0.022461	0.020020	0.010254	0.003906	0.005371	0.006348	0.050293	0.020996	0.126953	0.018066	0.018066	0.005859	0.008789	0.013184	0.005859	0.002930	0.009277	0.005859	0.002930	0.001465	0.002930	0.003906	0.006348	0.002441	0.010742	0.002441	0.004395	0.000977	0.005371	0.005859	0.038086	0.009766	0.093750	0.026855	0.010254	0.004883	0.009766	0.007324	0.113281	0.019531	0.052734	0.023438	0.016113	0.004883	0.016602	0.011230	0.010742	0.007812	0.009766	0.008301	0.003906	0.001953	0.004395	0.003418	0.019531	0.005371	0.024902	0.002930	0.007812	0.004395	0.009277	0.007324	
0.023438	0.015625	0.016602	0.018555	0.009766	0.007324	0.010254	0.010254	0.041992	0.014648	0.054688	0.023926	0.020020	0.007812	0.010254	0.022949	0.008789	0.004883	0.007324	0.006348	0.003906	0.001953	0.001953	0.004395	0.007812	0.004395	0.003418	0.006836	0.005371	0.003418	0.006348	0.005859	0.047363	0.012695	0.101074	0.028320	0.015137	0.011719	0.010742	0.010742	0.106934	0.019531	0.053711	0.035156	0.014160	0.004395	0.010254	0.018066	0.020996	0.005371	0.011719	0.008301	0.007324	0.000977	0.003418	0.004395	0.014648	0.004883	0.014160	0.006348	0.011230	0.008301	0.003906	0.014160	
0.037109	0.014648	0.018066	0.030762	0.018555	0.003418	0.006348	0.010254	0.048340	0.020508	0.039551	0.028320	0.029785	0.006348	0.009277	0.016113	0.010254	0.008301	0.008789	0.008789	0.006836	0.003418	0.006836	0.004883	0.008789	0.003418	0.004883	0.009277	0.010254	0.005859	0.006836	0.006836	0.054199	0.016113	0.062500	0.038574	0.012695	0.007812	0.012207	0.010742	0.035156	0.016602	0.034180	0.040039	0.021973	0.008789	0.017090	0.024414	0.022949	0.006348	0.006836	0.014648	0.011230	0.004395	0.004883	0.003418	0.010742	0.003906	0.008789	0.007324	0.021484	0.008301	0.010742	0.020508	
0.043945	0.021484	0.020020	0.039062	0.015625	0.008301	0.009766	0.011719	0.027344	0.020020	0.026855	0.021973	0.031738	0.016113	0.014648	0.030273	0.015625	0.010254	0.010254	0.013184	0.005859	0.004883	0.003906	0.004395	0.006836	0.008301	0.009766	0.005371	0.008301	0.004395	0.010742	0.005859	0.040039	0.011719	0.022461	0.028809	0.015625	0.007812	0.006836	0.014160	0.019043	0.018066	0.020020	0.030273	0.026367	0.011719	0.022949	0.023926	0.027832	0.017090	0.010742	0.027832	0.008301	0.006348	0.004883	0.009766	0.016602	0.006348	0.010254	0.010742	0.019531	0.008301	0.011230	0.028809	
0.039062	0.026855	0.019531	0.041992	0.015137	0.015625	0.013672	0.016113	0.018555	0.022461	0.007812	0.014648	0.040039	0.025391	0.011230	0.032227	0.015137	0.007812	0.011719	0.010742	0.010742	0.005371	0.002930	0.008301	0.005859	0.009277	0.003906	0.006348	0.009766	0.005859	0.009766	0.014648	0.025879	0.014160	0.013672	0.016113	0.018066	0.013672	0.006348	0.014648	0.014648	0.019043	0.014648	0.018555	0.019043	0.013184	0.010742	0.025391	0.042480	0.011230	0.012695	0.019531	0.014648	0.007324	0.006348	0.012207	0.027832	0.012207	0.010254	0.009277	0.030273	0.010254	0.017578	0.030762	
0.063965	0.015625	0.020996	0.021973	0.023926	0.008789	0.015625	0.011719	0.020996	0.012695	0.017090	0.006836	0.036621	0.016113	0.017090	0.018555	0.018555	0.014160	0.014648	0.011230	0.019531	0.004395	0.009766	0.008301	0.012695	0.005859	0.005371	0.005371	0.011719	0.006348	0.021484	0.011719	0.032227	0.011719	0.007324	0.015625	0.023926	0.014648	0.013672	0.010742	0.008301	0.011719	0.006836	0.009766	0.017090	0.006348	0.012695	0.012695	0.049805	0.012695	0.014160	0.022461	0.027832	0.009277	0.007324	0.010254	0.018066	0.012207	0.010254	0.008789	0.031738	0.015625	0.020508	0.035156	
0.050293	0.034180	0.018066	0.062012	0.008301	0.016113	0.011230	0.018555	0.012207	0.016113	0.008789	0.020020	0.020020	0.015137	0.007324	0.028809	0.021484	0.020996	0.015625	0.037109	0.007324	0.012695	0.005859	0.011230	0.009766	0.017578	0.003906	0.015137	0.008301	0.007812	0.009277	0.015625	0.018066	0.013184	0.006836	0.021973	0.012207	0.010742	0.005859	0.013672	0.008301	0.010254	0.009766	0.011230	0.009277	0.006836	0.004883	0.009766	0.035645	0.016113	0.013672	0.031738	0.014160	0.007324	0.006348	0.016602	0.020996	0.015625	0.010254	0.024902	0.023438	0.016113	0.008301	0.030273	
0.043457	0.029297	0.018066	0.034668	0.016113	0.022949	0.021973	0.023438	0.018066	0.015625	0.005859	0.014648	0.037598	0.038574	0.009766	0.066895	0.009277	0.010742	0.009766	0.012207	0.013672	0.012207	0.006836	0.014160	0.007812	0.009766	0.006348	0.005371	0.015137	0.008789	0.021973	0.014160	0.012207	0.011230	0.008301	0.019531	0.018555	0.011230	0.005371	0.024414	0.007324	0.007812	0.009766	0.007812	0.013672	0.018066	0.011230	0.028320	0.022949	0.010742	0.006348	0.020996	0.014160	0.010742	0.007324	0.013672	0.007812	0.009277	0.006348	0.006348	0.014160	0.012695	0.013672	0.043945	
0.080078	0.000488	0.003906	0.003418	0.051758	0.000488	0.008789	0.000977	0.037109	0.000488	0.003906	0.000977	0.082520	0.000488	0.002930	0.001465	0.052734	0.000488	0.006836	0.002441	0.049805	0.000488	0.005371	0.001465	0.036621	0.000488	0.002441	0.001953	0.069336	0.000488	0.004883	0.000977	0.031738	0.000488	0.007324	0.001465	0.035156	0.000488	0.005371	0.001465	0.023438	0.000488	0.002441	0.001953	0.029785	0.000488	0.002441	0.001465	0.075195	0.000488	0.002441	0.002441	0.068848	0.000488	0.006348	0.002441	0.054688	0.000488	0.000977	0.000488	0.140137	0.000488	0.007812	0.004883	
0.000488	0.000488	0.000488	0.238281	0.000488	0.000488	0.000488	0.000488	0.000488	0.000488	0.000488	0.019043	0.000488	0.000488	0.000488	0.008301	0.000488	0.000488	0.000488	0.204102	0.000488	0.000488	0.000488	0.000488	0.000488	0.000488	0.000488	0.024414	0.000488	0.000488	0.000488	0.004883	0.000488	0.000488	0.000488	0.150391	0.000488	0.000488	0.000488	0.000488	0.000488	0.000488	0.000488	0.008301	0.000488	0.000488	0.000488	0.003906	0.000488	0.000488	0.000488	0.320312	0.000488	0.000488	0.000488	0.000488	0.000488	0.000488	0.000488	0.016602	0.000488	0.000488	0.000488	0.007324	
0.000488	0.000488	0.000488	0.000488	0.000488	0.000488	0.000488	0.000488	0.000488	0.000488	0.000488	0.000488	0.000488	0.000488	0.911621	0.000488	0.000488	0.000488	0.000488	0.000488	0.000488	0.000488	0.000488	0.000488	0.000488	0.000488	0.000488	0.000488	0.000488	0.000488	0.000488	0.000488	0.000488	0.000488	0.000488	0.000488	0.000488	0.000488	0.000488	0.000488	0.000488	0.000488	0.000488	0.000488	0.000488	0.000488	0.066895	0.000488	0.000488	0.000488	0.000488	0.000488	0.000488	0.000488	0.000488	0.000488	0.000488	0.000488	0.000488	0.000488	0.000488	0.000488	0.022949	0.000488	
0.000488	0.000488	0.000488	0.000488	0.000488	0.000488	0.000488	0.000488	0.000488	0.000488	0.000488	0.000488	0.000488	0.000488	0.000488	0.000488	0.000488	0.000488	0.000488	0.000488	0.000488	0.000488	0.000488	0.000488	0.000488	0.000488	0.000488	0.000488	0.000488	0.000488	0.000488	0.000488	0.000488	0.000488	0.000488	0.000488	0.000488	0.000488	0.000488	0.000488	0.000488	0.000488	0.000488	0.000488	0.000488	0.000488	0.000488	0.000488	0.000488	0.000488	0.000488	0.000488	0.000488	0.000488	0.000488	0.000488	0.466309	0.166992	0.208008	0.160645	0.000488	0.000488	0.000488	0.000488	
0.000488	0.000488	0.000488	0.000488	0.000488	0.000488	0.000488	0.000488	0.000488	0.000488	0.000488	0.000488	0.000488	0.000488	0.000488	0.000488	0.000488	0.000488	0.000488	0.000488	0.000488	0.000488	0.000488	0.000488	0.000488	0.000488	0.000488	0.000488	0.000488	0.000488	0.000488	0.000488	0.208984	0.080078	0.093750	0.084961	0.057617	0.035156	0.040527	0.035156	0.072754	0.082520	0.028809	0.025391	0.020508	0.070801	0.011719	0.059082	0.000488	0.000488	0.000488	0.000488	0.000488	0.000488	0.000488	0.000488	0.000488	0.000488	0.000488	0.000488	0.000488	0.000488	0.000488	0.000488	
0.097656	0.026855	0.032715	0.053223	0.027344	0.020508	0.017578	0.016113	0.011719	0.035645	0.004395	0.043457	0.015625	0.014160	0.022461	0.034180	0.021973	0.007812	0.017578	0.011719	0.014648	0.007812	0.007324	0.006836	0.007812	0.012207	0.006348	0.015625	0.011719	0.005859	0.013184	0.005859	0.025879	0.013184	0.010254	0.024902	0.029785	0.011230	0.019531	0.023438	0.004395	0.009766	0.006348	0.009766	0.006836	0.003418	0.007324	0.009277	0.000488	0.006348	0.000488	0.014648	0.022461	0.011719	0.012695	0.025391	0.000488	0.002930	0.005859	0.003906	0.018555	0.009277	0.013672	0.019043	
0.066406	0.033691	0.022461	0.023438	0.022949	0.011230	0.015137	0.004883	0.019531	0.020508	0.010254	0.010742	0.041992	0.020020	0.023438	0.019043	0.035645	0.019043	0.021973	0.017578	0.023926	0.006836	0.014160	0.006348	0.024902	0.013672	0.010254	0.008301	0.028320	0.009277	0.025879	0.008301	0.011230	0.003418	0.005371	0.004395	0.024902	0.014160	0.013184	0.008301	0.006348	0.007324	0.006348	0.002930	0.028809	0.011719	0.020996	0.011230	0.023438	0.009766	0.014160	0.005371	0.017578	0.003906	0.008301	0.002930	0.030273	0.010742	0.009766	0.005859	0.025391	0.010742	0.019531	0.012695	
0.063477	0.028809	0.017090	0.027344	0.026855	0.009277	0.011719	0.018066	0.028809	0.014160	0.008301	0.012695	0.006836	0.015625	0.005859	0.022461	0.037598	0.018066	0.017578	0.016113	0.015137	0.005859	0.008301	0.006836	0.025391	0.008301	0.006348	0.010742	0.007324	0.004883	0.004395	0.005859	0.038086	0.016602	0.007324	0.019043	0.022949	0.008789	0.008301	0.012207	0.014648	0.008301	0.004395	0.009277	0.003418	0.005859	0.003906	0.014648	0.064453	0.018066	0.010254	0.031738	0.022949	0.008301	0.010254	0.010254	0.045410	0.016113	0.010254	0.018066	0.016602	0.008301	0.005371	0.020996	
0.081055	0.032715	0.036621	0.053223	0.022949	0.014648	0.019043	0.024902	0.017578	0.014160	0.004395	0.016113	0.018066	0.019043	0.019043	0.038086	0.035645	0.011719	0.025391	0.015137	0.011719	0.005859	0.005371	0.009277	0.008301	0.009766	0.004395	0.016113	0.014160	0.006836	0.018066	0.008301	0.040039	0.015137	0.018555	0.040527	0.015137	0.006836	0.012695	0.012207	0.005859	0.006348	0.005371	0.011719	0.015137	0.006348	0.007324	0.021973	0.000488	0.009766	0.000488	0.023438	0.013184	0.003418	0.008789	0.009277	0.000488	0.002441	0.010254	0.006348	0.025391	0.006348	0.011719	0.020508	
0.050293	0.038086	0.032227	0.036621	0.029297	0.013672	0.013184	0.013184	0.029785	0.021484	0.013184	0.016602	0.056152	0.027344	0.022949	0.025879	0.017090	0.015137	0.014648	0.016113	0.011719	0.004395	0.007812	0.006836	0.009277	0.013184	0.008301	0.015137	0.011230	0.012207	0.018066	0.014160	0.007812	0.008789	0.008301	0.007324	0.011719	0.007812	0.006348	0.006836	0.008301	0.006348	0.004883	0.004883	0.020020	0.008301	0.010254	0.011719	0.030273	0.018555	0.004883	0.019043	0.017090	0.005371	0.009766	0.006348	0.021484	0.008301	0.015137	0.011230	0.025391	0.018066	0.023438	0.021973	
0.036621	0.016602	0.012695	0.039551	0.026367	0.014648	0.014160	0.025391	0.022461	0.013672	0.008789	0.015137	0.008301	0.018555	0.006348	0.045898	0.021484	0.007812	0.020508	0.020020	0.008301	0.008789	0.008301	0.005859	0.013184	0.007324	0.003906	0.012695	0.008301	0.006836	0.003418	0.014648	0.028320	0.010742	0.006836	0.022949	0.017090	0.010742	0.005859	0.015625	0.013184	0.007324	0.006348	0.014648	0.006836	0.012207	0.004883	0.023926	0.051270	0.017090	0.010742	0.033691	0.024414	0.012207	0.015625	0.013672	0.034180	0.015625	0.009277	0.015625	0.015137	0.020996	0.007812	0.029785	
0.064453	0.020508	0.015137	0.037598	0.015625	0.014160	0.010254	0.012207	0.014648	0.013184	0.000977	0.021973	0.024414	0.025879	0.017090	0.048828	0.030273	0.011230	0.017090	0.017578	0.017090	0.009277	0.007812	0.012207	0.006348	0.010742	0.006836	0.020020	0.013184	0.012695	0.024414	0.010254	0.036621	0.006836	0.007812	0.031738	0.021973	0.005859	0.007324	0.008789	0.008301	0.004395	0.003906	0.011719	0.017578	0.013184	0.008301	0.019043	0.000488	0.009766	0.000488	0.027832	0.021973	0.012207	0.006836	0.017578	0.000488	0.005371	0.013184	0.003418	0.045410	0.019043	0.019531	0.030273	
0.053223	0.031250	0.020020	0.027344	0.011719	0.011719	0.014648	0.010254	0.013672	0.009277	0.008789	0.008789	0.040527	0.027344	0.025879	0.020996	0.023438	0.016602	0.020996	0.015625	0.010254	0.011719	0.012695	0.006836	0.010254	0.009277	0.005859	0.006836	0.012695	0.012695	0.014160	0.011230	0.012695	0.005371	0.006836	0.004883	0.012207	0.007812	0.006836	0.006836	0.004395	0.009277	0.006348	0.004883	0.021973	0.007812	0.012695	0.014648	0.041504	0.023926	0.015625	0.019531	0.029297	0.009766	0.018555	0.013184	0.027344	0.016113	0.015137	0.010742	0.037109	0.014648	0.030273	0.026367	
0.052246	0.029297	0.011230	0.038086	0.023438	0.018555	0.014160	0.020996	0.024414	0.016113	0.009277	0.013672	0.009277	0.012695	0.006836	0.038574	0.020996	0.016113	0.009277	0.017090	0.010254	0.009766	0.007324	0.013672	0.022949	0.014648	0.005859	0.009277	0.008301	0.008301	0.007324	0.013184	0.018555	0.012695	0.006348	0.018066	0.013672	0.005371	0.011230	0.013672	0.010742	0.009277	0.004883	0.011230	0.002930	0.006348	0.002930	0.019043	0.040527	0.020996	0.013184	0.037598	0.023438	0.007812	0.012695	0.018555	0.034180	0.016113	0.008789	0.023926	0.013672	0.016113	0.006836	0.036621	
0.061035	0.020020	0.019043	0.032227	0.020996	0.020996	0.016113	0.020996	0.008301	0.014648	0.002930	0.014160	0.020996	0.024414	0.016113	0.049316	0.026367	0.010254	0.019043	0.015137	0.011230	0.007812	0.007324	0.015137	0.005859	0.014648	0.005371	0.019531	0.011230	0.011230	0.028320	0.016113	0.031250	0.012695	0.015137	0.033203	0.017578	0.011719	0.011719	0.015137	0.007812	0.006836	0.006348	0.007812	0.010254	0.012207	0.009766	0.025879	0.000488	0.009277	0.000488	0.023926	0.016602	0.010254	0.002930	0.013672	0.000488	0.004395	0.010742	0.008301	0.039551	0.016113	0.017578	0.034180	
0.034668	0.035645	0.028320	0.020508	0.015625	0.016113	0.011719	0.008789	0.017090	0.015137	0.009277	0.012207	0.044922	0.018066	0.023438	0.018066	0.018066	0.015625	0.018066	0.014648	0.015137	0.012207	0.011230	0.012207	0.013184	0.012695	0.006348	0.005859	0.016113	0.016113	0.016602	0.016113	0.008301	0.005371	0.005371	0.003418	0.014160	0.009277	0.011719	0.005371	0.005859	0.010254	0.005371	0.003906	0.016602	0.007324	0.014160	0.011719	0.029785	0.022461	0.012207	0.017578	0.026855	0.012207	0.017578	0.007324	0.031250	0.016602	0.016113	0.007812	0.037598	0.020996	0.030762	0.036133	
0.030762	0.020020	0.011719	0.028320	0.020508	0.014160	0.014160	0.030273	0.024902	0.016113	0.009766	0.013184	0.006836	0.013672	0.003906	0.031738	0.014648	0.015625	0.017578	0.023926	0.010742	0.015137	0.008789	0.015137	0.017090	0.010254	0.009277	0.015625	0.006348	0.006348	0.003906	0.017090	0.017090	0.014648	0.009277	0.026367	0.016113	0.008789	0.009766	0.020020	0.009766	0.009277	0.006836	0.011230	0.004883	0.003906	0.002930	0.018066	0.039551	0.025879	0.009766	0.040039	0.017090	0.012207	0.009766	0.023438	0.029297	0.017578	0.012695	0.025391	0.017578	0.016113	0.009766	0.038574	
0.048340	0.014648	0.014648	0.024414	0.020020	0.022949	0.013672	0.019531	0.009766	0.017090	0.004883	0.016602	0.023438	0.026855	0.019531	0.048828	0.029785	0.006836	0.017090	0.010742	0.013184	0.014648	0.010742	0.011719	0.006348	0.015137	0.005371	0.015625	0.013672	0.014160	0.029785	0.031250	0.029297	0.015625	0.013672	0.022461	0.016602	0.012207	0.008789	0.015625	0.007324	0.008789	0.006836	0.015625	0.018066	0.012207	0.010742	0.024414	0.000488	0.013672	0.000488	0.020996	0.014160	0.008789	0.005859	0.011230	0.000488	0.003906	0.009766	0.006348	0.037109	0.014160	0.018066	0.036133	
0.035156	0.025879	0.027832	0.019043	0.012695	0.014160	0.010254	0.013672	0.016602	0.011719	0.010254	0.007324	0.024414	0.019043	0.017578	0.017578	0.021973	0.012207	0.018066	0.011719	0.017090	0.013672	0.017090	0.010742	0.012207	0.011719	0.010254	0.004883	0.010742	0.017090	0.019043	0.011230	0.006836	0.004883	0.008789	0.003418	0.009766	0.014160	0.013672	0.007324	0.007324	0.009277	0.007324	0.002930	0.016113	0.012695	0.011230	0.014160	0.034180	0.021484	0.016113	0.020508	0.020996	0.010254	0.022461	0.013672	0.025879	0.017090	0.020508	0.014648	0.041992	0.022461	0.041504	0.034668	
0.034180	0.023926	0.011230	0.028809	0.017090	0.006348	0.018555	0.022461	0.018555	0.018555	0.014160	0.019531	0.003418	0.014648	0.003418	0.033203	0.015625	0.014160	0.011719	0.019043	0.016602	0.013672	0.010742	0.011230	0.014648	0.016113	0.013672	0.019043	0.008301	0.010254	0.011719	0.015137	0.018066	0.013672	0.008789	0.021484	0.017090	0.008789	0.008789	0.015137	0.010742	0.017090	0.007812	0.012695	0.004395	0.005371	0.001953	0.018066	0.035645	0.017090	0.005859	0.034668	0.020996	0.009277	0.013184	0.027832	0.032227	0.020020	0.015625	0.021484	0.015137	0.018066	0.010742	0.033691	
0.046875	0.011230	0.018555	0.026855	0.015137	0.020508	0.014160	0.019043	0.007324	0.011230	0.002930	0.016113	0.022461	0.022949	0.020508	0.038086	0.025879	0.012695	0.020020	0.013184	0.009277	0.010254	0.009766	0.008789	0.007812	0.012695	0.007812	0.022949	0.010254	0.012695	0.036621	0.017090	0.027344	0.011719	0.015137	0.021973	0.018555	0.018555	0.016113	0.018555	0.006836	0.015137	0.009277	0.020020	0.019043	0.015137	0.016113	0.022461	0.000488	0.012207	0.000488	0.018066	0.014648	0.011230	0.008301	0.014160	0.000488	0.002441	0.018066	0.006836	0.035156	0.012695	0.018555	0.033691	
0.035156	0.020996	0.025879	0.018555	0.016602	0.011230	0.012695	0.007324	0.015137	0.014648	0.013184	0.011230	0.023438	0.019531	0.019043	0.018066	0.016113	0.012695	0.017578	0.011230	0.012207	0.012695	0.025391	0.010254	0.012695	0.012207	0.013672	0.009766	0.015137	0.013184	0.020020	0.012207	0.008789	0.004395	0.005371	0.003906	0.014160	0.007812	0.014648	0.004883	0.007812	0.014648	0.008789	0.006836	0.018555	0.017578	0.016113	0.013672	0.023438	0.020508	0.021484	0.021484	0.024414	0.015137	0.012207	0.011719	0.024902	0.019531	0.031250	0.016113	0.036621	0.017090	0.037109	0.020508	
0.033203	0.018555	0.008789	0.022949	0.020508	0.011230	0.007812	0.019043	0.021973	0.020996	0.009766	0.017578	0.005859	0.014160	0.005371	0.029785	0.018555	0.013184	0.015137	0.020508	0.010742	0.008789	0.015137	0.012207	0.023926	0.015625	0.011719	0.013672	0.005859	0.012207	0.007324	0.008789	0.019043	0.013672	0.006348	0.021484	0.019531	0.008301	0.010742	0.022461	0.012695	0.025391	0.009766	0.019043	0.002930	0.007812	0.007812	0.025391	0.035156	0.017578	0.007812	0.033203	0.019043	0.014648	0.012207	0.021484	0.032227	0.025879	0.019531	0.014648	0.011230	0.010254	0.008789	0.034180	
0.050293	0.016113	0.016602	0.022949	0.016113	0.017578	0.012695	0.016602	0.004883	0.011719	0.002930	0.018555	0.013672	0.028320	0.016602	0.039551	0.022949	0.010742	0.020020	0.016113	0.012695	0.007812	0.010742	0.011719	0.006348	0.019531	0.004883	0.015137	0.013184	0.013672	0.032227	0.016113	0.029297	0.014648	0.014160	0.032715	0.030273	0.016113	0.018555	0.022949	0.008789	0.016602	0.007812	0.017578	0.014648	0.013672	0.014160	0.022461	0.000488	0.007812	0.000488	0.017090	0.013184	0.014160	0.005371	0.011719	0.000488	0.009277	0.011719	0.007812	0.035156	0.011719	0.018066	0.033203	
0.029785	0.024414	0.031738	0.017090	0.015625	0.014648	0.010254	0.008789	0.014160	0.017090	0.012695	0.007324	0.030273	0.021484	0.019043	0.018066	0.022949	0.016602	0.018555	0.014160	0.015625	0.012207	0.016602	0.011230	0.006836	0.017578	0.013184	0.009766	0.020020	0.013184	0.020020	0.009766	0.006348	0.003906	0.004395	0.005859	0.010742	0.021973	0.014648	0.009766	0.005859	0.011719	0.005371	0.004395	0.015625	0.008789	0.017578	0.017090	0.025879	0.017090	0.018066	0.015625	0.028320	0.011719	0.018555	0.008789	0.025879	0.020020	0.023438	0.011719	0.035645	0.020508	0.035645	0.019531	
0.034668	0.019043	0.010254	0.020996	0.014160	0.012207	0.014648	0.020996	0.022461	0.020020	0.014648	0.015625	0.006348	0.010742	0.004395	0.031250	0.020996	0.017578	0.012207	0.019531	0.015137	0.013672	0.015625	0.016113	0.012695	0.020020	0.014648	0.012695	0.006348	0.006836	0.008301	0.017090	0.017090	0.012695	0.006348	0.016602	0.017578	0.012695	0.010254	0.025879	0.012207	0.019531	0.007324	0.015625	0.002441	0.005859	0.003906	0.020996	0.040039	0.014648	0.007324	0.039551	0.024902	0.007324	0.012207	0.019531	0.029297	0.024902	0.018555	0.019531	0.008301	0.014648	0.009766	0.031738	
0.051758	0.021973	0.013184	0.025879	0.020508	0.019531	0.011230	0.012695	0.002930	0.010742	0.003418	0.019043	0.011719	0.025879	0.021973	0.037109	0.023438	0.010254	0.021973	0.016113	0.009277	0.012207	0.011719	0.012695	0.005371	0.015137	0.013184	0.019043	0.015625	0.015625	0.037109	0.014160	0.027344	0.012207	0.014160	0.022949	0.028809	0.024414	0.014160	0.017090	0.008301	0.021973	0.006348	0.018555	0.013184	0.015137	0.014648	0.020508	0.000488	0.009277	0.000488	0.013184	0.013672	0.006348	0.007812	0.010254	0.000488	0.006836	0.013672	0.005371	0.038574	0.009277	0.022949	0.030273	
0.034668	0.023438	0.025391	0.019531	0.015137	0.015625	0.014160	0.008789	0.010254	0.015137	0.013184	0.011230	0.020996	0.016602	0.027344	0.013184	0.014648	0.015625	0.023438	0.018555	0.019531	0.013184	0.019043	0.010742	0.009277	0.012695	0.013672	0.009277	0.011230	0.012695	0.020020	0.008789	0.003906	0.003418	0.003418	0.006348	0.014648	0.015625	0.015137	0.009277	0.009277	0.011230	0.008789	0.007324	0.015137	0.012695	0.020020	0.014160	0.020508	0.013672	0.027344	0.017578	0.019531	0.009277	0.028809	0.008301	0.025391	0.020996	0.033691	0.016602	0.024902	0.019531	0.038574	0.019043	
0.026367	0.017578	0.008301	0.021484	0.017578	0.009766	0.012207	0.016602	0.023438	0.022461	0.016602	0.017090	0.005859	0.017578	0.007324	0.031250	0.017578	0.014160	0.015625	0.021484	0.014648	0.012207	0.016602	0.010254	0.018555	0.014160	0.027344	0.017090	0.006348	0.011230	0.006836	0.012695	0.014160	0.013672	0.005859	0.020508	0.014160	0.014160	0.010254	0.021484	0.013672	0.021484	0.014160	0.020020	0.006348	0.005371	0.008789	0.023926	0.026367	0.014160	0.006836	0.024902	0.015137	0.012695	0.015625	0.018066	0.031738	0.032227	0.020508	0.021484	0.011719	0.010254	0.007324	0.025879	
0.039062	0.014648	0.011719	0.019043	0.013184	0.020020	0.010742	0.015625	0.006348	0.012207	0.001953	0.016113	0.012207	0.027832	0.013184	0.035156	0.022461	0.005859	0.021484	0.011719	0.011230	0.010742	0.014160	0.012695	0.005859	0.020508	0.006836	0.021484	0.012695	0.009766	0.031738	0.012207	0.025879	0.017090	0.015137	0.029297	0.021973	0.025879	0.022461	0.020020	0.008301	0.029297	0.010742	0.030273	0.015137	0.015625	0.019043	0.025879	0.000488	0.009277	0.000488	0.020020	0.013184	0.010742	0.009277	0.011230	0.000488	0.005859	0.017090	0.006836	0.030762	0.007324	0.025879	0.029785	
0.023926	0.019043	0.030273	0.014648	0.014160	0.011230	0.015625	0.005859	0.010742	0.019531	0.010742	0.007812	0.017578	0.019531	0.021973	0.020996	0.014648	0.014648	0.017090	0.013184	0.017578	0.015137	0.027344	0.007324	0.010254	0.016113	0.021484	0.008789	0.012207	0.012695	0.023438	0.011230	0.005371	0.005859	0.002930	0.006836	0.013184	0.018555	0.022949	0.013184	0.005371	0.013184	0.010742	0.007324	0.021973	0.012207	0.027344	0.013184	0.020996	0.020020	0.013672	0.016113	0.020508	0.009766	0.020020	0.010254	0.026367	0.017090	0.033691	0.012695	0.026855	0.010742	0.042969	0.022461	
0.022949	0.014160	0.006348	0.021484	0.015625	0.013184	0.009766	0.020996	0.017578	0.017090	0.012207	0.017090	0.005859	0.006836	0.007324	0.030762	0.023926	0.012695	0.010742	0.018066	0.018555	0.010254	0.010254	0.015625	0.020996	0.023438	0.022949	0.018555	0.006836	0.006348	0.010742	0.012695	0.017090	0.008301	0.006836	0.020508	0.015625	0.010742	0.015137	0.024414	0.016113	0.026367	0.012207	0.021973	0.003418	0.003906	0.004395	0.024902	0.026855	0.012207	0.004395	0.035156	0.015137	0.010742	0.011230	0.018066	0.038086	0.030762	0.024414	0.022461	0.008789	0.012695	0.007812	0.038574	
0.035156	0.016602	0.014160	0.024902	0.012695	0.014160	0.011719	0.008789	0.003906	0.009766	0.002441	0.012207	0.013672	0.026855	0.019043	0.035645	0.026367	0.006836	0.018555	0.013184	0.010254	0.009277	0.015137	0.010254	0.006836	0.017578	0.008301	0.013672	0.013184	0.014160	0.036133	0.015625	0.035156	0.019531	0.018066	0.020020	0.025391	0.024902	0.021973	0.025391	0.010742	0.027344	0.013184	0.020508	0.014648	0.017090	0.018555	0.029785	0.000488	0.007812	0.000488	0.016113	0.009277	0.005859	0.007324	0.007324	0.000488	0.007812	0.016113	0.005859	0.031250	0.012207	0.023926	0.039551	
