>NC_002950
0.046943	0.015284	0.026201	0.030568	0.019651	0.018559	0.006550	0.008734	0.024017	0.010917	0.013100	0.021834	0.027293	0.027293	0.014192	0.021834	0.025109	0.015284	0.008734	0.017467	0.014192	0.014192	0.008734	0.012009	0.008734	0.013100	0.014192	0.010917	0.008734	0.016376	0.006550	0.025109	0.030568	0.016376	0.017467	0.019651	0.013100	0.014192	0.009825	0.008734	0.020742	0.008734	0.009825	0.005459	0.015284	0.010917	0.009825	0.008734	0.027293	0.015284	0.013100	0.037118	0.017467	0.012009	0.017467	0.016376	0.016376	0.017467	0.006550	0.013100	0.017467	0.016376	0.012009	0.042576	
0.049127	0.030568	0.018559	0.031659	0.024017	0.009825	0.010917	0.017467	0.021834	0.015284	0.013100	0.015284	0.031659	0.031659	0.017467	0.024017	0.021834	0.012009	0.012009	0.018559	0.014192	0.006550	0.022926	0.015284	0.013100	0.005459	0.010917	0.013100	0.004367	0.016376	0.008734	0.016376	0.022926	0.009825	0.016376	0.020742	0.016376	0.013100	0.006550	0.014192	0.015284	0.010917	0.007642	0.009825	0.019651	0.014192	0.003275	0.014192	0.019651	0.016376	0.008734	0.024017	0.028384	0.009825	0.012009	0.020742	0.009825	0.014192	0.006550	0.012009	0.018559	0.022926	0.019651	0.037118	
0.037118	0.020742	0.025109	0.030568	0.025109	0.010917	0.015284	0.017467	0.018559	0.014192	0.010917	0.012009	0.030568	0.019651	0.010917	0.033843	0.033843	0.017467	0.008734	0.022926	0.007642	0.010917	0.012009	0.008734	0.014192	0.006550	0.019651	0.012009	0.017467	0.015284	0.012009	0.022926	0.022926	0.014192	0.007642	0.015284	0.017467	0.007642	0.003275	0.017467	0.010917	0.010917	0.007642	0.008734	0.017467	0.006550	0.010917	0.015284	0.020742	0.009825	0.013100	0.030568	0.025109	0.018559	0.015284	0.026201	0.010917	0.010917	0.008734	0.018559	0.015284	0.018559	0.021834	0.036026	
0.041485	0.017467	0.020742	0.034934	0.018559	0.015284	0.008734	0.019651	0.027293	0.005459	0.009825	0.012009	0.030568	0.024017	0.014192	0.030568	0.024017	0.010917	0.013100	0.027293	0.015284	0.008734	0.012009	0.012009	0.018559	0.008734	0.008734	0.009825	0.015284	0.016376	0.010917	0.027293	0.018559	0.007642	0.007642	0.020742	0.009825	0.013100	0.005459	0.014192	0.015284	0.007642	0.008734	0.015284	0.018559	0.007642	0.006550	0.018559	0.026201	0.010917	0.014192	0.029476	0.021834	0.014192	0.013100	0.010917	0.015284	0.014192	0.012009	0.014192	0.022926	0.015284	0.018559	0.051310	
0.039301	0.020742	0.015284	0.034934	0.014192	0.008734	0.008734	0.015284	0.022926	0.010917	0.015284	0.006550	0.033843	0.024017	0.015284	0.039301	0.022926	0.012009	0.014192	0.016376	0.013100	0.009825	0.012009	0.016376	0.009825	0.004367	0.013100	0.012009	0.017467	0.014192	0.008734	0.016376	0.030568	0.007642	0.009825	0.028384	0.014192	0.009825	0.004367	0.007642	0.019651	0.009825	0.005459	0.004367	0.018559	0.009825	0.010917	0.012009	0.029476	0.024017	0.012009	0.021834	0.019651	0.014192	0.012009	0.017467	0.015284	0.010917	0.008734	0.015284	0.033843	0.026201	0.026201	0.041485	
0.045852	0.028384	0.014192	0.033843	0.030568	0.007642	0.008734	0.017467	0.019651	0.009825	0.010917	0.010917	0.036026	0.029476	0.015284	0.020742	0.028384	0.007642	0.007642	0.017467	0.013100	0.006550	0.008734	0.014192	0.015284	0.004367	0.006550	0.010917	0.016376	0.014192	0.009825	0.016376	0.024017	0.010917	0.017467	0.015284	0.012009	0.006550	0.005459	0.012009	0.012009	0.009825	0.010917	0.009825	0.012009	0.003275	0.008734	0.014192	0.052402	0.017467	0.007642	0.026201	0.022926	0.017467	0.019651	0.014192	0.010917	0.018559	0.013100	0.018559	0.031659	0.025109	0.016376	0.036026	
0.053493	0.030568	0.028384	0.038210	0.026201	0.018559	0.009825	0.009825	0.017467	0.008734	0.013100	0.007642	0.029476	0.017467	0.012009	0.033843	0.028384	0.013100	0.013100	0.024017	0.013100	0.006550	0.012009	0.006550	0.014192	0.005459	0.007642	0.015284	0.013100	0.016376	0.008734	0.019651	0.024017	0.012009	0.012009	0.009825	0.014192	0.007642	0.007642	0.013100	0.015284	0.008734	0.010917	0.006550	0.014192	0.012009	0.007642	0.016376	0.040393	0.021834	0.014192	0.019651	0.029476	0.019651	0.008734	0.014192	0.015284	0.010917	0.013100	0.010917	0.014192	0.021834	0.012009	0.039301	
0.054585	0.030568	0.025109	0.036026	0.028384	0.012009	0.017467	0.019651	0.025109	0.017467	0.012009	0.013100	0.037118	0.024017	0.009825	0.020742	0.031659	0.013100	0.014192	0.024017	0.013100	0.016376	0.010917	0.012009	0.015284	0.004367	0.005459	0.013100	0.008734	0.012009	0.008734	0.014192	0.030568	0.008734	0.008734	0.014192	0.010917	0.009825	0.003275	0.009825	0.008734	0.010917	0.008734	0.016376	0.014192	0.008734	0.006550	0.010917	0.025109	0.013100	0.009825	0.022926	0.016376	0.013100	0.010917	0.027293	0.008734	0.009825	0.012009	0.009825	0.024017	0.026201	0.020742	0.038210	
0.063319	0.029476	0.015284	0.033843	0.025109	0.013100	0.008734	0.018559	0.024017	0.013100	0.007642	0.013100	0.033843	0.031659	0.008734	0.022926	0.027293	0.021834	0.007642	0.012009	0.010917	0.017467	0.009825	0.013100	0.020742	0.007642	0.009825	0.004367	0.015284	0.014192	0.017467	0.021834	0.026201	0.010917	0.010917	0.009825	0.018559	0.009825	0.006550	0.007642	0.013100	0.007642	0.007642	0.009825	0.019651	0.013100	0.010917	0.008734	0.036026	0.021834	0.012009	0.014192	0.029476	0.017467	0.006550	0.017467	0.014192	0.017467	0.004367	0.009825	0.025109	0.020742	0.012009	0.026201	
0.056769	0.033843	0.022926	0.039301	0.033843	0.014192	0.014192	0.021834	0.014192	0.012009	0.010917	0.008734	0.029476	0.016376	0.004367	0.019651	0.034934	0.016376	0.009825	0.022926	0.018559	0.018559	0.008734	0.012009	0.017467	0.005459	0.006550	0.002183	0.014192	0.017467	0.006550	0.018559	0.034934	0.008734	0.010917	0.017467	0.018559	0.007642	0.007642	0.012009	0.008734	0.007642	0.008734	0.004367	0.012009	0.007642	0.005459	0.012009	0.045852	0.012009	0.012009	0.024017	0.034934	0.015284	0.014192	0.015284	0.017467	0.008734	0.004367	0.018559	0.021834	0.014192	0.008734	0.034934	
0.065502	0.037118	0.027293	0.042576	0.027293	0.020742	0.009825	0.013100	0.020742	0.014192	0.007642	0.013100	0.041485	0.027293	0.010917	0.024017	0.041485	0.017467	0.018559	0.028384	0.018559	0.009825	0.007642	0.019651	0.012009	0.006550	0.018559	0.007642	0.013100	0.014192	0.015284	0.018559	0.027293	0.010917	0.009825	0.009825	0.012009	0.008734	0.005459	0.007642	0.005459	0.008734	0.009825	0.006550	0.012009	0.005459	0.008734	0.007642	0.038210	0.012009	0.008734	0.018559	0.021834	0.010917	0.007642	0.015284	0.010917	0.005459	0.004367	0.004367	0.013100	0.019651	0.015284	0.037118	
0.068777	0.028384	0.033843	0.041485	0.037118	0.010917	0.010917	0.018559	0.028384	0.016376	0.006550	0.013100	0.034934	0.018559	0.010917	0.034934	0.037118	0.014192	0.012009	0.016376	0.010917	0.008734	0.013100	0.017467	0.004367	0.008734	0.007642	0.009825	0.017467	0.014192	0.013100	0.010917	0.024017	0.008734	0.005459	0.010917	0.013100	0.005459	0.004367	0.012009	0.018559	0.008734	0.005459	0.007642	0.009825	0.007642	0.003275	0.010917	0.032751	0.017467	0.010917	0.018559	0.029476	0.013100	0.005459	0.018559	0.017467	0.013100	0.009825	0.009825	0.028384	0.019651	0.008734	0.030568	
0.070961	0.024017	0.022926	0.044760	0.021834	0.008734	0.016376	0.021834	0.022926	0.016376	0.012009	0.010917	0.033843	0.017467	0.006550	0.029476	0.040393	0.018559	0.018559	0.013100	0.010917	0.008734	0.009825	0.008734	0.012009	0.007642	0.007642	0.006550	0.015284	0.016376	0.007642	0.027293	0.029476	0.010917	0.012009	0.016376	0.021834	0.005459	0.005459	0.014192	0.008734	0.012009	0.004367	0.004367	0.014192	0.007642	0.006550	0.012009	0.043668	0.018559	0.007642	0.020742	0.019651	0.022926	0.007642	0.009825	0.013100	0.009825	0.001092	0.012009	0.026201	0.020742	0.013100	0.027293	
0.073144	0.021834	0.041485	0.048035	0.022926	0.013100	0.013100	0.022926	0.032751	0.013100	0.006550	0.008734	0.038210	0.018559	0.010917	0.027293	0.037118	0.006550	0.007642	0.022926	0.008734	0.009825	0.010917	0.016376	0.020742	0.007642	0.007642	0.003275	0.017467	0.010917	0.008734	0.017467	0.021834	0.007642	0.015284	0.012009	0.014192	0.014192	0.002183	0.015284	0.008734	0.003275	0.007642	0.005459	0.010917	0.005459	0.005459	0.012009	0.040393	0.007642	0.016376	0.025109	0.017467	0.010917	0.015284	0.018559	0.010917	0.009825	0.006550	0.006550	0.041485	0.016376	0.010917	0.027293	
0.073144	0.031659	0.025109	0.042576	0.015284	0.007642	0.008734	0.012009	0.039301	0.018559	0.013100	0.009825	0.054585	0.025109	0.004367	0.024017	0.037118	0.005459	0.005459	0.015284	0.018559	0.012009	0.010917	0.006550	0.015284	0.006550	0.009825	0.009825	0.022926	0.027293	0.009825	0.013100	0.028384	0.016376	0.010917	0.017467	0.015284	0.005459	0.003275	0.009825	0.010917	0.004367	0.007642	0.005459	0.010917	0.003275	0.005459	0.004367	0.048035	0.015284	0.009825	0.034934	0.021834	0.017467	0.003275	0.008734	0.014192	0.008734	0.006550	0.006550	0.033843	0.017467	0.010917	0.021834	
0.092795	0.040393	0.027293	0.026201	0.031659	0.010917	0.014192	0.012009	0.022926	0.009825	0.007642	0.010917	0.051310	0.021834	0.012009	0.025109	0.032751	0.010917	0.007642	0.019651	0.009825	0.007642	0.008734	0.016376	0.012009	0.002183	0.004367	0.007642	0.012009	0.008734	0.007642	0.008734	0.039301	0.008734	0.014192	0.017467	0.013100	0.007642	0.006550	0.010917	0.009825	0.007642	0.010917	0.008734	0.014192	0.002183	0.007642	0.007642	0.064410	0.017467	0.014192	0.026201	0.026201	0.018559	0.008734	0.019651	0.012009	0.003275	0.005459	0.009825	0.026201	0.010917	0.006550	0.019651	
0.094978	0.051310	0.040393	0.042576	0.029476	0.014192	0.018559	0.015284	0.028384	0.013100	0.013100	0.008734	0.042576	0.016376	0.009825	0.020742	0.033843	0.013100	0.012009	0.021834	0.007642	0.008734	0.010917	0.017467	0.017467	0.008734	0.007642	0.004367	0.015284	0.014192	0.009825	0.019651	0.020742	0.007642	0.012009	0.016376	0.007642	0.003275	0.006550	0.005459	0.012009	0.008734	0.005459	0.002183	0.010917	0.010917	0.006550	0.008734	0.045852	0.014192	0.013100	0.030568	0.012009	0.010917	0.007642	0.013100	0.013100	0.007642	0.004367	0.008734	0.017467	0.010917	0.012009	0.020742	
0.082969	0.034934	0.038210	0.039301	0.041485	0.013100	0.013100	0.018559	0.031659	0.016376	0.016376	0.013100	0.046943	0.029476	0.012009	0.022926	0.030568	0.005459	0.010917	0.009825	0.005459	0.007642	0.014192	0.009825	0.018559	0.006550	0.006550	0.012009	0.008734	0.017467	0.008734	0.016376	0.030568	0.008734	0.015284	0.016376	0.008734	0.012009	0.006550	0.010917	0.013100	0.005459	0.005459	0.006550	0.016376	0.003275	0.002183	0.002183	0.038210	0.015284	0.016376	0.016376	0.016376	0.010917	0.008734	0.016376	0.016376	0.008734	0.005459	0.007642	0.013100	0.026201	0.009825	0.020742	
0.072052	0.034934	0.031659	0.043668	0.022926	0.009825	0.018559	0.013100	0.036026	0.010917	0.024017	0.009825	0.032751	0.018559	0.007642	0.022926	0.032751	0.008734	0.017467	0.013100	0.009825	0.007642	0.012009	0.014192	0.021834	0.006550	0.005459	0.008734	0.016376	0.012009	0.007642	0.019651	0.028384	0.009825	0.024017	0.017467	0.009825	0.008734	0.006550	0.012009	0.018559	0.007642	0.003275	0.004367	0.015284	0.008734	0.005459	0.009825	0.036026	0.017467	0.009825	0.021834	0.019651	0.016376	0.015284	0.025109	0.008734	0.005459	0.005459	0.013100	0.009825	0.009825	0.010917	0.031659	
0.053493	0.034934	0.039301	0.041485	0.026201	0.013100	0.015284	0.016376	0.036026	0.015284	0.019651	0.012009	0.032751	0.025109	0.010917	0.027293	0.025109	0.010917	0.009825	0.016376	0.010917	0.013100	0.008734	0.009825	0.021834	0.007642	0.010917	0.012009	0.013100	0.015284	0.015284	0.020742	0.033843	0.017467	0.010917	0.022926	0.003275	0.010917	0.005459	0.010917	0.016376	0.006550	0.008734	0.006550	0.010917	0.005459	0.012009	0.007642	0.024017	0.010917	0.015284	0.024017	0.015284	0.010917	0.010917	0.012009	0.009825	0.007642	0.006550	0.007642	0.012009	0.015284	0.021834	0.034934	
0.067686	0.020742	0.026201	0.021834	0.028384	0.012009	0.019651	0.014192	0.037118	0.014192	0.015284	0.008734	0.039301	0.028384	0.012009	0.025109	0.025109	0.010917	0.003275	0.016376	0.007642	0.013100	0.009825	0.017467	0.020742	0.006550	0.005459	0.007642	0.019651	0.006550	0.010917	0.012009	0.040393	0.013100	0.016376	0.014192	0.019651	0.002183	0.002183	0.013100	0.024017	0.008734	0.004367	0.008734	0.015284	0.003275	0.006550	0.013100	0.021834	0.014192	0.007642	0.025109	0.025109	0.012009	0.014192	0.009825	0.021834	0.010917	0.010917	0.016376	0.024017	0.012009	0.022926	0.031659	
0.072052	0.024017	0.036026	0.022926	0.028384	0.013100	0.009825	0.007642	0.019651	0.014192	0.006550	0.013100	0.029476	0.009825	0.005459	0.032751	0.026201	0.014192	0.019651	0.020742	0.010917	0.009825	0.006550	0.012009	0.015284	0.008734	0.010917	0.010917	0.010917	0.013100	0.013100	0.017467	0.040393	0.019651	0.016376	0.027293	0.017467	0.008734	0.006550	0.007642	0.017467	0.006550	0.003275	0.008734	0.014192	0.006550	0.004367	0.016376	0.043668	0.017467	0.019651	0.017467	0.020742	0.008734	0.010917	0.009825	0.019651	0.012009	0.008734	0.012009	0.014192	0.017467	0.017467	0.032751	
0.093886	0.024017	0.021834	0.042576	0.036026	0.009825	0.010917	0.018559	0.049127	0.013100	0.013100	0.016376	0.038210	0.018559	0.012009	0.019651	0.045852	0.004367	0.015284	0.012009	0.013100	0.004367	0.010917	0.012009	0.009825	0.007642	0.006550	0.009825	0.002183	0.009825	0.009825	0.015284	0.031659	0.009825	0.014192	0.016376	0.018559	0.005459	0.006550	0.010917	0.016376	0.003275	0.005459	0.004367	0.016376	0.002183	0.008734	0.017467	0.026201	0.009825	0.012009	0.020742	0.018559	0.004367	0.006550	0.017467	0.012009	0.009825	0.003275	0.015284	0.027293	0.026201	0.018559	0.027293	
0.084061	0.046943	0.026201	0.040393	0.016376	0.004367	0.014192	0.013100	0.027293	0.019651	0.012009	0.004367	0.038210	0.015284	0.009825	0.028384	0.034934	0.017467	0.015284	0.018559	0.007642	0.004367	0.008734	0.003275	0.006550	0.009825	0.007642	0.010917	0.015284	0.013100	0.013100	0.017467	0.036026	0.015284	0.015284	0.020742	0.013100	0.006550	0.007642	0.006550	0.008734	0.007642	0.006550	0.005459	0.018559	0.004367	0.008734	0.014192	0.024017	0.017467	0.015284	0.027293	0.018559	0.014192	0.010917	0.013100	0.017467	0.013100	0.009825	0.008734	0.018559	0.017467	0.019651	0.024017	
0.062227	0.031659	0.049127	0.036026	0.039301	0.015284	0.019651	0.022926	0.027293	0.020742	0.015284	0.008734	0.040393	0.021834	0.009825	0.034934	0.025109	0.009825	0.009825	0.010917	0.008734	0.004367	0.006550	0.009825	0.013100	0.009825	0.008734	0.009825	0.007642	0.013100	0.007642	0.007642	0.028384	0.010917	0.012009	0.008734	0.016376	0.013100	0.006550	0.014192	0.013100	0.010917	0.006550	0.005459	0.013100	0.005459	0.003275	0.007642	0.029476	0.016376	0.019651	0.025109	0.013100	0.014192	0.014192	0.008734	0.019651	0.009825	0.012009	0.009825	0.018559	0.026201	0.013100	0.026201	
0.058952	0.019651	0.042576	0.024017	0.027293	0.006550	0.021834	0.013100	0.039301	0.017467	0.017467	0.016376	0.031659	0.017467	0.013100	0.018559	0.026201	0.012009	0.027293	0.012009	0.017467	0.005459	0.010917	0.013100	0.026201	0.007642	0.006550	0.006550	0.010917	0.025109	0.010917	0.008734	0.032751	0.017467	0.012009	0.010917	0.017467	0.008734	0.015284	0.009825	0.015284	0.015284	0.006550	0.005459	0.018559	0.006550	0.004367	0.004367	0.027293	0.012009	0.021834	0.018559	0.028384	0.010917	0.015284	0.012009	0.008734	0.012009	0.004367	0.008734	0.022926	0.021834	0.014192	0.017467	
0.049127	0.040393	0.021834	0.033843	0.021834	0.013100	0.015284	0.010917	0.041485	0.021834	0.010917	0.029476	0.025109	0.015284	0.006550	0.018559	0.038210	0.015284	0.014192	0.022926	0.005459	0.010917	0.008734	0.006550	0.025109	0.009825	0.015284	0.013100	0.009825	0.014192	0.006550	0.017467	0.031659	0.021834	0.018559	0.017467	0.014192	0.013100	0.012009	0.013100	0.012009	0.006550	0.009825	0.006550	0.009825	0.007642	0.006550	0.013100	0.025109	0.017467	0.009825	0.031659	0.008734	0.026201	0.009825	0.026201	0.013100	0.013100	0.004367	0.012009	0.008734	0.012009	0.016376	0.012009	
0.044760	0.010917	0.046943	0.041485	0.031659	0.010917	0.022926	0.029476	0.019651	0.014192	0.010917	0.019651	0.026201	0.021834	0.004367	0.053493	0.017467	0.003275	0.017467	0.012009	0.016376	0.029476	0.007642	0.009825	0.014192	0.007642	0.007642	0.016376	0.006550	0.014192	0.016376	0.019651	0.024017	0.012009	0.025109	0.030568	0.015284	0.007642	0.006550	0.021834	0.007642	0.008734	0.004367	0.019651	0.013100	0.014192	0.001092	0.032751	0.017467	0.005459	0.008734	0.021834	0.007642	0.008734	0.009825	0.022926	0.004367	0.004367	0.010917	0.016376	0.005459	0.018559	0.009825	0.027293	
0.085153	0.001092	0.004367	0.013100	0.022926	0.001092	0.004367	0.003275	0.077511	0.001092	0.003275	0.016376	0.084061	0.001092	0.012009	0.008734	0.062227	0.001092	0.004367	0.003275	0.049127	0.001092	0.002183	0.004367	0.039301	0.001092	0.002183	0.004367	0.072052	0.001092	0.003275	0.007642	0.036026	0.001092	0.004367	0.004367	0.026201	0.001092	0.002183	0.005459	0.022926	0.001092	0.005459	0.004367	0.056769	0.001092	0.004367	0.009825	0.042576	0.001092	0.004367	0.003275	0.052402	0.001092	0.003275	0.012009	0.026201	0.001092	0.003275	0.001092	0.108079	0.001092	0.008734	0.015284	
0.001092	0.001092	0.001092	0.222707	0.001092	0.001092	0.001092	0.001092	0.001092	0.001092	0.001092	0.014192	0.001092	0.001092	0.001092	0.020742	0.001092	0.001092	0.001092	0.147380	0.001092	0.001092	0.001092	0.001092	0.001092	0.001092	0.001092	0.008734	0.001092	0.001092	0.001092	0.021834	0.001092	0.001092	0.001092	0.162664	0.001092	0.001092	0.001092	0.001092	0.001092	0.001092	0.001092	0.010917	0.001092	0.001092	0.001092	0.022926	0.001092	0.001092	0.001092	0.317686	0.001092	0.001092	0.001092	0.001092	0.001092	0.001092	0.001092	0.025109	0.001092	0.001092	0.001092	0.038210	
0.001092	0.001092	0.001092	0.001092	0.001092	0.001092	0.001092	0.001092	0.001092	0.001092	0.001092	0.001092	0.001092	0.001092	0.847162	0.001092	0.001092	0.001092	0.001092	0.001092	0.001092	0.001092	0.001092	0.001092	0.001092	0.001092	0.001092	0.001092	0.001092	0.001092	0.001092	0.001092	0.001092	0.001092	0.001092	0.001092	0.001092	0.001092	0.001092	0.001092	0.001092	0.001092	0.001092	0.001092	0.001092	0.001092	0.055677	0.001092	0.001092	0.001092	0.001092	0.001092	0.001092	0.001092	0.001092	0.001092	0.001092	0.001092	0.001092	0.001092	0.001092	0.001092	0.100437	0.001092	
0.001092	0.001092	0.001092	0.001092	0.001092	0.001092	0.001092	0.001092	0.001092	0.001092	0.001092	0.001092	0.001092	0.001092	0.001092	0.001092	0.001092	0.001092	0.001092	0.001092	0.001092	0.001092	0.001092	0.001092	0.001092	0.001092	0.001092	0.001092	0.001092	0.001092	0.001092	0.001092	0.001092	0.001092	0.001092	0.001092	0.001092	0.001092	0.001092	0.001092	0.001092	0.001092	0.001092	0.001092	0.001092	0.001092	0.001092	0.001092	0.001092	0.001092	0.001092	0.001092	0.001092	0.001092	0.001092	0.001092	0.494541	0.143013	0.260917	0.105895	0.001092	0.001092	0.001092	0.001092	
0.001092	0.001092	0.001092	0.001092	0.001092	0.001092	0.001092	0.001092	0.001092	0.001092	0.001092	0.001092	0.001092	0.001092	0.001092	0.001092	0.001092	0.001092	0.001092	0.001092	0.001092	0.001092	0.001092	0.001092	0.001092	0.001092	0.001092	0.001092	0.001092	0.001092	0.001092	0.001092	0.276201	0.065502	0.074236	0.081878	0.056769	0.027293	0.025109	0.037118	0.116812	0.084061	0.028384	0.034934	0.024017	0.031659	0.017467	0.036026	0.001092	0.001092	0.001092	0.001092	0.001092	0.001092	0.001092	0.001092	0.001092	0.001092	0.001092	0.001092	0.001092	0.001092	0.001092	0.001092	
0.144105	0.036026	0.056769	0.042576	0.031659	0.010917	0.014192	0.012009	0.029476	0.019651	0.004367	0.024017	0.017467	0.018559	0.027293	0.021834	0.020742	0.009825	0.021834	0.007642	0.005459	0.012009	0.008734	0.004367	0.006550	0.004367	0.005459	0.012009	0.004367	0.013100	0.012009	0.010917	0.057860	0.017467	0.016376	0.028384	0.041485	0.012009	0.008734	0.025109	0.012009	0.006550	0.008734	0.004367	0.008734	0.008734	0.003275	0.017467	0.001092	0.014192	0.001092	0.010917	0.013100	0.009825	0.003275	0.008734	0.001092	0.003275	0.007642	0.008734	0.009825	0.007642	0.006550	0.015284	
0.114629	0.053493	0.039301	0.016376	0.030568	0.009825	0.018559	0.018559	0.055677	0.015284	0.014192	0.010917	0.042576	0.017467	0.016376	0.013100	0.034934	0.010917	0.027293	0.018559	0.020742	0.006550	0.008734	0.008734	0.015284	0.006550	0.008734	0.004367	0.018559	0.012009	0.010917	0.008734	0.021834	0.008734	0.012009	0.006550	0.013100	0.006550	0.009825	0.004367	0.010917	0.005459	0.003275	0.006550	0.025109	0.008734	0.006550	0.008734	0.007642	0.013100	0.013100	0.006550	0.017467	0.006550	0.018559	0.005459	0.024017	0.013100	0.008734	0.003275	0.020742	0.015284	0.010917	0.018559	
0.089520	0.029476	0.031659	0.028384	0.031659	0.012009	0.024017	0.018559	0.046943	0.016376	0.007642	0.020742	0.015284	0.004367	0.005459	0.022926	0.039301	0.005459	0.017467	0.019651	0.008734	0.008734	0.007642	0.004367	0.024017	0.006550	0.009825	0.015284	0.014192	0.006550	0.003275	0.013100	0.046943	0.026201	0.012009	0.020742	0.017467	0.004367	0.009825	0.008734	0.019651	0.006550	0.001092	0.007642	0.010917	0.002183	0.002183	0.009825	0.036026	0.029476	0.010917	0.030568	0.019651	0.007642	0.014192	0.012009	0.021834	0.010917	0.004367	0.007642	0.007642	0.009825	0.006550	0.025109	
0.087336	0.022926	0.073144	0.028384	0.043668	0.010917	0.018559	0.017467	0.037118	0.009825	0.013100	0.012009	0.031659	0.025109	0.020742	0.021834	0.026201	0.008734	0.019651	0.022926	0.008734	0.007642	0.006550	0.009825	0.019651	0.008734	0.013100	0.014192	0.007642	0.006550	0.010917	0.018559	0.050218	0.017467	0.022926	0.021834	0.017467	0.008734	0.006550	0.007642	0.002183	0.006550	0.005459	0.008734	0.025109	0.006550	0.006550	0.013100	0.001092	0.030568	0.001092	0.015284	0.003275	0.007642	0.004367	0.007642	0.001092	0.003275	0.005459	0.007642	0.010917	0.016376	0.020742	0.022926	
0.070961	0.029476	0.045852	0.018559	0.032751	0.016376	0.015284	0.015284	0.069869	0.016376	0.019651	0.010917	0.031659	0.020742	0.013100	0.022926	0.036026	0.006550	0.015284	0.015284	0.008734	0.007642	0.013100	0.005459	0.020742	0.005459	0.005459	0.004367	0.012009	0.013100	0.005459	0.012009	0.021834	0.013100	0.006550	0.018559	0.010917	0.005459	0.007642	0.004367	0.015284	0.007642	0.006550	0.007642	0.013100	0.007642	0.009825	0.012009	0.025109	0.012009	0.026201	0.012009	0.019651	0.009825	0.014192	0.010917	0.030568	0.005459	0.015284	0.007642	0.024017	0.014192	0.024017	0.014192	
0.074236	0.017467	0.019651	0.042576	0.020742	0.005459	0.007642	0.027293	0.045852	0.018559	0.012009	0.017467	0.009825	0.018559	0.004367	0.031659	0.029476	0.010917	0.009825	0.021834	0.016376	0.008734	0.004367	0.009825	0.027293	0.008734	0.007642	0.006550	0.006550	0.007642	0.004367	0.017467	0.062227	0.019651	0.016376	0.038210	0.010917	0.005459	0.009825	0.008734	0.021834	0.013100	0.005459	0.006550	0.007642	0.007642	0.003275	0.012009	0.027293	0.018559	0.006550	0.028384	0.019651	0.013100	0.007642	0.015284	0.018559	0.014192	0.008734	0.010917	0.008734	0.013100	0.007642	0.031659	
0.085153	0.025109	0.036026	0.046943	0.028384	0.005459	0.017467	0.015284	0.029476	0.009825	0.003275	0.009825	0.036026	0.041485	0.019651	0.033843	0.026201	0.016376	0.015284	0.009825	0.004367	0.006550	0.006550	0.015284	0.007642	0.005459	0.012009	0.004367	0.017467	0.012009	0.018559	0.013100	0.052402	0.016376	0.016376	0.028384	0.021834	0.012009	0.005459	0.015284	0.014192	0.006550	0.004367	0.008734	0.017467	0.010917	0.006550	0.006550	0.001092	0.009825	0.001092	0.020742	0.014192	0.009825	0.008734	0.014192	0.001092	0.002183	0.005459	0.010917	0.021834	0.022926	0.020742	0.027293	
0.066594	0.026201	0.036026	0.036026	0.031659	0.007642	0.020742	0.007642	0.029476	0.016376	0.015284	0.007642	0.045852	0.018559	0.012009	0.029476	0.020742	0.012009	0.021834	0.014192	0.016376	0.006550	0.006550	0.004367	0.013100	0.005459	0.014192	0.005459	0.014192	0.016376	0.012009	0.017467	0.020742	0.016376	0.004367	0.010917	0.004367	0.004367	0.009825	0.005459	0.005459	0.008734	0.006550	0.004367	0.014192	0.006550	0.007642	0.005459	0.032751	0.017467	0.024017	0.018559	0.041485	0.021834	0.014192	0.009825	0.031659	0.012009	0.004367	0.017467	0.025109	0.020742	0.015284	0.019651	
0.053493	0.020742	0.021834	0.044760	0.019651	0.015284	0.015284	0.021834	0.039301	0.019651	0.009825	0.017467	0.013100	0.018559	0.007642	0.040393	0.042576	0.013100	0.015284	0.022926	0.008734	0.006550	0.009825	0.015284	0.022926	0.004367	0.013100	0.010917	0.004367	0.003275	0.004367	0.015284	0.030568	0.008734	0.008734	0.031659	0.015284	0.007642	0.010917	0.008734	0.014192	0.012009	0.006550	0.007642	0.008734	0.005459	0.003275	0.017467	0.028384	0.013100	0.009825	0.048035	0.014192	0.008734	0.016376	0.022926	0.018559	0.015284	0.007642	0.005459	0.008734	0.022926	0.005459	0.034934	
0.069869	0.019651	0.037118	0.028384	0.021834	0.012009	0.008734	0.013100	0.018559	0.019651	0.006550	0.010917	0.038210	0.041485	0.020742	0.046943	0.026201	0.006550	0.009825	0.015284	0.010917	0.010917	0.008734	0.007642	0.014192	0.019651	0.006550	0.012009	0.017467	0.013100	0.016376	0.021834	0.039301	0.012009	0.017467	0.026201	0.016376	0.013100	0.006550	0.015284	0.016376	0.004367	0.009825	0.006550	0.015284	0.007642	0.006550	0.012009	0.001092	0.012009	0.001092	0.020742	0.010917	0.015284	0.009825	0.014192	0.001092	0.006550	0.008734	0.004367	0.018559	0.025109	0.021834	0.042576	
0.048035	0.029476	0.028384	0.030568	0.024017	0.008734	0.010917	0.006550	0.032751	0.014192	0.008734	0.009825	0.031659	0.018559	0.014192	0.026201	0.019651	0.010917	0.015284	0.014192	0.018559	0.008734	0.013100	0.010917	0.012009	0.005459	0.009825	0.006550	0.012009	0.008734	0.012009	0.017467	0.022926	0.005459	0.010917	0.010917	0.019651	0.010917	0.007642	0.012009	0.018559	0.003275	0.005459	0.004367	0.014192	0.005459	0.005459	0.008734	0.025109	0.016376	0.021834	0.026201	0.040393	0.015284	0.021834	0.009825	0.029476	0.012009	0.008734	0.015284	0.024017	0.030568	0.028384	0.040393	
0.037118	0.017467	0.022926	0.038210	0.021834	0.009825	0.009825	0.020742	0.028384	0.013100	0.013100	0.021834	0.018559	0.014192	0.004367	0.044760	0.048035	0.007642	0.016376	0.030568	0.009825	0.007642	0.009825	0.016376	0.019651	0.009825	0.008734	0.015284	0.007642	0.006550	0.002183	0.022926	0.032751	0.020742	0.014192	0.025109	0.012009	0.003275	0.004367	0.015284	0.012009	0.009825	0.004367	0.006550	0.007642	0.006550	0.005459	0.016376	0.022926	0.014192	0.010917	0.033843	0.026201	0.007642	0.005459	0.024017	0.014192	0.013100	0.006550	0.026201	0.009825	0.018559	0.005459	0.058952	
0.060044	0.027293	0.029476	0.024017	0.025109	0.013100	0.008734	0.013100	0.030568	0.013100	0.010917	0.009825	0.030568	0.040393	0.020742	0.036026	0.027293	0.006550	0.018559	0.017467	0.008734	0.005459	0.006550	0.007642	0.012009	0.006550	0.003275	0.007642	0.008734	0.027293	0.017467	0.022926	0.029476	0.020742	0.008734	0.015284	0.013100	0.012009	0.008734	0.012009	0.009825	0.009825	0.006550	0.006550	0.019651	0.015284	0.009825	0.025109	0.001092	0.014192	0.001092	0.027293	0.012009	0.009825	0.014192	0.009825	0.001092	0.003275	0.008734	0.004367	0.026201	0.045852	0.025109	0.045852	
0.049127	0.017467	0.028384	0.022926	0.027293	0.012009	0.009825	0.019651	0.029476	0.008734	0.010917	0.008734	0.032751	0.015284	0.014192	0.021834	0.031659	0.010917	0.007642	0.008734	0.007642	0.007642	0.018559	0.006550	0.013100	0.007642	0.015284	0.002183	0.014192	0.007642	0.009825	0.010917	0.026201	0.007642	0.007642	0.012009	0.010917	0.009825	0.006550	0.005459	0.005459	0.009825	0.004367	0.009825	0.007642	0.002183	0.007642	0.010917	0.019651	0.016376	0.026201	0.022926	0.055677	0.016376	0.033843	0.022926	0.024017	0.022926	0.018559	0.007642	0.034934	0.018559	0.032751	0.043668	
0.048035	0.019651	0.014192	0.044760	0.018559	0.008734	0.007642	0.017467	0.026201	0.014192	0.015284	0.014192	0.017467	0.007642	0.008734	0.032751	0.031659	0.017467	0.013100	0.039301	0.009825	0.005459	0.009825	0.020742	0.026201	0.006550	0.018559	0.017467	0.013100	0.009825	0.007642	0.024017	0.028384	0.007642	0.008734	0.027293	0.017467	0.004367	0.009825	0.017467	0.016376	0.014192	0.007642	0.010917	0.006550	0.004367	0.002183	0.015284	0.025109	0.015284	0.005459	0.043668	0.008734	0.006550	0.007642	0.020742	0.024017	0.018559	0.005459	0.016376	0.016376	0.024017	0.007642	0.039301	
0.052402	0.021834	0.026201	0.032751	0.012009	0.020742	0.015284	0.012009	0.015284	0.009825	0.008734	0.007642	0.038210	0.060044	0.013100	0.043668	0.021834	0.009825	0.012009	0.010917	0.004367	0.012009	0.003275	0.005459	0.006550	0.012009	0.009825	0.006550	0.015284	0.021834	0.016376	0.022926	0.032751	0.016376	0.017467	0.026201	0.013100	0.012009	0.007642	0.020742	0.012009	0.013100	0.007642	0.014192	0.016376	0.014192	0.010917	0.017467	0.001092	0.020742	0.001092	0.030568	0.010917	0.010917	0.016376	0.007642	0.001092	0.009825	0.008734	0.006550	0.020742	0.032751	0.025109	0.032751	
0.032751	0.027293	0.028384	0.019651	0.029476	0.010917	0.016376	0.012009	0.024017	0.015284	0.006550	0.010917	0.043668	0.025109	0.022926	0.008734	0.009825	0.012009	0.008734	0.009825	0.019651	0.012009	0.019651	0.004367	0.021834	0.006550	0.007642	0.006550	0.009825	0.010917	0.015284	0.009825	0.010917	0.005459	0.010917	0.007642	0.012009	0.017467	0.007642	0.007642	0.009825	0.013100	0.008734	0.003275	0.009825	0.010917	0.007642	0.006550	0.018559	0.015284	0.018559	0.038210	0.049127	0.017467	0.038210	0.024017	0.026201	0.015284	0.018559	0.005459	0.019651	0.030568	0.030568	0.036026	
0.025109	0.013100	0.012009	0.021834	0.017467	0.015284	0.009825	0.017467	0.025109	0.013100	0.015284	0.013100	0.016376	0.014192	0.004367	0.040393	0.038210	0.016376	0.020742	0.034934	0.013100	0.010917	0.008734	0.025109	0.025109	0.013100	0.021834	0.021834	0.007642	0.009825	0.005459	0.025109	0.026201	0.017467	0.017467	0.020742	0.012009	0.002183	0.008734	0.027293	0.015284	0.009825	0.007642	0.008734	0.007642	0.006550	0.001092	0.010917	0.019651	0.027293	0.007642	0.028384	0.016376	0.010917	0.017467	0.032751	0.014192	0.030568	0.010917	0.020742	0.012009	0.009825	0.008734	0.030568	
0.040393	0.015284	0.031659	0.021834	0.025109	0.025109	0.015284	0.008734	0.019651	0.021834	0.005459	0.010917	0.029476	0.041485	0.009825	0.025109	0.016376	0.012009	0.019651	0.010917	0.007642	0.012009	0.013100	0.006550	0.009825	0.009825	0.008734	0.016376	0.006550	0.038210	0.033843	0.024017	0.033843	0.013100	0.019651	0.013100	0.017467	0.027293	0.005459	0.016376	0.016376	0.013100	0.009825	0.016376	0.021834	0.012009	0.006550	0.024017	0.001092	0.021834	0.001092	0.019651	0.007642	0.010917	0.007642	0.014192	0.001092	0.008734	0.006550	0.003275	0.014192	0.043668	0.022926	0.026201	
0.032751	0.016376	0.022926	0.019651	0.021834	0.010917	0.017467	0.012009	0.028384	0.010917	0.024017	0.008734	0.021834	0.018559	0.017467	0.007642	0.009825	0.009825	0.025109	0.013100	0.024017	0.014192	0.029476	0.007642	0.009825	0.005459	0.019651	0.006550	0.006550	0.015284	0.012009	0.012009	0.016376	0.005459	0.014192	0.010917	0.018559	0.015284	0.010917	0.008734	0.005459	0.010917	0.008734	0.005459	0.014192	0.009825	0.010917	0.012009	0.017467	0.010917	0.031659	0.012009	0.039301	0.026201	0.045852	0.024017	0.022926	0.019651	0.017467	0.013100	0.027293	0.016376	0.026201	0.029476	
0.024017	0.014192	0.012009	0.026201	0.008734	0.007642	0.007642	0.018559	0.031659	0.021834	0.022926	0.017467	0.013100	0.012009	0.004367	0.026201	0.037118	0.018559	0.013100	0.034934	0.014192	0.007642	0.010917	0.033843	0.044760	0.017467	0.019651	0.021834	0.012009	0.009825	0.008734	0.021834	0.029476	0.010917	0.006550	0.019651	0.010917	0.012009	0.003275	0.020742	0.022926	0.024017	0.014192	0.008734	0.004367	0.013100	0.003275	0.013100	0.016376	0.010917	0.013100	0.029476	0.010917	0.009825	0.010917	0.028384	0.017467	0.019651	0.012009	0.017467	0.009825	0.008734	0.009825	0.032751	
0.041485	0.014192	0.027293	0.024017	0.017467	0.013100	0.015284	0.008734	0.013100	0.015284	0.003275	0.013100	0.024017	0.036026	0.019651	0.030568	0.014192	0.010917	0.015284	0.004367	0.004367	0.013100	0.009825	0.009825	0.007642	0.007642	0.009825	0.007642	0.006550	0.031659	0.032751	0.030568	0.037118	0.019651	0.028384	0.031659	0.015284	0.038210	0.010917	0.018559	0.019651	0.024017	0.008734	0.016376	0.018559	0.016376	0.015284	0.015284	0.001092	0.012009	0.001092	0.025109	0.007642	0.012009	0.012009	0.012009	0.001092	0.005459	0.012009	0.007642	0.016376	0.026201	0.025109	0.026201	
0.029476	0.021834	0.029476	0.013100	0.024017	0.004367	0.014192	0.014192	0.024017	0.015284	0.015284	0.017467	0.016376	0.018559	0.029476	0.020742	0.007642	0.012009	0.012009	0.013100	0.015284	0.017467	0.027293	0.016376	0.016376	0.010917	0.016376	0.004367	0.008734	0.017467	0.006550	0.016376	0.008734	0.012009	0.012009	0.008734	0.022926	0.009825	0.013100	0.006550	0.013100	0.013100	0.004367	0.003275	0.014192	0.006550	0.008734	0.015284	0.015284	0.010917	0.024017	0.015284	0.029476	0.017467	0.032751	0.030568	0.029476	0.025109	0.028384	0.009825	0.017467	0.017467	0.028384	0.039301	
0.022926	0.010917	0.010917	0.016376	0.010917	0.010917	0.013100	0.021834	0.030568	0.018559	0.012009	0.016376	0.006550	0.019651	0.006550	0.017467	0.026201	0.015284	0.016376	0.033843	0.014192	0.004367	0.013100	0.017467	0.033843	0.009825	0.028384	0.015284	0.016376	0.016376	0.010917	0.024017	0.028384	0.015284	0.013100	0.026201	0.016376	0.006550	0.016376	0.025109	0.013100	0.018559	0.017467	0.015284	0.005459	0.008734	0.003275	0.017467	0.012009	0.010917	0.006550	0.027293	0.006550	0.013100	0.008734	0.031659	0.017467	0.024017	0.014192	0.017467	0.016376	0.025109	0.016376	0.033843	
0.034934	0.018559	0.020742	0.015284	0.016376	0.013100	0.015284	0.007642	0.015284	0.010917	0.007642	0.013100	0.022926	0.033843	0.020742	0.026201	0.019651	0.002183	0.016376	0.009825	0.006550	0.009825	0.009825	0.008734	0.017467	0.009825	0.009825	0.014192	0.014192	0.034934	0.022926	0.024017	0.027293	0.016376	0.028384	0.022926	0.014192	0.030568	0.013100	0.013100	0.028384	0.020742	0.007642	0.015284	0.024017	0.013100	0.010917	0.016376	0.001092	0.008734	0.001092	0.033843	0.012009	0.021834	0.018559	0.017467	0.001092	0.016376	0.013100	0.006550	0.014192	0.028384	0.027293	0.022926	
0.029476	0.014192	0.027293	0.012009	0.016376	0.007642	0.013100	0.008734	0.014192	0.020742	0.021834	0.009825	0.021834	0.020742	0.025109	0.014192	0.010917	0.013100	0.013100	0.012009	0.022926	0.007642	0.029476	0.015284	0.018559	0.005459	0.022926	0.009825	0.006550	0.016376	0.009825	0.014192	0.018559	0.009825	0.024017	0.009825	0.026201	0.007642	0.010917	0.013100	0.015284	0.008734	0.007642	0.006550	0.012009	0.012009	0.010917	0.014192	0.014192	0.019651	0.024017	0.017467	0.034934	0.018559	0.037118	0.019651	0.018559	0.021834	0.028384	0.013100	0.016376	0.026201	0.021834	0.025109	
0.024017	0.010917	0.013100	0.025109	0.013100	0.014192	0.007642	0.021834	0.026201	0.022926	0.016376	0.022926	0.012009	0.009825	0.003275	0.026201	0.037118	0.012009	0.009825	0.041485	0.005459	0.007642	0.009825	0.018559	0.034934	0.010917	0.022926	0.021834	0.008734	0.013100	0.012009	0.022926	0.019651	0.017467	0.009825	0.019651	0.015284	0.007642	0.010917	0.022926	0.022926	0.017467	0.018559	0.021834	0.004367	0.010917	0.005459	0.018559	0.013100	0.012009	0.008734	0.022926	0.017467	0.018559	0.012009	0.027293	0.012009	0.021834	0.008734	0.025109	0.012009	0.018559	0.010917	0.026201	
0.028384	0.012009	0.032751	0.020742	0.010917	0.014192	0.017467	0.009825	0.009825	0.012009	0.012009	0.007642	0.024017	0.034934	0.024017	0.026201	0.015284	0.009825	0.012009	0.014192	0.007642	0.014192	0.013100	0.013100	0.008734	0.009825	0.006550	0.015284	0.006550	0.032751	0.028384	0.022926	0.034934	0.014192	0.022926	0.024017	0.027293	0.020742	0.004367	0.020742	0.019651	0.020742	0.007642	0.018559	0.021834	0.016376	0.025109	0.028384	0.001092	0.012009	0.001092	0.022926	0.008734	0.014192	0.010917	0.018559	0.001092	0.013100	0.008734	0.008734	0.008734	0.030568	0.033843	0.020742	
