>NC_009328
0.061869	0.022096	0.019571	0.027146	0.017045	0.005051	0.020833	0.009470	0.026515	0.011364	0.010732	0.010101	0.021465	0.012626	0.025253	0.021465	0.015783	0.009470	0.006944	0.020202	0.011995	0.005051	0.008207	0.005051	0.024621	0.011995	0.013889	0.012626	0.009470	0.006944	0.007576	0.011364	0.030934	0.013258	0.011364	0.018308	0.013889	0.010732	0.012626	0.012626	0.015152	0.018939	0.014520	0.018308	0.018308	0.007576	0.012626	0.017677	0.026515	0.009470	0.018308	0.031566	0.024621	0.009470	0.008838	0.006944	0.027146	0.011364	0.013258	0.012626	0.019571	0.013889	0.017045	0.039141	
0.061237	0.024621	0.023359	0.025884	0.021465	0.005682	0.015783	0.011364	0.015783	0.013258	0.014520	0.012626	0.025253	0.021465	0.020202	0.030303	0.022096	0.011364	0.011364	0.022727	0.007576	0.006313	0.011364	0.005051	0.020833	0.010732	0.008207	0.010732	0.008207	0.003788	0.006944	0.015152	0.035354	0.014520	0.018308	0.025253	0.015783	0.008838	0.012626	0.016414	0.021465	0.013889	0.008838	0.008207	0.011995	0.010101	0.014520	0.017045	0.021465	0.013258	0.008838	0.025253	0.016414	0.005682	0.011364	0.007576	0.015783	0.013258	0.017677	0.015783	0.017677	0.022096	0.020202	0.029672	
0.055556	0.023990	0.024621	0.035985	0.021465	0.011995	0.018939	0.011364	0.023990	0.016414	0.011364	0.010101	0.036616	0.015783	0.021465	0.025253	0.023990	0.008207	0.009470	0.019571	0.011364	0.003157	0.006944	0.005051	0.015783	0.010732	0.009470	0.015152	0.012626	0.008207	0.008838	0.010732	0.037247	0.008207	0.013258	0.015152	0.017045	0.005682	0.014520	0.013889	0.028409	0.002525	0.006944	0.011364	0.015152	0.007576	0.011364	0.013258	0.024621	0.011364	0.009470	0.017677	0.022727	0.009470	0.013258	0.011995	0.020202	0.015783	0.014520	0.011364	0.023990	0.015152	0.012626	0.040404	
0.055556	0.029672	0.021465	0.034722	0.022096	0.005682	0.010101	0.013889	0.014520	0.011364	0.017677	0.013258	0.030303	0.015783	0.015152	0.027146	0.027778	0.010732	0.011364	0.022727	0.008207	0.003157	0.012626	0.006313	0.020833	0.011364	0.009470	0.011995	0.014520	0.004419	0.008207	0.015152	0.040404	0.010101	0.014520	0.023359	0.010732	0.010101	0.013889	0.010732	0.010732	0.014520	0.008838	0.008207	0.009470	0.013889	0.011995	0.012626	0.026515	0.013889	0.015783	0.032197	0.018308	0.006944	0.011995	0.009470	0.022727	0.006313	0.014520	0.010732	0.015152	0.018308	0.018939	0.037247	
0.068813	0.021465	0.021465	0.038510	0.022096	0.007576	0.022096	0.012626	0.026515	0.015152	0.010101	0.011364	0.026515	0.027778	0.020833	0.037879	0.024621	0.006313	0.008207	0.020202	0.009470	0.003788	0.009470	0.003157	0.016414	0.011995	0.008207	0.011995	0.010732	0.006313	0.006313	0.017045	0.025884	0.008838	0.010101	0.023990	0.013258	0.007576	0.012626	0.010101	0.017045	0.013258	0.008207	0.011995	0.012626	0.009470	0.009470	0.012626	0.019571	0.013889	0.008838	0.027146	0.019571	0.011995	0.010732	0.010101	0.025884	0.007576	0.008838	0.011995	0.022096	0.018939	0.015152	0.035985	
0.054293	0.030934	0.024621	0.029040	0.016414	0.008207	0.013889	0.011995	0.019571	0.008838	0.008838	0.011364	0.034091	0.023359	0.024621	0.027778	0.025253	0.008207	0.011364	0.019571	0.008838	0.005051	0.007576	0.009470	0.015783	0.008838	0.015783	0.014520	0.012626	0.006313	0.005682	0.011364	0.034091	0.014520	0.011995	0.025253	0.010101	0.011364	0.013889	0.012626	0.015783	0.007576	0.005051	0.006944	0.015152	0.005051	0.011364	0.015783	0.023990	0.016414	0.010732	0.020833	0.022096	0.011364	0.018939	0.010101	0.019571	0.007576	0.009470	0.015152	0.022727	0.025253	0.020833	0.034722	
0.061237	0.017677	0.022727	0.035985	0.018939	0.011364	0.022727	0.017045	0.021465	0.010732	0.010732	0.015783	0.027146	0.018308	0.017045	0.032197	0.024621	0.006944	0.005051	0.020833	0.013889	0.003788	0.010732	0.007576	0.020833	0.008207	0.013889	0.011364	0.012626	0.006944	0.009470	0.015152	0.030303	0.012626	0.013889	0.013889	0.011995	0.003788	0.008838	0.008207	0.011364	0.009470	0.008207	0.010101	0.011995	0.008838	0.009470	0.017677	0.025253	0.013889	0.017677	0.027778	0.020202	0.006944	0.018308	0.014520	0.025884	0.007576	0.015152	0.013889	0.017045	0.018939	0.015783	0.037879	
0.061869	0.022096	0.026515	0.030934	0.015783	0.006313	0.018939	0.010101	0.013258	0.012626	0.022096	0.011364	0.025884	0.018939	0.025253	0.028409	0.025253	0.006944	0.011364	0.021465	0.010732	0.000631	0.009470	0.005051	0.018308	0.012626	0.017677	0.011995	0.011995	0.009470	0.013258	0.012626	0.031566	0.011364	0.016414	0.020202	0.007576	0.005051	0.014520	0.008838	0.017045	0.010101	0.013889	0.006944	0.009470	0.006944	0.013258	0.021465	0.022096	0.011364	0.010101	0.025253	0.022727	0.010101	0.010732	0.009470	0.023359	0.006944	0.009470	0.011995	0.018939	0.014520	0.023990	0.045455	
0.054293	0.022727	0.034722	0.029040	0.019571	0.008207	0.017045	0.006944	0.025253	0.010101	0.017045	0.011995	0.034722	0.014520	0.027146	0.021465	0.027778	0.003157	0.010732	0.015152	0.009470	0.002525	0.006313	0.003788	0.025884	0.007576	0.014520	0.005682	0.005682	0.003157	0.011995	0.012626	0.033460	0.010101	0.010101	0.018308	0.013889	0.005051	0.011995	0.011364	0.020833	0.008207	0.015152	0.018939	0.015152	0.007576	0.010101	0.009470	0.020833	0.009470	0.015783	0.020202	0.020202	0.010732	0.011364	0.007576	0.029040	0.015783	0.015783	0.015152	0.025884	0.018308	0.027146	0.036616	
0.062500	0.023359	0.022096	0.028409	0.018308	0.008838	0.011995	0.006313	0.032197	0.008838	0.017677	0.012626	0.017677	0.019571	0.018939	0.026515	0.022096	0.006313	0.010101	0.024621	0.011364	0.003157	0.009470	0.002525	0.013258	0.006944	0.015783	0.010732	0.005682	0.008838	0.006944	0.008207	0.039773	0.013889	0.023359	0.023990	0.015783	0.005682	0.012626	0.007576	0.027146	0.013258	0.016414	0.005682	0.012626	0.004419	0.016414	0.018308	0.030303	0.008207	0.023359	0.019571	0.017677	0.003788	0.015152	0.006944	0.030934	0.013889	0.016414	0.015152	0.022096	0.013889	0.017045	0.027146	
0.070076	0.021465	0.034722	0.028409	0.023990	0.006313	0.015152	0.006313	0.025884	0.015152	0.021465	0.016414	0.026515	0.013889	0.031566	0.024621	0.024621	0.008207	0.011995	0.018308	0.007576	0.000631	0.010101	0.003157	0.018939	0.008207	0.013258	0.008838	0.010101	0.003157	0.003157	0.006944	0.051136	0.015152	0.018308	0.018939	0.017677	0.006313	0.013889	0.005051	0.022096	0.014520	0.015152	0.014520	0.013889	0.007576	0.011364	0.011364	0.017045	0.011995	0.014520	0.014520	0.016414	0.008838	0.012626	0.008838	0.020202	0.006944	0.018939	0.013258	0.016414	0.012626	0.016414	0.034722	
0.073864	0.024621	0.041667	0.022727	0.022727	0.007576	0.020202	0.006313	0.038510	0.011995	0.022096	0.006944	0.028409	0.011995	0.023990	0.015783	0.030303	0.007576	0.012626	0.015152	0.009470	0.005051	0.005051	0.002525	0.018939	0.008838	0.017045	0.006944	0.010101	0.001263	0.007576	0.004419	0.041035	0.008838	0.019571	0.017677	0.016414	0.008207	0.012626	0.007576	0.034722	0.010101	0.015152	0.008838	0.018308	0.003788	0.012626	0.018308	0.030303	0.008207	0.015152	0.013258	0.014520	0.006944	0.009470	0.006313	0.022727	0.012626	0.015152	0.011995	0.020202	0.012626	0.017045	0.027778	
0.076389	0.018308	0.058081	0.022727	0.023359	0.005682	0.014520	0.005682	0.043561	0.010101	0.030303	0.005051	0.022727	0.010732	0.015152	0.020202	0.028409	0.006313	0.013258	0.015152	0.011364	0.005682	0.006313	0.004419	0.022727	0.005051	0.011995	0.007576	0.005051	0.001894	0.008207	0.007576	0.071338	0.008838	0.020202	0.014520	0.020202	0.005682	0.010732	0.006944	0.033460	0.011364	0.018308	0.006313	0.011364	0.003157	0.010732	0.009470	0.040404	0.003788	0.017045	0.015783	0.013258	0.005682	0.007576	0.003157	0.026515	0.009470	0.017677	0.007576	0.015152	0.011364	0.015152	0.024621	
0.111111	0.015783	0.063131	0.026515	0.018308	0.005051	0.012626	0.001263	0.050505	0.016414	0.028409	0.013258	0.027778	0.005051	0.020833	0.014520	0.032197	0.005051	0.015152	0.015783	0.008207	0.001263	0.008207	0.005051	0.016414	0.003157	0.016414	0.003157	0.005682	0.003788	0.005051	0.005682	0.081439	0.007576	0.023990	0.013258	0.011995	0.005051	0.013889	0.005051	0.041667	0.012626	0.017045	0.006944	0.008838	0.001894	0.005682	0.010101	0.024621	0.003788	0.012626	0.013258	0.010101	0.005051	0.007576	0.004419	0.023359	0.006313	0.009470	0.010101	0.020202	0.002525	0.018308	0.020833	
0.118687	0.010732	0.106061	0.013889	0.013889	0.001894	0.011995	0.004419	0.030303	0.006313	0.068813	0.009470	0.020202	0.005051	0.022096	0.021465	0.025884	0.003788	0.009470	0.009470	0.005051	0.000631	0.008207	0.002525	0.011995	0.005051	0.017677	0.007576	0.004419	0.003788	0.003788	0.003788	0.083965	0.003788	0.030303	0.013889	0.011995	0.006944	0.013258	0.006313	0.032197	0.008207	0.022727	0.008207	0.013258	0.003788	0.010101	0.006313	0.031566	0.003788	0.015783	0.011364	0.003788	0.003788	0.003788	0.001894	0.017045	0.006944	0.015152	0.010732	0.016414	0.006944	0.010732	0.017045	
0.100379	0.014520	0.126894	0.018308	0.005682	0.002525	0.009470	0.004419	0.031566	0.010101	0.114268	0.005682	0.015783	0.008838	0.010732	0.013258	0.015783	0.001894	0.015152	0.001894	0.003788	0.003157	0.004419	0.001894	0.010101	0.005051	0.016414	0.005682	0.004419	0.002525	0.005682	0.002525	0.036616	0.005682	0.035354	0.013889	0.006944	0.004419	0.010732	0.004419	0.051136	0.010101	0.052399	0.010732	0.009470	0.005051	0.014520	0.006944	0.022096	0.003157	0.023359	0.005682	0.007576	0.001894	0.007576	0.002525	0.015783	0.005682	0.021465	0.003788	0.010732	0.005051	0.020833	0.011995	
0.044823	0.008838	0.109217	0.011995	0.005051	0.005051	0.012626	0.002525	0.022727	0.012626	0.152778	0.012626	0.006944	0.005051	0.020202	0.007576	0.008838	0.001894	0.009470	0.003788	0.003157	0.001894	0.005051	0.001894	0.012626	0.002525	0.013258	0.003788	0.003157	0.001894	0.003157	0.005051	0.029672	0.002525	0.070076	0.006313	0.009470	0.003157	0.011364	0.006944	0.090278	0.011364	0.083965	0.018939	0.005051	0.003788	0.011995	0.005051	0.015152	0.002525	0.017045	0.005682	0.006944	0.003788	0.006944	0.003788	0.011364	0.008838	0.025253	0.006313	0.007576	0.006313	0.015783	0.005051	
0.027778	0.008838	0.055556	0.006313	0.006944	0.004419	0.001894	0.002525	0.025884	0.008207	0.162879	0.008838	0.009470	0.003788	0.007576	0.006944	0.010732	0.003157	0.005682	0.005051	0.003788	0.002525	0.003157	0.004419	0.009470	0.003157	0.020202	0.003157	0.006313	0.001894	0.001894	0.005051	0.026515	0.005051	0.096591	0.008838	0.010101	0.004419	0.013889	0.006944	0.131944	0.008207	0.115530	0.019571	0.008838	0.006313	0.016414	0.010101	0.004419	0.003157	0.010732	0.004419	0.007576	0.001263	0.005682	0.002525	0.016414	0.001263	0.027146	0.006313	0.007576	0.002525	0.008207	0.004419	
0.019571	0.006944	0.037879	0.005051	0.008207	0.001263	0.009470	0.001263	0.024621	0.009470	0.123737	0.010732	0.006944	0.003788	0.008207	0.005682	0.007576	0.003157	0.008838	0.008838	0.005682	0.000631	0.001894	0.004419	0.006313	0.003157	0.011995	0.003157	0.002525	0.002525	0.005682	0.005682	0.025884	0.004419	0.135732	0.017677	0.003788	0.003157	0.008838	0.005051	0.135101	0.013258	0.150253	0.027146	0.004419	0.005051	0.019571	0.008838	0.010101	0.001263	0.015783	0.005051	0.005682	0.001263	0.004419	0.003157	0.011995	0.003788	0.013889	0.004419	0.006313	0.003788	0.006944	0.009470	
0.023359	0.005051	0.024621	0.010101	0.007576	0.002525	0.004419	0.001263	0.036616	0.010101	0.133207	0.018308	0.007576	0.004419	0.017045	0.007576	0.008207	0.004419	0.005051	0.005682	0.001263	0.001894	0.001263	0.001894	0.007576	0.001263	0.010732	0.005051	0.003788	0.001894	0.005682	0.002525	0.026515	0.006313	0.131313	0.013889	0.008207	0.003157	0.014520	0.003788	0.085227	0.017045	0.145202	0.052399	0.010101	0.003157	0.023359	0.008838	0.005682	0.003157	0.005682	0.005682	0.004419	0.003157	0.004419	0.003157	0.008838	0.010101	0.017045	0.004419	0.001894	0.006313	0.007576	0.013889	
0.020833	0.007576	0.025884	0.009470	0.006313	0.001894	0.007576	0.003157	0.038510	0.008838	0.101641	0.017677	0.006313	0.008207	0.011995	0.008838	0.006944	0.002525	0.005051	0.006944	0.003157	0.001263	0.001894	0.004419	0.008838	0.001894	0.007576	0.006313	0.003157	0.001263	0.003788	0.001894	0.039773	0.006313	0.075126	0.017045	0.010101	0.005682	0.017045	0.005682	0.094697	0.018308	0.132576	0.060606	0.011995	0.003157	0.051136	0.013889	0.007576	0.003157	0.006313	0.006313	0.003788	0.003788	0.003788	0.004419	0.020202	0.005682	0.017677	0.010101	0.006313	0.003788	0.011364	0.011364	
0.027778	0.011364	0.024621	0.011364	0.003157	0.003788	0.006944	0.005682	0.037879	0.011995	0.047980	0.014520	0.008838	0.010732	0.012626	0.007576	0.008207	0.003788	0.005682	0.005682	0.001894	0.002525	0.005051	0.003157	0.013258	0.003157	0.005051	0.008838	0.005051	0.005051	0.003157	0.004419	0.062500	0.015152	0.051136	0.033460	0.005051	0.005051	0.014520	0.010101	0.106061	0.015152	0.094697	0.043561	0.011995	0.005682	0.054924	0.022096	0.014520	0.003157	0.004419	0.005682	0.006313	0.003157	0.005682	0.001263	0.046086	0.005682	0.017677	0.008838	0.002525	0.008207	0.008838	0.016414	
0.037879	0.018308	0.033460	0.023359	0.013889	0.003788	0.010101	0.005682	0.034091	0.008838	0.028409	0.014520	0.010101	0.007576	0.021465	0.017045	0.008838	0.001263	0.003788	0.002525	0.005051	0.003788	0.001263	0.004419	0.012626	0.004419	0.008838	0.006313	0.003157	0.006944	0.003788	0.006313	0.090909	0.017677	0.051136	0.043561	0.007576	0.005051	0.013258	0.010101	0.092803	0.013889	0.040404	0.018308	0.011364	0.011995	0.037247	0.015152	0.006944	0.004419	0.006944	0.010101	0.008207	0.005051	0.008838	0.007576	0.035354	0.009470	0.020202	0.014520	0.007576	0.008838	0.015152	0.018939	
0.051768	0.027778	0.037879	0.027146	0.012626	0.002525	0.023359	0.003157	0.033460	0.018308	0.032197	0.011364	0.021465	0.012626	0.032828	0.012626	0.013258	0.005682	0.006313	0.009470	0.006313	0.001894	0.004419	0.005051	0.018308	0.003788	0.005051	0.006313	0.006313	0.008207	0.005051	0.008207	0.069444	0.015152	0.051768	0.038510	0.008838	0.005682	0.013258	0.008838	0.042929	0.015783	0.023990	0.015152	0.011995	0.005051	0.018308	0.018308	0.008838	0.006313	0.006944	0.010101	0.008838	0.007576	0.010101	0.008838	0.032828	0.010101	0.019571	0.015152	0.010101	0.008207	0.017045	0.022096	
0.054924	0.027778	0.038510	0.022096	0.017045	0.008838	0.016414	0.012626	0.042298	0.018308	0.034722	0.007576	0.018939	0.026515	0.015152	0.024621	0.012626	0.006313	0.005682	0.011995	0.005682	0.003157	0.005051	0.003788	0.015152	0.008838	0.015152	0.011995	0.005682	0.005682	0.007576	0.006944	0.050505	0.017677	0.030934	0.028409	0.013889	0.003157	0.017677	0.013258	0.039141	0.010732	0.018939	0.011995	0.008207	0.006944	0.015783	0.017045	0.018939	0.007576	0.011995	0.011364	0.010732	0.007576	0.011364	0.004419	0.027778	0.011364	0.021465	0.012626	0.016414	0.011995	0.010732	0.022096	
0.063131	0.027146	0.027778	0.018939	0.023359	0.008207	0.024621	0.003157	0.029672	0.018939	0.028409	0.010101	0.018308	0.009470	0.025884	0.020202	0.017677	0.010101	0.010101	0.009470	0.007576	0.002525	0.007576	0.005051	0.013889	0.009470	0.017677	0.009470	0.009470	0.002525	0.011364	0.010732	0.053030	0.019571	0.030934	0.020833	0.013889	0.012626	0.015152	0.007576	0.033460	0.010101	0.032828	0.013889	0.011364	0.008838	0.011364	0.012626	0.020833	0.007576	0.010732	0.010101	0.015152	0.008838	0.018308	0.008838	0.021465	0.008207	0.010732	0.008838	0.013258	0.017045	0.019571	0.020833	
0.042929	0.061237	0.032197	0.018308	0.014520	0.013258	0.027778	0.008838	0.016414	0.027146	0.020202	0.015783	0.011364	0.012626	0.020833	0.014520	0.020202	0.013258	0.008207	0.018308	0.010732	0.008838	0.008207	0.004419	0.018308	0.017677	0.013258	0.016414	0.001894	0.005051	0.008838	0.008838	0.031566	0.032197	0.022096	0.012626	0.009470	0.010732	0.015152	0.011364	0.029672	0.017677	0.028409	0.013889	0.011364	0.010101	0.011995	0.008838	0.012626	0.012626	0.012626	0.014520	0.011995	0.007576	0.011995	0.006313	0.022096	0.012626	0.014520	0.018939	0.010732	0.010101	0.018939	0.024621	
0.032197	0.030934	0.030934	0.013258	0.031566	0.015152	0.061237	0.011364	0.015152	0.022096	0.026515	0.011364	0.015152	0.023359	0.008207	0.017045	0.016414	0.007576	0.006944	0.015783	0.013889	0.004419	0.015783	0.006313	0.023990	0.011995	0.015152	0.011995	0.005682	0.007576	0.011995	0.005682	0.023359	0.020833	0.023990	0.018308	0.017045	0.015783	0.027778	0.014520	0.023990	0.019571	0.025884	0.006944	0.010101	0.014520	0.023359	0.017045	0.007576	0.011364	0.006313	0.010101	0.008207	0.008207	0.018308	0.003157	0.018308	0.008207	0.015152	0.018939	0.005051	0.018308	0.011364	0.022096	
0.064394	0.000631	0.010101	0.004419	0.056187	0.000631	0.010101	0.003788	0.052399	0.000631	0.010101	0.005051	0.042929	0.000631	0.006313	0.007576	0.049242	0.000631	0.008207	0.012626	0.030934	0.000631	0.007576	0.004419	0.101010	0.000631	0.010101	0.011364	0.025884	0.000631	0.003788	0.005051	0.065657	0.000631	0.008207	0.006944	0.049874	0.000631	0.005682	0.005682	0.065657	0.000631	0.010732	0.005682	0.037247	0.000631	0.002525	0.008838	0.027778	0.000631	0.001894	0.005682	0.053662	0.000631	0.006944	0.002525	0.051768	0.000631	0.001263	0.001263	0.042298	0.000631	0.005682	0.013258	
0.000631	0.000631	0.000631	0.205177	0.000631	0.000631	0.000631	0.000631	0.000631	0.000631	0.000631	0.026515	0.000631	0.000631	0.000631	0.027778	0.000631	0.000631	0.000631	0.188763	0.000631	0.000631	0.000631	0.000631	0.000631	0.000631	0.000631	0.028409	0.000631	0.000631	0.000631	0.014520	0.000631	0.000631	0.000631	0.268939	0.000631	0.000631	0.000631	0.000631	0.000631	0.000631	0.000631	0.030303	0.000631	0.000631	0.000631	0.021465	0.000631	0.000631	0.000631	0.146465	0.000631	0.000631	0.000631	0.000631	0.000631	0.000631	0.000631	0.016414	0.000631	0.000631	0.000631	0.032828	
0.000631	0.000631	0.000631	0.000631	0.000631	0.000631	0.000631	0.000631	0.000631	0.000631	0.000631	0.000631	0.000631	0.000631	0.807449	0.000631	0.000631	0.000631	0.000631	0.000631	0.000631	0.000631	0.000631	0.000631	0.000631	0.000631	0.000631	0.000631	0.000631	0.000631	0.000631	0.000631	0.000631	0.000631	0.000631	0.000631	0.000631	0.000631	0.000631	0.000631	0.000631	0.000631	0.000631	0.000631	0.000631	0.000631	0.099747	0.000631	0.000631	0.000631	0.000631	0.000631	0.000631	0.000631	0.000631	0.000631	0.000631	0.000631	0.000631	0.000631	0.000631	0.000631	0.094697	0.000631	
0.000631	0.000631	0.000631	0.000631	0.000631	0.000631	0.000631	0.000631	0.000631	0.000631	0.000631	0.000631	0.000631	0.000631	0.000631	0.000631	0.000631	0.000631	0.000631	0.000631	0.000631	0.000631	0.000631	0.000631	0.000631	0.000631	0.000631	0.000631	0.000631	0.000631	0.000631	0.000631	0.000631	0.000631	0.000631	0.000631	0.000631	0.000631	0.000631	0.000631	0.000631	0.000631	0.000631	0.000631	0.000631	0.000631	0.000631	0.000631	0.000631	0.000631	0.000631	0.000631	0.000631	0.000631	0.000631	0.000631	0.462121	0.118687	0.295455	0.126263	0.000631	0.000631	0.000631	0.000631	
0.000631	0.000631	0.000631	0.000631	0.000631	0.000631	0.000631	0.000631	0.000631	0.000631	0.000631	0.000631	0.000631	0.000631	0.000631	0.000631	0.000631	0.000631	0.000631	0.000631	0.000631	0.000631	0.000631	0.000631	0.000631	0.000631	0.000631	0.000631	0.000631	0.000631	0.000631	0.000631	0.223485	0.066288	0.080177	0.094066	0.030934	0.031566	0.026515	0.031566	0.116793	0.081439	0.053030	0.046086	0.017045	0.044192	0.015152	0.051768	0.000631	0.000631	0.000631	0.000631	0.000631	0.000631	0.000631	0.000631	0.000631	0.000631	0.000631	0.000631	0.000631	0.000631	0.000631	0.000631	
0.092172	0.053030	0.038510	0.041667	0.020202	0.009470	0.029672	0.008838	0.023359	0.026515	0.013889	0.018308	0.006944	0.017045	0.037879	0.034091	0.011364	0.005682	0.008207	0.007576	0.010101	0.002525	0.015152	0.005682	0.005682	0.009470	0.004419	0.008838	0.001894	0.006944	0.011364	0.013258	0.054924	0.019571	0.020202	0.023990	0.034722	0.011995	0.023990	0.012626	0.017677	0.010732	0.017677	0.008838	0.011364	0.011364	0.015783	0.009470	0.000631	0.008207	0.000631	0.009470	0.012626	0.003157	0.015783	0.014520	0.000631	0.005051	0.005682	0.005682	0.005682	0.009470	0.013258	0.025253	
0.071970	0.039773	0.029672	0.017677	0.041035	0.014520	0.025253	0.005682	0.025253	0.017677	0.013889	0.010732	0.034091	0.010101	0.023990	0.014520	0.030303	0.016414	0.020202	0.010732	0.012626	0.003157	0.008207	0.003157	0.040404	0.015783	0.017677	0.010732	0.016414	0.005682	0.013258	0.006313	0.023359	0.007576	0.010101	0.006313	0.018939	0.009470	0.015783	0.007576	0.015152	0.007576	0.011364	0.007576	0.011995	0.011364	0.013889	0.004419	0.011995	0.003788	0.005682	0.004419	0.017677	0.006944	0.015783	0.004419	0.041035	0.013889	0.015783	0.007576	0.011364	0.027146	0.019571	0.023990	
0.068813	0.023990	0.016414	0.028409	0.024621	0.009470	0.025253	0.008207	0.020202	0.018939	0.010101	0.016414	0.008838	0.005051	0.008838	0.016414	0.031566	0.011364	0.010101	0.037247	0.012626	0.003157	0.014520	0.003788	0.026515	0.008838	0.011995	0.017677	0.005682	0.004419	0.001894	0.008838	0.059975	0.017677	0.009470	0.034722	0.015783	0.007576	0.017045	0.014520	0.025253	0.011364	0.007576	0.014520	0.005051	0.008207	0.004419	0.018939	0.036616	0.011364	0.007576	0.018308	0.022096	0.007576	0.017045	0.007576	0.032197	0.010732	0.010732	0.017045	0.011364	0.012626	0.006944	0.018308	
0.099116	0.033460	0.045455	0.018939	0.019571	0.005682	0.034722	0.004419	0.013258	0.015783	0.007576	0.006944	0.011995	0.020202	0.053030	0.033460	0.037879	0.008838	0.009470	0.018939	0.012626	0.002525	0.010101	0.002525	0.027778	0.018308	0.013258	0.014520	0.006944	0.007576	0.009470	0.010101	0.051768	0.013889	0.017045	0.021465	0.015152	0.010732	0.017045	0.006944	0.013258	0.009470	0.011364	0.006313	0.013889	0.008838	0.024621	0.018308	0.000631	0.013889	0.000631	0.015783	0.006313	0.006313	0.012626	0.005051	0.000631	0.004419	0.015152	0.001894	0.011995	0.007576	0.017677	0.025253	
0.065025	0.046086	0.047348	0.030934	0.027146	0.011364	0.022096	0.009470	0.017677	0.025884	0.016414	0.012626	0.021465	0.016414	0.020833	0.016414	0.020833	0.007576	0.011364	0.013889	0.011364	0.003157	0.008207	0.002525	0.032828	0.013258	0.013889	0.014520	0.006313	0.005682	0.005682	0.001263	0.023990	0.008207	0.011995	0.010732	0.017677	0.012626	0.008838	0.008838	0.019571	0.008207	0.010732	0.008838	0.009470	0.005682	0.006313	0.008207	0.015152	0.008838	0.008838	0.011995	0.011995	0.008838	0.018308	0.005051	0.047980	0.017677	0.020833	0.018308	0.015152	0.018308	0.026515	0.027146	
0.051768	0.022727	0.018939	0.031566	0.022727	0.009470	0.024621	0.013889	0.025253	0.019571	0.011995	0.022727	0.011364	0.011364	0.014520	0.030303	0.023990	0.010101	0.006313	0.027778	0.009470	0.006944	0.012626	0.006944	0.018939	0.010732	0.015783	0.011995	0.007576	0.003788	0.003157	0.011364	0.044823	0.019571	0.018308	0.035354	0.022727	0.010732	0.015783	0.015783	0.023359	0.011364	0.008207	0.018939	0.010732	0.008838	0.007576	0.027146	0.013258	0.008207	0.008207	0.022727	0.017045	0.008838	0.007576	0.012626	0.020202	0.011364	0.007576	0.020202	0.010101	0.011364	0.006313	0.025253	
0.067551	0.020833	0.026515	0.018939	0.027146	0.006944	0.021465	0.005051	0.025253	0.010732	0.009470	0.006313	0.006944	0.030303	0.029040	0.051136	0.030934	0.006313	0.015783	0.018939	0.012626	0.005051	0.014520	0.003788	0.013258	0.013258	0.022727	0.011364	0.009470	0.011995	0.012626	0.015152	0.041035	0.012626	0.019571	0.014520	0.014520	0.010732	0.015783	0.011995	0.015783	0.013889	0.008207	0.005682	0.016414	0.015152	0.031566	0.010732	0.000631	0.009470	0.000631	0.029040	0.006944	0.004419	0.015783	0.008207	0.000631	0.005682	0.020833	0.004419	0.011364	0.012626	0.035354	0.034722	
0.042298	0.042298	0.032197	0.023359	0.017045	0.006313	0.019571	0.006313	0.020202	0.018939	0.012626	0.010732	0.026515	0.013889	0.021465	0.019571	0.017045	0.010101	0.011364	0.022727	0.010101	0.006313	0.006313	0.004419	0.023359	0.009470	0.015152	0.019571	0.006313	0.007576	0.008838	0.006313	0.022727	0.009470	0.015152	0.007576	0.010732	0.011995	0.011995	0.008838	0.017045	0.018939	0.012626	0.012626	0.006313	0.006313	0.010101	0.005051	0.011364	0.006313	0.010732	0.015783	0.025253	0.012626	0.024621	0.007576	0.037247	0.025253	0.026515	0.019571	0.018939	0.025253	0.038510	0.029040	
0.041035	0.018308	0.011364	0.022727	0.024621	0.008838	0.025884	0.008838	0.023990	0.015152	0.008207	0.022096	0.010732	0.011364	0.021465	0.025884	0.021465	0.007576	0.006944	0.027146	0.008838	0.009470	0.012626	0.006313	0.017677	0.009470	0.011364	0.023990	0.006944	0.004419	0.003157	0.012626	0.043561	0.021465	0.007576	0.025253	0.017045	0.007576	0.018308	0.029672	0.025253	0.016414	0.007576	0.017677	0.008838	0.007576	0.003788	0.042298	0.017677	0.017045	0.004419	0.018939	0.018939	0.007576	0.017677	0.008838	0.027146	0.017045	0.006944	0.027778	0.005051	0.015783	0.009470	0.029672	
0.071970	0.013889	0.017677	0.020202	0.020833	0.012626	0.022096	0.008838	0.014520	0.007576	0.002525	0.005682	0.012626	0.024621	0.018308	0.038510	0.035985	0.006313	0.010732	0.016414	0.011995	0.003788	0.013889	0.003788	0.020202	0.017677	0.017045	0.019571	0.007576	0.014520	0.013889	0.017677	0.044823	0.013258	0.011995	0.023990	0.014520	0.013889	0.018308	0.011364	0.011995	0.008207	0.008838	0.005051	0.025253	0.023359	0.023990	0.018939	0.000631	0.011995	0.000631	0.018308	0.010732	0.006313	0.012626	0.009470	0.000631	0.003788	0.030303	0.003157	0.025884	0.014520	0.031566	0.038510	
0.047348	0.040404	0.038510	0.027146	0.014520	0.013889	0.010732	0.006313	0.013258	0.013258	0.006313	0.008207	0.021465	0.011995	0.025253	0.020202	0.017677	0.011364	0.011995	0.017045	0.013258	0.003788	0.011995	0.007576	0.022727	0.013889	0.014520	0.015783	0.005682	0.006944	0.017045	0.003788	0.018308	0.008207	0.010101	0.010732	0.008207	0.008838	0.013258	0.006944	0.024621	0.010101	0.010732	0.013258	0.009470	0.005682	0.009470	0.008838	0.024621	0.013258	0.017045	0.016414	0.025884	0.013258	0.029040	0.008838	0.035354	0.019571	0.017045	0.015783	0.027146	0.025884	0.041667	0.018939	
0.037247	0.027778	0.015152	0.027778	0.032828	0.007576	0.018939	0.013889	0.023990	0.015152	0.014520	0.023990	0.014520	0.011364	0.014520	0.030934	0.027146	0.007576	0.005051	0.022096	0.017677	0.006313	0.010732	0.005051	0.018308	0.013258	0.015783	0.017677	0.006313	0.006944	0.003157	0.013258	0.034091	0.017045	0.010101	0.034722	0.020202	0.008207	0.011364	0.017045	0.017677	0.011364	0.004419	0.015152	0.011364	0.010732	0.008207	0.022727	0.021465	0.010732	0.003788	0.027778	0.013889	0.011995	0.014520	0.010101	0.028409	0.014520	0.015783	0.034722	0.009470	0.010101	0.005682	0.026515	
0.067551	0.017677	0.017045	0.017677	0.017045	0.010732	0.023990	0.011364	0.008838	0.009470	0.011364	0.004419	0.011364	0.030934	0.020833	0.049242	0.037247	0.010101	0.013258	0.023990	0.014520	0.001894	0.010732	0.006944	0.011364	0.017677	0.013258	0.013258	0.006313	0.010101	0.010101	0.019571	0.037879	0.013889	0.014520	0.022096	0.015783	0.011364	0.016414	0.010732	0.015783	0.013889	0.013889	0.006944	0.019571	0.023359	0.023990	0.024621	0.000631	0.016414	0.000631	0.023990	0.010101	0.009470	0.011364	0.008207	0.000631	0.004419	0.023990	0.002525	0.018939	0.010732	0.030934	0.032828	
0.052399	0.034091	0.040404	0.016414	0.013258	0.013258	0.023990	0.007576	0.010101	0.016414	0.006313	0.012626	0.024621	0.015783	0.023359	0.023990	0.015152	0.010101	0.015783	0.016414	0.011995	0.008838	0.006944	0.005682	0.020833	0.010732	0.018308	0.012626	0.005682	0.006944	0.013258	0.011364	0.017677	0.004419	0.011364	0.003157	0.015152	0.008207	0.016414	0.005682	0.022096	0.012626	0.015152	0.012626	0.005051	0.006313	0.006944	0.008838	0.008838	0.011995	0.015152	0.020202	0.022096	0.008838	0.035354	0.008838	0.028409	0.023990	0.020833	0.012626	0.022727	0.023990	0.041035	0.038510	
0.040404	0.016414	0.009470	0.027778	0.019571	0.015152	0.012626	0.013258	0.023359	0.020202	0.017677	0.021465	0.006313	0.010101	0.009470	0.030303	0.017045	0.007576	0.008838	0.029040	0.015152	0.008838	0.009470	0.005682	0.022727	0.015152	0.016414	0.028409	0.005682	0.005051	0.003788	0.013258	0.034722	0.015152	0.006944	0.024621	0.010732	0.012626	0.012626	0.027778	0.017677	0.018939	0.006944	0.017045	0.006313	0.006944	0.007576	0.029672	0.013258	0.010732	0.001894	0.032197	0.016414	0.008838	0.015152	0.012626	0.032197	0.017677	0.007576	0.027146	0.012626	0.021465	0.013889	0.034722	
0.054293	0.015783	0.018308	0.017045	0.017045	0.010101	0.017045	0.005682	0.008207	0.010101	0.003788	0.005051	0.014520	0.028409	0.027778	0.042929	0.025253	0.006944	0.013889	0.015783	0.011364	0.004419	0.027778	0.001894	0.009470	0.017045	0.010732	0.012626	0.007576	0.015783	0.018308	0.017677	0.032828	0.015783	0.019571	0.027778	0.017677	0.011995	0.020833	0.021465	0.022096	0.010101	0.009470	0.006944	0.013258	0.028409	0.025884	0.026515	0.000631	0.011364	0.000631	0.018308	0.007576	0.009470	0.017677	0.008838	0.000631	0.008838	0.019571	0.005682	0.025253	0.014520	0.030303	0.037879	
0.038510	0.030303	0.030303	0.013889	0.017045	0.008207	0.017045	0.007576	0.009470	0.020833	0.013258	0.008838	0.021465	0.017677	0.022096	0.017677	0.015783	0.013258	0.012626	0.011995	0.010732	0.005682	0.015152	0.004419	0.035985	0.018308	0.017045	0.011995	0.010732	0.008207	0.011364	0.007576	0.013258	0.008838	0.009470	0.008838	0.013258	0.010732	0.015783	0.006313	0.016414	0.011364	0.010732	0.005051	0.005051	0.006313	0.012626	0.006313	0.016414	0.008838	0.018939	0.016414	0.027146	0.012626	0.041667	0.005682	0.033460	0.025253	0.017677	0.025884	0.027146	0.020833	0.048611	0.028409	
0.033460	0.018939	0.007576	0.023990	0.018939	0.011995	0.016414	0.013889	0.027778	0.019571	0.010101	0.013889	0.008838	0.009470	0.010732	0.022096	0.022096	0.009470	0.006944	0.029672	0.008838	0.006944	0.016414	0.005051	0.022096	0.018308	0.027146	0.022096	0.005051	0.005682	0.003788	0.009470	0.039773	0.014520	0.006313	0.034722	0.022096	0.011364	0.017045	0.025253	0.013258	0.018939	0.006313	0.020202	0.006313	0.008207	0.004419	0.032828	0.017677	0.013889	0.008207	0.024621	0.013889	0.008838	0.015152	0.015152	0.039773	0.017045	0.011364	0.026515	0.008207	0.017677	0.005051	0.029040	
0.056187	0.020202	0.014520	0.022096	0.015152	0.009470	0.025253	0.006944	0.010101	0.008838	0.003788	0.006313	0.011995	0.030934	0.031566	0.038510	0.029040	0.007576	0.015783	0.011364	0.008838	0.005682	0.017677	0.006944	0.011364	0.023359	0.015783	0.014520	0.006313	0.015783	0.017677	0.019571	0.038510	0.020833	0.017045	0.026515	0.015152	0.020833	0.020202	0.017677	0.015152	0.012626	0.014520	0.012626	0.012626	0.021465	0.027778	0.020833	0.000631	0.013258	0.000631	0.013889	0.007576	0.006944	0.016414	0.010101	0.000631	0.004419	0.016414	0.002525	0.024621	0.008838	0.030303	0.029672	
0.039141	0.027778	0.038510	0.018939	0.017045	0.011364	0.022727	0.010732	0.010732	0.012626	0.015783	0.008838	0.018939	0.013258	0.026515	0.015152	0.013258	0.006313	0.015783	0.011364	0.015152	0.006313	0.015152	0.006313	0.025884	0.017045	0.022096	0.014520	0.007576	0.005051	0.014520	0.014520	0.014520	0.003788	0.010732	0.008207	0.015783	0.006313	0.015152	0.011995	0.014520	0.014520	0.010732	0.010732	0.008207	0.009470	0.011364	0.006944	0.010732	0.006313	0.019571	0.018939	0.022727	0.013889	0.030934	0.009470	0.035354	0.029672	0.020833	0.021465	0.023990	0.018308	0.038510	0.027778	
0.029040	0.014520	0.010732	0.023359	0.013889	0.006313	0.011995	0.011995	0.029040	0.020833	0.013258	0.021465	0.012626	0.009470	0.011995	0.023359	0.024621	0.011995	0.005682	0.028409	0.015783	0.004419	0.008207	0.009470	0.029672	0.019571	0.019571	0.015152	0.006313	0.005682	0.008838	0.017677	0.030303	0.018939	0.005682	0.031566	0.016414	0.013889	0.015152	0.028409	0.025884	0.017677	0.008838	0.017045	0.005051	0.011364	0.006313	0.032828	0.016414	0.017677	0.001894	0.022727	0.011364	0.012626	0.012626	0.009470	0.030934	0.022096	0.014520	0.023359	0.010101	0.013889	0.011364	0.029040	
0.053662	0.015783	0.016414	0.014520	0.016414	0.016414	0.024621	0.005682	0.008207	0.007576	0.003157	0.005051	0.010101	0.029672	0.024621	0.041667	0.022727	0.006944	0.006944	0.020833	0.012626	0.004419	0.013889	0.006313	0.006944	0.016414	0.014520	0.010101	0.008838	0.013889	0.017045	0.019571	0.053030	0.016414	0.016414	0.029672	0.009470	0.024621	0.026515	0.019571	0.017045	0.013889	0.018308	0.006944	0.019571	0.023990	0.016414	0.017045	0.000631	0.010101	0.000631	0.022727	0.012626	0.011364	0.010101	0.006313	0.000631	0.008207	0.022727	0.006944	0.025253	0.017045	0.030303	0.030303	
0.037247	0.028409	0.049242	0.015152	0.013889	0.010101	0.017677	0.007576	0.008838	0.011364	0.010732	0.009470	0.018939	0.016414	0.032197	0.020202	0.013889	0.008838	0.014520	0.013889	0.016414	0.008207	0.026515	0.005682	0.023990	0.017045	0.020202	0.013889	0.004419	0.007576	0.015783	0.010101	0.010732	0.007576	0.007576	0.006944	0.015783	0.006313	0.013889	0.010101	0.013258	0.018308	0.014520	0.012626	0.006313	0.005682	0.009470	0.007576	0.016414	0.008838	0.020833	0.017677	0.025884	0.006944	0.041035	0.010732	0.018939	0.025884	0.025253	0.018308	0.018939	0.018308	0.044192	0.027146	
0.027146	0.016414	0.008207	0.026515	0.018308	0.008838	0.013889	0.012626	0.039141	0.020202	0.018939	0.013889	0.007576	0.013258	0.008207	0.024621	0.019571	0.011364	0.004419	0.036616	0.010732	0.006944	0.010101	0.003788	0.025884	0.022096	0.027778	0.023359	0.004419	0.004419	0.006944	0.018308	0.023990	0.012626	0.006944	0.021465	0.020202	0.008838	0.017045	0.026515	0.020833	0.022096	0.013889	0.013889	0.006944	0.007576	0.006313	0.033460	0.014520	0.011995	0.006313	0.015783	0.013258	0.012626	0.012626	0.009470	0.032828	0.025884	0.017677	0.025253	0.006313	0.015152	0.011364	0.032197	
0.040404	0.017045	0.009470	0.018308	0.016414	0.006944	0.019571	0.009470	0.004419	0.010101	0.005051	0.006313	0.009470	0.027146	0.026515	0.037247	0.025884	0.007576	0.015783	0.013258	0.011364	0.001894	0.017045	0.006944	0.009470	0.017677	0.013258	0.013258	0.008838	0.015152	0.014520	0.013889	0.044823	0.022096	0.024621	0.027146	0.021465	0.028409	0.026515	0.013889	0.023990	0.020833	0.019571	0.013889	0.012626	0.025253	0.020202	0.018308	0.000631	0.009470	0.000631	0.014520	0.012626	0.008838	0.012626	0.006313	0.000631	0.006944	0.019571	0.005682	0.026515	0.011995	0.028409	0.041667	
0.034091	0.025884	0.030934	0.020833	0.013258	0.011364	0.018939	0.012626	0.010732	0.018939	0.014520	0.006313	0.016414	0.011364	0.028409	0.017045	0.014520	0.010101	0.015783	0.021465	0.010101	0.011995	0.018308	0.005682	0.019571	0.018308	0.022096	0.015783	0.004419	0.006944	0.018308	0.006944	0.014520	0.007576	0.010101	0.006313	0.016414	0.010732	0.020202	0.008207	0.021465	0.015783	0.014520	0.005682	0.005051	0.010732	0.011995	0.011364	0.012626	0.009470	0.015783	0.019571	0.023359	0.013258	0.032197	0.010732	0.032828	0.025884	0.018939	0.011995	0.018939	0.018939	0.036616	0.036616	
0.030934	0.015152	0.010101	0.019571	0.019571	0.007576	0.013258	0.012626	0.027778	0.020202	0.012626	0.011995	0.012626	0.009470	0.017045	0.029040	0.016414	0.008838	0.008207	0.029672	0.015783	0.005682	0.017677	0.008207	0.025884	0.017045	0.028409	0.018308	0.006944	0.006313	0.009470	0.014520	0.022096	0.017045	0.010101	0.035354	0.016414	0.008207	0.020833	0.033460	0.020202	0.022096	0.010101	0.017677	0.010101	0.006313	0.001894	0.021465	0.011364	0.010101	0.005051	0.018308	0.014520	0.010101	0.013258	0.010101	0.030303	0.019571	0.021465	0.023990	0.011995	0.017045	0.011995	0.030934	
0.036616	0.015783	0.015152	0.013258	0.010732	0.008207	0.026515	0.005682	0.006944	0.011364	0.010101	0.005051	0.007576	0.025884	0.034091	0.035354	0.030303	0.006944	0.011995	0.017045	0.005682	0.005051	0.015783	0.005051	0.010101	0.026515	0.010732	0.017677	0.006944	0.015152	0.018308	0.023990	0.043561	0.010732	0.024621	0.025253	0.013889	0.020833	0.029672	0.014520	0.020202	0.018939	0.018308	0.015152	0.010101	0.025884	0.018939	0.017045	0.000631	0.016414	0.000631	0.023990	0.007576	0.013258	0.011364	0.006944	0.000631	0.005682	0.027778	0.006313	0.019571	0.014520	0.035354	0.026515	
