>NC_002655
0.030647	0.016269	0.010216	0.021945	0.014378	0.017783	0.013999	0.017783	0.012864	0.011351	0.008324	0.011351	0.015134	0.017783	0.014756	0.026485	0.017026	0.012107	0.017404	0.018918	0.010972	0.014756	0.018918	0.012486	0.012107	0.020053	0.015891	0.016269	0.005297	0.010216	0.015891	0.019675	0.020053	0.012486	0.005675	0.014378	0.017783	0.013621	0.016648	0.015891	0.013999	0.020431	0.007946	0.014378	0.012107	0.006810	0.010216	0.018161	0.028755	0.010972	0.010972	0.020810	0.021188	0.012486	0.010972	0.016269	0.024215	0.016269	0.016648	0.015513	0.024972	0.021566	0.013999	0.038214	
0.032539	0.024972	0.015891	0.023080	0.015134	0.011729	0.013243	0.011729	0.008702	0.014378	0.006054	0.015134	0.018540	0.016648	0.011351	0.029512	0.020810	0.011729	0.014378	0.017404	0.012864	0.013999	0.015513	0.016269	0.012107	0.021945	0.013621	0.012864	0.013999	0.009459	0.023458	0.015513	0.020053	0.010216	0.010216	0.022701	0.018161	0.012864	0.020053	0.016648	0.008702	0.017783	0.006432	0.015891	0.014756	0.012107	0.013243	0.017404	0.018540	0.012107	0.009081	0.017783	0.023458	0.011729	0.009837	0.010972	0.014378	0.015891	0.009837	0.014756	0.023458	0.018918	0.017026	0.042376	
0.030269	0.022323	0.018918	0.020431	0.014756	0.017026	0.017404	0.010216	0.015513	0.010594	0.007189	0.016269	0.020053	0.017783	0.017026	0.026107	0.017783	0.014378	0.017783	0.019675	0.016648	0.012864	0.010972	0.009837	0.009837	0.015513	0.015134	0.018161	0.006810	0.014756	0.017783	0.016269	0.015134	0.008702	0.004919	0.015134	0.018161	0.014378	0.025350	0.012107	0.010972	0.011351	0.004919	0.008702	0.017026	0.011351	0.011351	0.018918	0.028755	0.012107	0.008702	0.021566	0.017026	0.014378	0.013243	0.012107	0.021566	0.018161	0.012107	0.013243	0.026107	0.021566	0.020053	0.037079	
0.029134	0.019675	0.013243	0.029890	0.022701	0.010216	0.012107	0.012486	0.015891	0.015513	0.010594	0.008324	0.018918	0.019296	0.012486	0.026107	0.014756	0.015513	0.015513	0.020810	0.015513	0.012864	0.017404	0.012864	0.013243	0.021188	0.013243	0.019296	0.009837	0.008324	0.012486	0.013621	0.018540	0.015891	0.007567	0.015891	0.014378	0.012486	0.015134	0.013621	0.006432	0.016269	0.005297	0.011351	0.012864	0.010216	0.009459	0.023837	0.033674	0.012486	0.005297	0.018540	0.019296	0.009837	0.014378	0.021945	0.019675	0.013621	0.015134	0.017783	0.025728	0.014378	0.013621	0.044646	
0.029512	0.025728	0.013243	0.027620	0.017026	0.018918	0.012107	0.015891	0.015513	0.009081	0.006810	0.010216	0.019675	0.020431	0.013999	0.031025	0.018918	0.014378	0.015513	0.022701	0.011351	0.008324	0.012864	0.013243	0.012486	0.017026	0.013621	0.015891	0.008324	0.010972	0.023837	0.017783	0.018918	0.011351	0.010594	0.014378	0.015891	0.022323	0.014756	0.013999	0.010972	0.009459	0.006054	0.017783	0.009837	0.013999	0.013621	0.019296	0.024593	0.011729	0.008324	0.022701	0.017783	0.009837	0.011351	0.013243	0.010972	0.014378	0.008324	0.014378	0.028377	0.025350	0.018918	0.035566	
0.028755	0.018540	0.015891	0.028755	0.019675	0.013621	0.010972	0.018918	0.010594	0.017783	0.008702	0.010594	0.024972	0.021945	0.018540	0.021945	0.020431	0.011729	0.014756	0.015134	0.012864	0.015134	0.015513	0.015891	0.011351	0.016648	0.012486	0.010594	0.012486	0.013621	0.015513	0.014756	0.020431	0.009459	0.004162	0.015891	0.012486	0.010216	0.016269	0.010972	0.007189	0.010594	0.007189	0.009459	0.013621	0.010594	0.014756	0.019675	0.026485	0.012864	0.004919	0.021945	0.027620	0.018540	0.010594	0.013999	0.018540	0.021188	0.015513	0.015134	0.026863	0.018540	0.021566	0.036701	
0.034431	0.023080	0.013243	0.025350	0.017404	0.014756	0.012107	0.008324	0.009837	0.012486	0.006810	0.010594	0.021945	0.018918	0.007189	0.033674	0.018161	0.015134	0.019296	0.020053	0.015134	0.010972	0.018918	0.012486	0.008324	0.017026	0.014378	0.013621	0.009459	0.013621	0.018918	0.017783	0.017404	0.009459	0.004919	0.015891	0.017404	0.011351	0.018161	0.019296	0.007946	0.018540	0.009459	0.007946	0.010594	0.007567	0.009081	0.018540	0.031782	0.011729	0.004919	0.029512	0.019675	0.011351	0.014756	0.018918	0.027242	0.016648	0.011351	0.015134	0.026107	0.022323	0.013243	0.031404	
0.036701	0.021566	0.011351	0.032160	0.014378	0.015513	0.012864	0.016648	0.011351	0.009837	0.011351	0.009459	0.024593	0.018540	0.013621	0.034052	0.020810	0.012486	0.013999	0.022701	0.012864	0.011729	0.013243	0.010594	0.013621	0.015513	0.010972	0.023837	0.007189	0.009837	0.026863	0.015134	0.015891	0.010594	0.008702	0.018161	0.015891	0.015513	0.018918	0.014378	0.008702	0.014378	0.009459	0.009837	0.009837	0.007567	0.008324	0.021566	0.027620	0.012486	0.007946	0.020053	0.018540	0.012107	0.013243	0.018540	0.011729	0.012486	0.011351	0.012864	0.022701	0.020810	0.019675	0.038214	
0.030269	0.023458	0.019675	0.027620	0.020053	0.010594	0.012486	0.013999	0.010972	0.009459	0.008324	0.013243	0.031025	0.018918	0.017404	0.025728	0.021188	0.013243	0.013621	0.013621	0.014378	0.013999	0.013999	0.012486	0.013999	0.016648	0.012864	0.014756	0.008702	0.010594	0.026485	0.014378	0.017783	0.008702	0.005297	0.013621	0.019675	0.009459	0.011729	0.011351	0.012486	0.010594	0.012107	0.007946	0.013999	0.011351	0.007567	0.023080	0.027242	0.012486	0.003784	0.020810	0.021945	0.009459	0.010972	0.014378	0.021945	0.017026	0.013999	0.015513	0.033295	0.019296	0.019296	0.037079	
0.030647	0.026107	0.012486	0.027242	0.022323	0.009081	0.012486	0.013999	0.008702	0.014378	0.008324	0.010972	0.021188	0.017026	0.007946	0.029512	0.018161	0.017783	0.016648	0.023458	0.012486	0.005675	0.009837	0.015134	0.013999	0.015513	0.008324	0.011351	0.006810	0.007567	0.018161	0.019675	0.018918	0.013999	0.005675	0.020810	0.015513	0.010216	0.011729	0.016269	0.011729	0.014378	0.012486	0.008702	0.011351	0.007946	0.011351	0.020810	0.034052	0.016269	0.012486	0.023837	0.024215	0.012107	0.008702	0.014756	0.025350	0.012107	0.014756	0.018540	0.028755	0.015891	0.017783	0.037836	
0.032539	0.027620	0.014378	0.027242	0.022701	0.018540	0.013999	0.018918	0.017026	0.009459	0.008324	0.012486	0.022323	0.017783	0.019296	0.036322	0.020053	0.015513	0.020810	0.018161	0.011729	0.007946	0.009081	0.008324	0.010594	0.010216	0.009837	0.012107	0.011351	0.007946	0.025728	0.015134	0.020053	0.011729	0.007567	0.020431	0.018540	0.016269	0.009459	0.012107	0.007946	0.014378	0.009081	0.012486	0.013999	0.010594	0.010594	0.014378	0.023837	0.012107	0.004540	0.027242	0.016648	0.008324	0.008702	0.014378	0.014378	0.011729	0.012486	0.017026	0.025728	0.020810	0.015513	0.045781	
0.034809	0.021188	0.014756	0.025728	0.026863	0.013999	0.012864	0.013243	0.017404	0.010972	0.012486	0.006432	0.026485	0.021188	0.015513	0.029890	0.021566	0.010594	0.019296	0.018161	0.016648	0.012486	0.012486	0.009459	0.009081	0.010972	0.007946	0.013243	0.011351	0.009837	0.017026	0.015513	0.018161	0.009081	0.010972	0.011729	0.013243	0.008702	0.011351	0.012486	0.012107	0.009837	0.006810	0.010972	0.012486	0.011351	0.014378	0.015891	0.035187	0.010594	0.007189	0.020431	0.025728	0.008324	0.010594	0.012486	0.032917	0.009837	0.015891	0.012486	0.033295	0.014756	0.020431	0.043133	
0.037079	0.022323	0.016648	0.033674	0.021566	0.009837	0.007567	0.012486	0.015891	0.011729	0.012107	0.012486	0.017783	0.018161	0.010972	0.029134	0.026107	0.012486	0.023458	0.020431	0.014756	0.005675	0.013243	0.009837	0.012107	0.013243	0.011351	0.010594	0.008702	0.006054	0.015134	0.017783	0.021188	0.013243	0.013243	0.023837	0.016269	0.005297	0.012864	0.007567	0.011729	0.013999	0.007189	0.010216	0.014756	0.007567	0.007567	0.013243	0.042376	0.014756	0.005297	0.021188	0.022701	0.009081	0.010594	0.014756	0.024593	0.012864	0.011729	0.018540	0.029890	0.021566	0.015134	0.038214	
0.048430	0.021945	0.022701	0.033674	0.024593	0.012864	0.011729	0.013621	0.018540	0.010972	0.014378	0.014756	0.029134	0.017404	0.019675	0.032917	0.023837	0.013243	0.021945	0.016269	0.008702	0.007189	0.006432	0.007567	0.007189	0.009459	0.013999	0.013621	0.006432	0.009837	0.017783	0.010594	0.019296	0.010594	0.012107	0.022323	0.018540	0.009459	0.012864	0.010972	0.013243	0.010216	0.007946	0.010972	0.013999	0.010594	0.013999	0.013243	0.032160	0.015134	0.006054	0.017783	0.024972	0.008702	0.009459	0.009837	0.018161	0.007189	0.009081	0.014378	0.023837	0.017404	0.017783	0.039349	
0.040863	0.029512	0.029134	0.024215	0.023458	0.010594	0.015891	0.010972	0.021566	0.012486	0.017404	0.011351	0.025350	0.016648	0.021188	0.026863	0.023080	0.015891	0.023837	0.013999	0.012486	0.006432	0.011729	0.007567	0.010216	0.009081	0.014378	0.006810	0.008702	0.007189	0.015513	0.010594	0.023458	0.009837	0.009081	0.014756	0.013999	0.005675	0.010972	0.006810	0.015891	0.010972	0.006432	0.012107	0.015891	0.009837	0.011351	0.016648	0.034809	0.015134	0.006432	0.017026	0.023080	0.008324	0.010216	0.013621	0.029890	0.013621	0.013621	0.012107	0.029134	0.015891	0.014378	0.036701	
0.048430	0.022701	0.025350	0.025350	0.035187	0.012486	0.012486	0.010216	0.018918	0.012107	0.023458	0.013999	0.021945	0.012864	0.012486	0.022701	0.021945	0.009837	0.022701	0.018540	0.007567	0.009081	0.006810	0.007567	0.010594	0.012107	0.018161	0.007946	0.009081	0.004540	0.017026	0.008324	0.033295	0.013621	0.018540	0.012107	0.013999	0.008324	0.011729	0.012107	0.019296	0.010972	0.012486	0.009459	0.017404	0.007567	0.006810	0.010594	0.041998	0.012864	0.010594	0.013621	0.017783	0.010216	0.009081	0.012107	0.023080	0.016648	0.011729	0.010594	0.031025	0.011729	0.011729	0.036322	
0.057889	0.020810	0.044646	0.022323	0.027242	0.008702	0.015134	0.007946	0.020810	0.015513	0.030269	0.010594	0.020431	0.013621	0.017783	0.017783	0.021566	0.012107	0.030647	0.010216	0.012864	0.006432	0.010972	0.009837	0.008702	0.008702	0.013243	0.009459	0.009081	0.006432	0.018161	0.008324	0.025350	0.010216	0.021945	0.014756	0.018918	0.007567	0.016648	0.008702	0.025350	0.012107	0.020431	0.007946	0.009837	0.003784	0.015891	0.012486	0.037079	0.011729	0.010216	0.020431	0.016648	0.006432	0.006810	0.006810	0.016269	0.007189	0.016269	0.008324	0.023080	0.014378	0.015513	0.024972	
0.055619	0.018540	0.055619	0.012107	0.023458	0.008324	0.016269	0.006810	0.036322	0.009081	0.055240	0.006810	0.022701	0.013243	0.017026	0.014756	0.017783	0.009459	0.039728	0.008702	0.007946	0.003784	0.012486	0.004919	0.009837	0.006054	0.028755	0.004919	0.008324	0.005297	0.014756	0.004919	0.022701	0.006810	0.035187	0.006054	0.013621	0.009459	0.013243	0.007189	0.040484	0.008324	0.021566	0.009837	0.010594	0.007189	0.013621	0.004919	0.034431	0.011351	0.005675	0.010972	0.015891	0.005297	0.007946	0.009081	0.025728	0.008324	0.026107	0.007189	0.022323	0.013243	0.014378	0.013621	
0.033674	0.010972	0.070375	0.015513	0.014756	0.007946	0.013621	0.009837	0.026863	0.007189	0.090428	0.011729	0.009837	0.005297	0.009837	0.012864	0.012864	0.007189	0.035566	0.005675	0.005675	0.004162	0.013243	0.003784	0.013243	0.006054	0.025728	0.004919	0.001892	0.003405	0.018161	0.004540	0.025350	0.012107	0.062429	0.012107	0.011351	0.005297	0.011351	0.003784	0.069618	0.010594	0.028755	0.022701	0.009459	0.004162	0.010216	0.004919	0.045025	0.007189	0.006810	0.005297	0.017026	0.005675	0.007189	0.009081	0.023837	0.003784	0.027242	0.004919	0.012107	0.005297	0.008324	0.012486	
0.024215	0.010216	0.068861	0.013621	0.013621	0.004162	0.011351	0.008324	0.031025	0.009459	0.126372	0.008324	0.006054	0.008702	0.015134	0.008702	0.007189	0.007189	0.030647	0.003784	0.008324	0.001513	0.011351	0.001892	0.009837	0.005297	0.023458	0.006810	0.003784	0.003027	0.014378	0.005297	0.028755	0.013999	0.072266	0.018540	0.007946	0.004162	0.010972	0.004540	0.099508	0.009459	0.045781	0.017783	0.014756	0.005297	0.014378	0.009837	0.013243	0.004540	0.006054	0.009459	0.009081	0.002649	0.003784	0.002649	0.012864	0.005675	0.024215	0.003784	0.006810	0.006054	0.010594	0.011351	
0.026863	0.015513	0.014756	0.016269	0.011351	0.005675	0.010594	0.008324	0.044646	0.012864	0.106319	0.013999	0.016648	0.006810	0.009837	0.012107	0.010594	0.005297	0.013621	0.009837	0.003027	0.003027	0.004540	0.001892	0.009837	0.002649	0.020053	0.004919	0.003784	0.003405	0.006810	0.003405	0.033674	0.012107	0.090806	0.017026	0.011351	0.003784	0.006432	0.008324	0.132047	0.016648	0.046916	0.024215	0.012107	0.005297	0.012864	0.006432	0.012864	0.006810	0.006432	0.005297	0.006054	0.004540	0.005297	0.007189	0.021566	0.005297	0.021945	0.005675	0.011351	0.005675	0.006810	0.011351	
0.029890	0.013243	0.016648	0.024215	0.014756	0.003405	0.009837	0.011729	0.034431	0.016269	0.053727	0.021188	0.017404	0.008324	0.005675	0.017026	0.010594	0.005297	0.007946	0.007946	0.003784	0.004540	0.002649	0.006054	0.004919	0.006432	0.011729	0.003784	0.002649	0.006054	0.009081	0.007946	0.054484	0.015891	0.104427	0.033295	0.013621	0.008324	0.006432	0.009081	0.105562	0.018161	0.038214	0.033295	0.017783	0.006054	0.010972	0.013621	0.018540	0.007946	0.007567	0.009837	0.007189	0.004540	0.004919	0.004540	0.015513	0.005675	0.008324	0.006810	0.009081	0.003405	0.004540	0.016269	
0.045403	0.020053	0.017026	0.030269	0.014756	0.008324	0.010972	0.008324	0.043133	0.017783	0.042754	0.032917	0.024215	0.011729	0.017026	0.022323	0.010972	0.008702	0.009081	0.010594	0.006432	0.004162	0.005297	0.004919	0.004919	0.006432	0.004162	0.008324	0.005675	0.004919	0.013999	0.006810	0.050322	0.016648	0.063942	0.029134	0.017026	0.009081	0.013243	0.007567	0.032160	0.016269	0.024215	0.039349	0.015513	0.007946	0.020431	0.021188	0.020431	0.004540	0.005675	0.016269	0.008324	0.003027	0.001892	0.010594	0.010216	0.005297	0.007567	0.007189	0.012486	0.007567	0.013243	0.021566	
0.043511	0.027998	0.021945	0.033674	0.015134	0.011351	0.015891	0.007567	0.025350	0.022323	0.030647	0.017404	0.026863	0.015891	0.020431	0.023080	0.013243	0.009837	0.015134	0.008324	0.007189	0.005675	0.005297	0.006432	0.007189	0.006810	0.008702	0.008702	0.007189	0.004919	0.011729	0.007567	0.038593	0.014378	0.018161	0.019296	0.014378	0.009081	0.014378	0.007946	0.022701	0.016269	0.018161	0.021188	0.025728	0.010972	0.028377	0.022701	0.024215	0.012486	0.006054	0.015134	0.012107	0.006432	0.004919	0.008702	0.026485	0.012486	0.013243	0.012107	0.022323	0.007189	0.013999	0.028377	
0.042754	0.031025	0.018918	0.027242	0.020053	0.012486	0.014756	0.017026	0.020810	0.012486	0.012864	0.015134	0.026107	0.022701	0.006810	0.020810	0.014756	0.008702	0.013621	0.011729	0.008702	0.007567	0.009081	0.007189	0.012486	0.011729	0.006054	0.010216	0.009459	0.005297	0.010216	0.005675	0.031025	0.012864	0.020053	0.017783	0.020053	0.012486	0.015891	0.009459	0.023458	0.020053	0.013999	0.013243	0.018540	0.010594	0.009459	0.020810	0.044646	0.015134	0.008324	0.013999	0.014378	0.006054	0.009837	0.009081	0.026485	0.017404	0.013999	0.016648	0.029134	0.013243	0.010972	0.028377	
0.060159	0.025350	0.030647	0.017026	0.034052	0.010594	0.013621	0.009459	0.020810	0.014756	0.017783	0.007567	0.021566	0.013621	0.017783	0.017783	0.018161	0.013999	0.018540	0.012486	0.013621	0.004162	0.010972	0.009837	0.013243	0.017026	0.010594	0.008702	0.009837	0.005675	0.019296	0.007946	0.038214	0.012107	0.015891	0.017026	0.020053	0.011729	0.017404	0.012107	0.010972	0.015134	0.010216	0.010594	0.013999	0.008702	0.018540	0.013999	0.043890	0.009837	0.010594	0.018918	0.024972	0.006054	0.014756	0.006432	0.016648	0.008324	0.006054	0.006810	0.021945	0.013243	0.016648	0.024215	
0.050700	0.040484	0.020431	0.048808	0.014378	0.016648	0.013999	0.016269	0.015134	0.026485	0.013243	0.020810	0.013999	0.012486	0.010594	0.028377	0.018540	0.024972	0.023080	0.026485	0.005675	0.010216	0.005297	0.011351	0.013999	0.015513	0.011729	0.015513	0.005297	0.006054	0.017026	0.009459	0.021945	0.014756	0.007189	0.017783	0.011351	0.010216	0.012107	0.021566	0.011729	0.013621	0.004919	0.014378	0.008702	0.007946	0.007946	0.009081	0.025728	0.015513	0.005297	0.020810	0.012486	0.007567	0.004919	0.016269	0.022323	0.016648	0.009081	0.024215	0.013999	0.011729	0.006810	0.031782	
0.051835	0.021945	0.018161	0.024972	0.029512	0.024593	0.017026	0.024593	0.008702	0.015513	0.015134	0.016648	0.026863	0.037079	0.004162	0.045781	0.013621	0.006810	0.012486	0.010972	0.008324	0.008702	0.009837	0.017783	0.004162	0.013243	0.009837	0.009081	0.009459	0.009837	0.027620	0.018540	0.016269	0.010594	0.013621	0.022701	0.017404	0.018540	0.018161	0.018540	0.012486	0.009837	0.007567	0.008702	0.020810	0.016648	0.004540	0.032917	0.018161	0.010216	0.006432	0.007189	0.012486	0.008324	0.006810	0.010594	0.015134	0.012864	0.004540	0.009837	0.017404	0.020431	0.007946	0.032917	
0.085887	0.000378	0.012864	0.000757	0.041998	0.000378	0.006432	0.000757	0.039349	0.000378	0.008324	0.002649	0.055997	0.000378	0.007946	0.001513	0.055997	0.000378	0.009459	0.001892	0.047673	0.000378	0.010594	0.001513	0.045025	0.000378	0.005297	0.001135	0.057510	0.000378	0.011351	0.002270	0.030269	0.000378	0.009081	0.000757	0.038214	0.000378	0.010972	0.001892	0.025728	0.000378	0.009837	0.001135	0.031404	0.000378	0.010594	0.001892	0.065078	0.000378	0.005675	0.003405	0.071131	0.000378	0.010594	0.002270	0.039349	0.000378	0.004162	0.000378	0.110859	0.000378	0.015513	0.003405	
0.000378	0.000378	0.000378	0.236095	0.000378	0.000378	0.000378	0.000378	0.000378	0.000378	0.000378	0.035944	0.000378	0.000378	0.000378	0.005675	0.000378	0.000378	0.000378	0.197881	0.000378	0.000378	0.000378	0.000378	0.000378	0.000378	0.000378	0.037457	0.000378	0.000378	0.000378	0.005297	0.000378	0.000378	0.000378	0.148316	0.000378	0.000378	0.000378	0.000378	0.000378	0.000378	0.000378	0.026485	0.000378	0.000378	0.000378	0.004162	0.000378	0.000378	0.000378	0.254635	0.000378	0.000378	0.000378	0.000378	0.000378	0.000378	0.000378	0.044268	0.000378	0.000378	0.000378	0.007946	
0.000378	0.000378	0.000378	0.000378	0.000378	0.000378	0.000378	0.000378	0.000378	0.000378	0.000378	0.000378	0.000378	0.000378	0.835793	0.000378	0.000378	0.000378	0.000378	0.000378	0.000378	0.000378	0.000378	0.000378	0.000378	0.000378	0.000378	0.000378	0.000378	0.000378	0.000378	0.000378	0.000378	0.000378	0.000378	0.000378	0.000378	0.000378	0.000378	0.000378	0.000378	0.000378	0.000378	0.000378	0.000378	0.000378	0.143398	0.000378	0.000378	0.000378	0.000378	0.000378	0.000378	0.000378	0.000378	0.000378	0.000378	0.000378	0.000378	0.000378	0.000378	0.000378	0.021945	0.000378	
0.000378	0.000378	0.000378	0.000378	0.000378	0.000378	0.000378	0.000378	0.000378	0.000378	0.000378	0.000378	0.000378	0.000378	0.000378	0.000378	0.000378	0.000378	0.000378	0.000378	0.000378	0.000378	0.000378	0.000378	0.000378	0.000378	0.000378	0.000378	0.000378	0.000378	0.000378	0.000378	0.000378	0.000378	0.000378	0.000378	0.000378	0.000378	0.000378	0.000378	0.000378	0.000378	0.000378	0.000378	0.000378	0.000378	0.000378	0.000378	0.000378	0.000378	0.000378	0.000378	0.000378	0.000378	0.000378	0.000378	0.472569	0.171396	0.214907	0.141884	0.000378	0.000378	0.000378	0.000378	
0.000378	0.000378	0.000378	0.000378	0.000378	0.000378	0.000378	0.000378	0.000378	0.000378	0.000378	0.000378	0.000378	0.000378	0.000378	0.000378	0.000378	0.000378	0.000378	0.000378	0.000378	0.000378	0.000378	0.000378	0.000378	0.000378	0.000378	0.000378	0.000378	0.000378	0.000378	0.000378	0.199016	0.098751	0.088914	0.087022	0.051457	0.032917	0.044268	0.043890	0.068861	0.090428	0.027998	0.028755	0.010972	0.064321	0.012486	0.054484	0.000378	0.000378	0.000378	0.000378	0.000378	0.000378	0.000378	0.000378	0.000378	0.000378	0.000378	0.000378	0.000378	0.000378	0.000378	0.000378	
0.095346	0.034431	0.026485	0.043890	0.028377	0.021188	0.024215	0.025728	0.010972	0.038214	0.004540	0.036322	0.012864	0.018918	0.029134	0.027242	0.021945	0.004162	0.018540	0.007946	0.013243	0.004162	0.008702	0.007946	0.010216	0.012486	0.004162	0.018540	0.005675	0.007946	0.021945	0.009459	0.029890	0.008324	0.012107	0.019675	0.035944	0.010972	0.016648	0.027998	0.009459	0.004919	0.003784	0.010972	0.009081	0.004540	0.005675	0.010594	0.000378	0.005297	0.000378	0.006054	0.019296	0.013243	0.014756	0.018161	0.000378	0.003784	0.005297	0.004162	0.015513	0.011351	0.010594	0.018161	
0.069240	0.034052	0.021945	0.022323	0.019296	0.008324	0.016648	0.007946	0.018918	0.013621	0.011351	0.013243	0.033295	0.017026	0.012864	0.014378	0.034431	0.016648	0.026485	0.019296	0.023080	0.007946	0.011729	0.006810	0.020053	0.021566	0.015513	0.007189	0.029890	0.011729	0.027242	0.011351	0.014756	0.006432	0.004162	0.005675	0.023458	0.009459	0.016648	0.009837	0.004919	0.004162	0.007567	0.001135	0.028755	0.013243	0.016648	0.011351	0.016269	0.009459	0.008702	0.008702	0.015513	0.009459	0.012486	0.005297	0.032160	0.013243	0.013621	0.008324	0.026107	0.013999	0.014756	0.010594	
0.054862	0.034052	0.016269	0.029512	0.020431	0.009459	0.017783	0.018918	0.024593	0.014756	0.008702	0.013243	0.008702	0.016648	0.006432	0.024215	0.029134	0.015891	0.017783	0.018540	0.013243	0.007189	0.008324	0.006432	0.025728	0.010972	0.008702	0.012486	0.006432	0.006054	0.007189	0.010216	0.033674	0.013999	0.010216	0.018161	0.021945	0.010216	0.009837	0.010594	0.021188	0.013621	0.004919	0.008324	0.004162	0.007567	0.006810	0.011351	0.056754	0.023080	0.006810	0.031404	0.025728	0.007567	0.010972	0.011729	0.035944	0.014378	0.006810	0.014756	0.009081	0.012864	0.003027	0.022701	
0.081347	0.025350	0.037079	0.030647	0.024593	0.022323	0.023458	0.016269	0.018918	0.010972	0.005675	0.015513	0.022323	0.020431	0.022323	0.032539	0.026107	0.011351	0.029512	0.014378	0.009081	0.005675	0.010216	0.009459	0.010972	0.011729	0.009837	0.014378	0.004919	0.007567	0.019296	0.015891	0.043511	0.019296	0.010216	0.034431	0.018918	0.009837	0.014756	0.009837	0.009459	0.007567	0.004540	0.007189	0.012864	0.005675	0.012107	0.018161	0.000378	0.007946	0.000378	0.019675	0.013621	0.010216	0.008324	0.010972	0.000378	0.003784	0.013621	0.005675	0.021188	0.010972	0.008324	0.027242	
0.057132	0.041998	0.029134	0.023080	0.028755	0.010972	0.016648	0.007946	0.031404	0.017026	0.017026	0.011729	0.041619	0.029134	0.013999	0.014378	0.018540	0.018161	0.012107	0.017404	0.017404	0.008324	0.015513	0.006810	0.020053	0.012864	0.008702	0.015134	0.014378	0.009081	0.013999	0.009081	0.014378	0.009459	0.008324	0.006810	0.011351	0.006054	0.010216	0.006432	0.012486	0.008702	0.006054	0.006432	0.016648	0.007189	0.006432	0.012486	0.023080	0.015891	0.010594	0.011729	0.021945	0.007567	0.007946	0.007567	0.023458	0.012864	0.012864	0.012864	0.030269	0.015891	0.020810	0.026863	
0.039728	0.026107	0.009081	0.038214	0.027242	0.017026	0.016269	0.024972	0.018918	0.014756	0.009459	0.017026	0.004540	0.014378	0.006054	0.034052	0.025728	0.013621	0.012486	0.027242	0.009459	0.007567	0.008324	0.007567	0.013243	0.013999	0.009081	0.013999	0.007567	0.006054	0.004919	0.010216	0.033674	0.016648	0.006810	0.030269	0.015134	0.010594	0.008324	0.017404	0.014756	0.017404	0.003405	0.009081	0.007189	0.014378	0.002649	0.021945	0.043511	0.021566	0.004919	0.032539	0.019296	0.011351	0.012864	0.017783	0.019296	0.013999	0.007189	0.014756	0.010594	0.018918	0.005297	0.027998	
0.072266	0.020053	0.016648	0.033295	0.023080	0.023080	0.018161	0.013621	0.007189	0.013621	0.004162	0.008324	0.026863	0.036701	0.019675	0.045025	0.030269	0.008702	0.021945	0.010216	0.013621	0.006810	0.015891	0.010216	0.007567	0.012864	0.006054	0.019296	0.009081	0.014756	0.027998	0.016269	0.027242	0.010972	0.010972	0.016648	0.025728	0.013243	0.010216	0.011351	0.009837	0.007567	0.006054	0.005675	0.014756	0.013243	0.009081	0.017783	0.000378	0.011351	0.000378	0.017783	0.015891	0.011729	0.011351	0.015134	0.000378	0.003405	0.008702	0.006810	0.040484	0.013999	0.012864	0.026863	
0.049565	0.036322	0.023458	0.020431	0.021188	0.007946	0.012107	0.009837	0.012486	0.012107	0.015891	0.009459	0.026107	0.017026	0.017783	0.017026	0.024593	0.016269	0.018161	0.018918	0.020810	0.010972	0.013999	0.009081	0.013621	0.019296	0.012864	0.009837	0.010972	0.014756	0.015134	0.009459	0.010216	0.004162	0.006054	0.004540	0.012107	0.007567	0.013243	0.004919	0.008324	0.005675	0.007567	0.003405	0.016648	0.006810	0.007189	0.009459	0.031782	0.028755	0.011729	0.019296	0.027242	0.012864	0.018540	0.020431	0.030647	0.016648	0.013243	0.009081	0.034431	0.023080	0.023458	0.024972	
0.039728	0.029512	0.009081	0.037836	0.025350	0.020810	0.017783	0.021566	0.018161	0.012864	0.010594	0.017783	0.009837	0.015513	0.008324	0.029512	0.023080	0.026863	0.012486	0.018918	0.011351	0.007567	0.008324	0.012107	0.021945	0.014756	0.009837	0.011729	0.006432	0.014756	0.008324	0.014756	0.021188	0.017404	0.007567	0.018918	0.020053	0.009459	0.006810	0.017404	0.016648	0.013243	0.006432	0.013243	0.004162	0.006432	0.003784	0.017404	0.025728	0.023080	0.006432	0.033295	0.018540	0.008702	0.012486	0.021945	0.023080	0.019675	0.007189	0.013621	0.010972	0.014378	0.006810	0.028755	
0.047295	0.023837	0.011729	0.026863	0.029890	0.030647	0.014378	0.021945	0.009837	0.012864	0.003027	0.009837	0.011729	0.027242	0.019296	0.050700	0.027998	0.013621	0.017404	0.016269	0.014756	0.009081	0.012107	0.010594	0.006810	0.013999	0.006054	0.018540	0.003405	0.013999	0.036322	0.019296	0.034431	0.014378	0.007189	0.024215	0.019296	0.013243	0.013999	0.014378	0.006810	0.010972	0.006432	0.009837	0.016269	0.007946	0.012864	0.019675	0.000378	0.010216	0.000378	0.020431	0.016269	0.012107	0.008324	0.014378	0.000378	0.005675	0.012107	0.009081	0.025728	0.015513	0.012864	0.036322	
0.037457	0.028755	0.023458	0.020810	0.021188	0.013621	0.018161	0.009081	0.012107	0.007567	0.009081	0.007946	0.026485	0.021945	0.018540	0.020810	0.027620	0.015134	0.020810	0.016648	0.017404	0.015891	0.019296	0.012486	0.012486	0.018161	0.012486	0.005675	0.010972	0.015891	0.015891	0.018540	0.008324	0.006810	0.004919	0.003784	0.014378	0.007567	0.011351	0.010216	0.008702	0.007567	0.006810	0.004540	0.013621	0.010216	0.012107	0.011351	0.018161	0.016648	0.008324	0.014378	0.024972	0.012107	0.013243	0.013999	0.029134	0.017404	0.020431	0.014378	0.034052	0.024215	0.033295	0.034052	
0.036322	0.020053	0.007946	0.027242	0.020431	0.014756	0.014756	0.017404	0.017404	0.016648	0.006810	0.016648	0.008702	0.015513	0.004919	0.026485	0.020810	0.015134	0.017783	0.024215	0.010594	0.010594	0.012864	0.015134	0.018540	0.016648	0.010972	0.015891	0.009081	0.010972	0.013621	0.012107	0.023080	0.013999	0.004919	0.020431	0.015134	0.009081	0.010972	0.015513	0.015891	0.013999	0.008324	0.010216	0.003027	0.004162	0.002270	0.023080	0.030269	0.017026	0.005297	0.032539	0.019675	0.014378	0.014378	0.023837	0.030269	0.018918	0.011729	0.018918	0.017404	0.024593	0.004540	0.038214	
0.053727	0.019296	0.018918	0.018161	0.018540	0.020810	0.010972	0.015513	0.010594	0.009081	0.003784	0.012486	0.015513	0.026107	0.018161	0.044646	0.024972	0.010216	0.018161	0.012486	0.013243	0.013243	0.009459	0.012864	0.007946	0.013999	0.007946	0.023080	0.005675	0.013243	0.033674	0.019296	0.034809	0.013999	0.011729	0.021566	0.017783	0.016648	0.015891	0.015891	0.010972	0.010972	0.003784	0.012107	0.012486	0.010594	0.015891	0.022701	0.000378	0.011351	0.000378	0.026107	0.017404	0.011351	0.010972	0.015513	0.000378	0.005675	0.012107	0.007189	0.031404	0.013999	0.018918	0.035566	
0.040484	0.028377	0.022701	0.022323	0.016648	0.013621	0.015134	0.009459	0.013999	0.014378	0.012864	0.007946	0.024215	0.020810	0.019675	0.013621	0.015891	0.021945	0.018161	0.010972	0.019675	0.012486	0.021945	0.008324	0.009081	0.017026	0.014378	0.006810	0.010594	0.012486	0.025728	0.010972	0.010216	0.008324	0.004919	0.006432	0.015891	0.009459	0.008324	0.006054	0.006810	0.007567	0.005297	0.007946	0.016269	0.010972	0.012486	0.015134	0.018161	0.019675	0.013243	0.013999	0.022323	0.010594	0.018161	0.013243	0.026863	0.021566	0.026485	0.011729	0.032539	0.023837	0.038971	0.026863	
0.030269	0.020053	0.012107	0.022323	0.025728	0.014756	0.017404	0.020431	0.018161	0.012864	0.010972	0.017026	0.009459	0.012864	0.003784	0.027620	0.017026	0.016648	0.017783	0.023080	0.012486	0.008702	0.009459	0.015513	0.014378	0.016269	0.018918	0.013999	0.005675	0.008702	0.009837	0.012864	0.016648	0.009837	0.006810	0.023458	0.015513	0.010216	0.012486	0.022701	0.015891	0.021566	0.009837	0.011729	0.003784	0.007567	0.006054	0.017026	0.034809	0.015891	0.005297	0.027620	0.017404	0.012486	0.013243	0.024593	0.033674	0.024972	0.014378	0.023837	0.010972	0.013999	0.006810	0.034809	
0.038971	0.019296	0.013999	0.026485	0.013621	0.019296	0.017026	0.012486	0.009081	0.016648	0.006810	0.009459	0.015134	0.024593	0.019675	0.037457	0.020431	0.014756	0.022323	0.013621	0.009081	0.008702	0.017404	0.010972	0.009459	0.023458	0.005675	0.013999	0.007946	0.012486	0.043133	0.019675	0.028377	0.014756	0.009459	0.029512	0.027242	0.018161	0.017026	0.012864	0.009459	0.014756	0.010594	0.019296	0.016648	0.015134	0.013999	0.021188	0.000378	0.010972	0.000378	0.018161	0.009459	0.014756	0.006432	0.012486	0.000378	0.005675	0.013621	0.006810	0.024972	0.015513	0.015513	0.035944	
0.034431	0.022701	0.020810	0.010216	0.016648	0.010972	0.023080	0.009081	0.012107	0.011351	0.016269	0.006432	0.025350	0.020810	0.023458	0.018161	0.016648	0.020053	0.013621	0.009081	0.017026	0.016648	0.017026	0.010216	0.012486	0.020810	0.014756	0.009837	0.009081	0.012486	0.017783	0.009459	0.014378	0.004162	0.003405	0.006432	0.019675	0.015891	0.017404	0.007567	0.010216	0.010594	0.008324	0.007567	0.012486	0.011351	0.015134	0.010594	0.020053	0.018161	0.011729	0.014756	0.020431	0.012486	0.020053	0.014756	0.022701	0.021188	0.032160	0.015891	0.035944	0.021945	0.031782	0.024593	
0.032539	0.019675	0.009081	0.024215	0.018918	0.012486	0.010972	0.022323	0.016648	0.012864	0.011351	0.008702	0.003784	0.009459	0.006810	0.020431	0.022323	0.016648	0.010594	0.024215	0.013243	0.007946	0.018161	0.016648	0.023837	0.019675	0.015891	0.018161	0.007567	0.009081	0.009837	0.015134	0.021188	0.010216	0.005675	0.020053	0.015134	0.009837	0.013621	0.024972	0.020810	0.016648	0.011729	0.022701	0.004162	0.008324	0.003784	0.023458	0.025728	0.018161	0.007567	0.031404	0.015891	0.012107	0.013243	0.025350	0.029134	0.020053	0.014756	0.024215	0.011729	0.022701	0.004540	0.023837	
0.045403	0.020810	0.013243	0.022323	0.015891	0.024593	0.010972	0.013243	0.005675	0.011729	0.004162	0.010972	0.008702	0.029134	0.021566	0.040484	0.022701	0.008324	0.019296	0.012864	0.010972	0.008324	0.014378	0.008702	0.005297	0.019675	0.006810	0.024593	0.007189	0.014756	0.044268	0.023080	0.030269	0.017783	0.015513	0.026863	0.018161	0.021945	0.015134	0.013621	0.007567	0.019296	0.009837	0.017026	0.013621	0.014756	0.020810	0.024593	0.000378	0.013243	0.000378	0.013243	0.014378	0.018161	0.008324	0.008702	0.000378	0.008702	0.012486	0.003784	0.023080	0.014756	0.012864	0.032160	
0.027998	0.027998	0.026107	0.016648	0.021188	0.012864	0.019296	0.006810	0.012864	0.016269	0.013243	0.006054	0.024972	0.015513	0.020053	0.014378	0.016269	0.013999	0.017783	0.011351	0.020810	0.020053	0.023458	0.008702	0.010972	0.016648	0.013621	0.007567	0.006432	0.013621	0.015513	0.009081	0.006810	0.004162	0.004162	0.003784	0.015891	0.013999	0.017404	0.012107	0.006432	0.015134	0.008324	0.003027	0.013243	0.016269	0.014756	0.012107	0.013621	0.012107	0.013621	0.013243	0.024215	0.014378	0.021566	0.013243	0.030269	0.023080	0.032539	0.013621	0.029134	0.020053	0.043133	0.027998	
0.022701	0.013621	0.008702	0.019675	0.014756	0.010594	0.011351	0.021566	0.022323	0.015891	0.012486	0.010972	0.007567	0.011729	0.007189	0.018540	0.023458	0.011729	0.017026	0.029890	0.012864	0.015891	0.013243	0.019296	0.018540	0.026485	0.023080	0.013621	0.005297	0.009459	0.012107	0.013999	0.016648	0.013621	0.005297	0.024972	0.018918	0.008702	0.018918	0.024215	0.015891	0.022323	0.009837	0.019675	0.002649	0.005675	0.004540	0.017404	0.026107	0.013621	0.006054	0.027998	0.018918	0.008324	0.012486	0.026107	0.029890	0.026107	0.015513	0.021945	0.010972	0.016269	0.005297	0.031782	
0.040484	0.014756	0.010216	0.023458	0.013621	0.019675	0.010972	0.008702	0.009837	0.010594	0.005675	0.010972	0.010972	0.030269	0.023458	0.037836	0.013621	0.008702	0.027242	0.015891	0.009081	0.009459	0.016648	0.008324	0.007946	0.018918	0.008324	0.020810	0.010594	0.016648	0.046916	0.017026	0.039349	0.011729	0.012107	0.023458	0.020810	0.028755	0.022323	0.018540	0.011729	0.022323	0.009081	0.017783	0.012486	0.016648	0.014756	0.022323	0.000378	0.011351	0.000378	0.014378	0.011729	0.008324	0.010972	0.012107	0.000378	0.004919	0.014756	0.009081	0.021945	0.009459	0.018918	0.031404	
0.038593	0.022701	0.021945	0.010594	0.010972	0.013243	0.013999	0.008324	0.011729	0.012486	0.017783	0.007946	0.021566	0.018918	0.022701	0.013999	0.015134	0.015513	0.016648	0.007946	0.019675	0.011729	0.023837	0.010972	0.013621	0.017026	0.020810	0.009459	0.006810	0.009837	0.020053	0.010972	0.011729	0.007946	0.003784	0.006432	0.020431	0.013621	0.016269	0.006432	0.009081	0.012107	0.009459	0.007567	0.013243	0.013621	0.022701	0.009459	0.015513	0.017404	0.009459	0.013621	0.028377	0.011729	0.022323	0.010594	0.025350	0.025728	0.038593	0.014378	0.024972	0.020053	0.038593	0.024972	
0.027242	0.016269	0.011729	0.025728	0.017404	0.011351	0.011351	0.023080	0.012864	0.020431	0.010594	0.007946	0.004540	0.009081	0.006054	0.018918	0.017404	0.018918	0.018918	0.024593	0.010216	0.014756	0.012486	0.012864	0.023837	0.019675	0.014756	0.018161	0.007189	0.007946	0.009837	0.011351	0.024593	0.011729	0.006054	0.017404	0.018918	0.009837	0.012864	0.025728	0.021188	0.023837	0.016269	0.025350	0.004162	0.009459	0.006432	0.019296	0.021945	0.014378	0.006054	0.024215	0.015134	0.012864	0.009459	0.024972	0.026107	0.035566	0.019675	0.022701	0.008702	0.013621	0.006810	0.030269	
0.040484	0.021945	0.009081	0.019675	0.013243	0.018918	0.012864	0.015891	0.005675	0.017026	0.007567	0.012486	0.007946	0.026863	0.021188	0.035944	0.013999	0.007946	0.024593	0.015134	0.007567	0.012864	0.016269	0.011729	0.006054	0.017026	0.006810	0.015891	0.005297	0.018540	0.042376	0.020431	0.031025	0.013621	0.013999	0.025350	0.027242	0.026485	0.027620	0.018161	0.012486	0.022701	0.007567	0.018918	0.017026	0.018161	0.019296	0.019675	0.000378	0.009837	0.000378	0.013999	0.010972	0.010216	0.012107	0.006810	0.000378	0.006432	0.015891	0.006432	0.018161	0.017026	0.013999	0.030647	
0.026485	0.018918	0.028377	0.012107	0.010216	0.011351	0.021188	0.010594	0.008324	0.016269	0.013999	0.009459	0.025728	0.012864	0.019675	0.015891	0.016648	0.017404	0.013243	0.011351	0.016269	0.016648	0.024593	0.010972	0.012486	0.024972	0.023458	0.007946	0.008702	0.014378	0.021566	0.007567	0.007189	0.005297	0.005675	0.006432	0.016648	0.012486	0.024972	0.009081	0.007189	0.015513	0.009837	0.005297	0.012486	0.009459	0.018918	0.012864	0.013999	0.011351	0.010216	0.012864	0.025728	0.015891	0.027242	0.010972	0.025350	0.023458	0.035944	0.012107	0.027242	0.019675	0.035187	0.024593	
0.019296	0.015513	0.009081	0.020431	0.015134	0.009081	0.007946	0.020810	0.015513	0.016269	0.009459	0.016269	0.006432	0.009837	0.006432	0.020053	0.020431	0.015513	0.012107	0.020810	0.011351	0.010972	0.010216	0.024215	0.030647	0.022701	0.024215	0.020431	0.005675	0.007946	0.014756	0.013243	0.017026	0.013999	0.003784	0.018540	0.018540	0.017026	0.014378	0.030269	0.020431	0.031404	0.012486	0.018918	0.003784	0.004162	0.006054	0.020810	0.029134	0.014756	0.004919	0.025350	0.015134	0.012107	0.011729	0.017783	0.029512	0.034809	0.017026	0.013999	0.013243	0.012864	0.009081	0.025728	
0.027998	0.024972	0.013999	0.018918	0.011351	0.023837	0.013999	0.010216	0.006054	0.012107	0.004162	0.007567	0.009459	0.023080	0.020810	0.031782	0.013621	0.007946	0.022323	0.016269	0.007189	0.008324	0.022323	0.011729	0.005297	0.017026	0.006432	0.015513	0.006810	0.012486	0.057132	0.016648	0.028377	0.021188	0.018918	0.027620	0.029890	0.024972	0.030647	0.019675	0.009837	0.025728	0.015513	0.012107	0.014378	0.021188	0.018918	0.015134	0.000378	0.013243	0.000378	0.015513	0.011351	0.007189	0.007567	0.008702	0.000757	0.009081	0.018161	0.008324	0.023080	0.018161	0.013621	0.024972	
