>NC_010610
0.036310	0.038273	0.022571	0.029441	0.018646	0.020608	0.010795	0.011776	0.026497	0.009814	0.011776	0.012758	0.016683	0.016683	0.015702	0.024534	0.038273	0.007851	0.012758	0.009814	0.018646	0.006869	0.011776	0.012758	0.008832	0.011776	0.009814	0.009814	0.014720	0.006869	0.006869	0.020608	0.017664	0.017664	0.010795	0.014720	0.015702	0.016683	0.013739	0.011776	0.013739	0.019627	0.018646	0.018646	0.008832	0.004907	0.011776	0.011776	0.040236	0.017664	0.005888	0.017664	0.019627	0.019627	0.010795	0.005888	0.025515	0.012758	0.014720	0.015702	0.027478	0.015702	0.020608	0.035329	
0.049068	0.025515	0.027478	0.030422	0.022571	0.018646	0.022571	0.017664	0.012758	0.015702	0.009814	0.013739	0.017664	0.009814	0.012758	0.031403	0.027478	0.018646	0.008832	0.017664	0.018646	0.014720	0.013739	0.016683	0.013739	0.011776	0.013739	0.007851	0.011776	0.010795	0.007851	0.011776	0.028459	0.010795	0.008832	0.026497	0.021590	0.013739	0.006869	0.011776	0.006869	0.011776	0.019627	0.016683	0.021590	0.012758	0.008832	0.013739	0.031403	0.013739	0.009814	0.012758	0.015702	0.008832	0.009814	0.009814	0.015702	0.010795	0.013739	0.014720	0.035329	0.011776	0.015702	0.029441	
0.045142	0.025515	0.023553	0.042198	0.019627	0.022571	0.012758	0.013739	0.013739	0.007851	0.010795	0.022571	0.019627	0.021590	0.014720	0.031403	0.034347	0.015702	0.012758	0.015702	0.014720	0.011776	0.014720	0.014720	0.009814	0.012758	0.014720	0.015702	0.019627	0.004907	0.005888	0.025515	0.017664	0.013739	0.008832	0.008832	0.013739	0.011776	0.011776	0.012758	0.016683	0.016683	0.014720	0.008832	0.012758	0.008832	0.011776	0.019627	0.027478	0.023553	0.015702	0.019627	0.014720	0.005888	0.009814	0.014720	0.013739	0.010795	0.011776	0.008832	0.030422	0.013739	0.017664	0.024534	
0.038273	0.023553	0.035329	0.027478	0.016683	0.027478	0.014720	0.019627	0.022571	0.015702	0.009814	0.012758	0.021590	0.017664	0.011776	0.035329	0.029441	0.013739	0.011776	0.007851	0.018646	0.012758	0.010795	0.009814	0.012758	0.016683	0.013739	0.005888	0.012758	0.010795	0.014720	0.017664	0.025515	0.010795	0.007851	0.009814	0.008832	0.018646	0.006869	0.013739	0.012758	0.010795	0.010795	0.017664	0.021590	0.010795	0.012758	0.010795	0.035329	0.016683	0.017664	0.012758	0.019627	0.005888	0.013739	0.009814	0.021590	0.007851	0.007851	0.012758	0.025515	0.020608	0.020608	0.034347	
0.038273	0.026497	0.024534	0.039254	0.024534	0.012758	0.014720	0.012758	0.026497	0.009814	0.011776	0.024534	0.015702	0.010795	0.007851	0.023553	0.026497	0.019627	0.004907	0.012758	0.027478	0.014720	0.010795	0.011776	0.013739	0.010795	0.011776	0.009814	0.019627	0.005888	0.012758	0.014720	0.023553	0.016683	0.008832	0.020608	0.015702	0.015702	0.005888	0.013739	0.008832	0.012758	0.011776	0.008832	0.011776	0.002944	0.008832	0.025515	0.034347	0.016683	0.011776	0.018646	0.020608	0.010795	0.015702	0.012758	0.019627	0.008832	0.015702	0.015702	0.017664	0.015702	0.024534	0.040236	
0.044161	0.030422	0.024534	0.023553	0.017664	0.021590	0.018646	0.021590	0.014720	0.012758	0.009814	0.012758	0.023553	0.013739	0.014720	0.039254	0.037291	0.015702	0.024534	0.010795	0.015702	0.016683	0.011776	0.009814	0.011776	0.008832	0.012758	0.013739	0.022571	0.008832	0.008832	0.010795	0.024534	0.014720	0.006869	0.022571	0.016683	0.011776	0.008832	0.004907	0.013739	0.007851	0.014720	0.014720	0.015702	0.006869	0.015702	0.020608	0.024534	0.009814	0.013739	0.016683	0.013739	0.006869	0.007851	0.006869	0.024534	0.005888	0.005888	0.017664	0.037291	0.011776	0.015702	0.039254	
0.043180	0.033366	0.018646	0.035329	0.014720	0.019627	0.013739	0.022571	0.033366	0.013739	0.007851	0.014720	0.010795	0.013739	0.014720	0.034347	0.025515	0.020608	0.006869	0.010795	0.022571	0.011776	0.015702	0.006869	0.015702	0.011776	0.008832	0.010795	0.012758	0.005888	0.004907	0.019627	0.025515	0.014720	0.004907	0.019627	0.008832	0.012758	0.005888	0.007851	0.011776	0.007851	0.011776	0.011776	0.017664	0.008832	0.010795	0.021590	0.038273	0.019627	0.018646	0.022571	0.020608	0.003925	0.008832	0.007851	0.022571	0.008832	0.013739	0.009814	0.036310	0.014720	0.015702	0.043180	
0.042198	0.028459	0.027478	0.034347	0.021590	0.023553	0.019627	0.023553	0.014720	0.005888	0.014720	0.013739	0.018646	0.022571	0.012758	0.034347	0.028459	0.009814	0.013739	0.014720	0.016683	0.012758	0.009814	0.008832	0.014720	0.010795	0.009814	0.008832	0.017664	0.002944	0.006869	0.017664	0.035329	0.016683	0.008832	0.022571	0.012758	0.009814	0.007851	0.011776	0.008832	0.008832	0.012758	0.011776	0.019627	0.007851	0.008832	0.010795	0.030422	0.013739	0.010795	0.022571	0.017664	0.005888	0.007851	0.011776	0.018646	0.004907	0.012758	0.009814	0.034347	0.015702	0.020608	0.048086	
0.049068	0.026497	0.028459	0.032385	0.022571	0.008832	0.016683	0.020608	0.025515	0.013739	0.008832	0.012758	0.017664	0.023553	0.017664	0.035329	0.035329	0.014720	0.008832	0.009814	0.019627	0.010795	0.009814	0.011776	0.011776	0.009814	0.011776	0.011776	0.018646	0.007851	0.009814	0.019627	0.025515	0.008832	0.010795	0.011776	0.007851	0.009814	0.005888	0.006869	0.013739	0.008832	0.011776	0.015702	0.012758	0.006869	0.009814	0.014720	0.036310	0.018646	0.019627	0.015702	0.026497	0.006869	0.004907	0.010795	0.021590	0.009814	0.009814	0.007851	0.033366	0.007851	0.019627	0.050049	
0.058881	0.027478	0.035329	0.024534	0.018646	0.018646	0.015702	0.015702	0.026497	0.016683	0.007851	0.016683	0.018646	0.008832	0.005888	0.036310	0.034347	0.016683	0.012758	0.012758	0.014720	0.009814	0.007851	0.003925	0.018646	0.002944	0.010795	0.004907	0.011776	0.004907	0.011776	0.021590	0.032385	0.013739	0.006869	0.019627	0.006869	0.010795	0.013739	0.010795	0.008832	0.007851	0.012758	0.012758	0.007851	0.011776	0.007851	0.020608	0.042198	0.007851	0.021590	0.010795	0.022571	0.002944	0.007851	0.012758	0.028459	0.008832	0.012758	0.006869	0.041217	0.010795	0.013739	0.053974	
0.056919	0.029441	0.035329	0.046124	0.015702	0.013739	0.016683	0.019627	0.030422	0.014720	0.007851	0.023553	0.019627	0.005888	0.018646	0.023553	0.022571	0.010795	0.012758	0.016683	0.014720	0.004907	0.012758	0.009814	0.017664	0.006869	0.012758	0.007851	0.015702	0.002944	0.009814	0.014720	0.038273	0.006869	0.010795	0.026497	0.012758	0.008832	0.006869	0.007851	0.017664	0.008832	0.010795	0.006869	0.012758	0.006869	0.005888	0.015702	0.034347	0.018646	0.015702	0.010795	0.013739	0.006869	0.007851	0.007851	0.016683	0.005888	0.007851	0.008832	0.041217	0.012758	0.025515	0.052993	
0.058881	0.026497	0.037291	0.029441	0.020608	0.014720	0.013739	0.016683	0.031403	0.013739	0.015702	0.013739	0.029441	0.017664	0.023553	0.029441	0.024534	0.006869	0.015702	0.009814	0.014720	0.007851	0.005888	0.005888	0.019627	0.002944	0.011776	0.009814	0.013739	0.005888	0.010795	0.014720	0.041217	0.013739	0.009814	0.017664	0.015702	0.005888	0.008832	0.005888	0.014720	0.005888	0.013739	0.004907	0.020608	0.006869	0.008832	0.010795	0.040236	0.007851	0.025515	0.015702	0.011776	0.003925	0.006869	0.005888	0.023553	0.008832	0.017664	0.009814	0.039254	0.009814	0.019627	0.038273	
0.052993	0.018646	0.057900	0.035329	0.015702	0.012758	0.014720	0.011776	0.037291	0.015702	0.018646	0.016683	0.017664	0.013739	0.010795	0.030422	0.029441	0.012758	0.012758	0.007851	0.015702	0.002944	0.004907	0.008832	0.017664	0.004907	0.005888	0.006869	0.014720	0.002944	0.008832	0.007851	0.040236	0.013739	0.015702	0.019627	0.007851	0.002944	0.014720	0.005888	0.022571	0.011776	0.013739	0.010795	0.010795	0.006869	0.007851	0.012758	0.046124	0.011776	0.020608	0.024534	0.015702	0.005888	0.005888	0.012758	0.027478	0.005888	0.015702	0.013739	0.038273	0.009814	0.010795	0.034347	
0.079490	0.013739	0.046124	0.029441	0.018646	0.012758	0.017664	0.007851	0.040236	0.015702	0.033366	0.017664	0.030422	0.015702	0.009814	0.031403	0.026497	0.005888	0.011776	0.010795	0.010795	0.004907	0.005888	0.002944	0.021590	0.004907	0.008832	0.004907	0.015702	0.004907	0.010795	0.007851	0.057900	0.011776	0.019627	0.015702	0.013739	0.007851	0.008832	0.007851	0.022571	0.009814	0.012758	0.008832	0.019627	0.003925	0.005888	0.018646	0.044161	0.009814	0.017664	0.009814	0.017664	0.004907	0.003925	0.006869	0.018646	0.004907	0.006869	0.007851	0.025515	0.006869	0.019627	0.033366	
0.102061	0.010795	0.072620	0.022571	0.008832	0.006869	0.016683	0.008832	0.042198	0.006869	0.039254	0.006869	0.020608	0.007851	0.017664	0.019627	0.025515	0.009814	0.019627	0.005888	0.009814	0.005888	0.006869	0.007851	0.012758	0.004907	0.015702	0.002944	0.008832	0.001963	0.004907	0.009814	0.058881	0.003925	0.024534	0.015702	0.012758	0.006869	0.007851	0.007851	0.033366	0.004907	0.020608	0.002944	0.012758	0.007851	0.013739	0.004907	0.043180	0.014720	0.018646	0.014720	0.015702	0.002944	0.006869	0.005888	0.026497	0.003925	0.006869	0.008832	0.035329	0.007851	0.025515	0.022571	
0.090285	0.012758	0.105986	0.020608	0.005888	0.004907	0.021590	0.006869	0.031403	0.013739	0.084396	0.005888	0.013739	0.010795	0.014720	0.019627	0.026497	0.004907	0.008832	0.006869	0.005888	0.004907	0.006869	0.004907	0.014720	0.004907	0.012758	0.005888	0.008832	0.006869	0.008832	0.005888	0.061825	0.007851	0.032385	0.012758	0.004907	0.005888	0.005888	0.003925	0.046124	0.005888	0.024534	0.005888	0.008832	0.001963	0.004907	0.005888	0.048086	0.005888	0.020608	0.002944	0.010795	0.005888	0.002944	0.005888	0.034347	0.003925	0.016683	0.006869	0.016683	0.007851	0.009814	0.022571	
0.074583	0.015702	0.117763	0.018646	0.003925	0.004907	0.014720	0.007851	0.032385	0.008832	0.111874	0.014720	0.005888	0.006869	0.019627	0.010795	0.010795	0.001963	0.010795	0.003925	0.006869	0.003925	0.005888	0.004907	0.004907	0.003925	0.024534	0.003925	0.006869	0.003925	0.004907	0.005888	0.034347	0.008832	0.074583	0.008832	0.004907	0.002944	0.011776	0.008832	0.062807	0.004907	0.060844	0.009814	0.004907	0.004907	0.008832	0.005888	0.014720	0.001963	0.022571	0.008832	0.007851	0.004907	0.010795	0.003925	0.011776	0.000981	0.024534	0.000981	0.015702	0.003925	0.018646	0.015702	
0.037291	0.005888	0.086359	0.004907	0.003925	0.002944	0.015702	0.005888	0.032385	0.010795	0.174681	0.007851	0.013739	0.002944	0.014720	0.008832	0.008832	0.002944	0.007851	0.003925	0.006869	0.003925	0.002944	0.002944	0.011776	0.003925	0.022571	0.004907	0.006869	0.004907	0.007851	0.005888	0.024534	0.004907	0.074583	0.007851	0.002944	0.004907	0.008832	0.001963	0.112856	0.008832	0.086359	0.013739	0.010795	0.001963	0.013739	0.002944	0.011776	0.004907	0.012758	0.003925	0.004907	0.003925	0.006869	0.003925	0.012758	0.002944	0.032385	0.003925	0.017664	0.006869	0.005888	0.007851	
0.021590	0.008832	0.040236	0.011776	0.005888	0.003925	0.005888	0.002944	0.017664	0.006869	0.148184	0.008832	0.003925	0.006869	0.002944	0.006869	0.006869	0.004907	0.004907	0.001963	0.005888	0.002944	0.004907	0.001963	0.008832	0.002944	0.016683	0.005888	0.003925	0.001963	0.005888	0.002944	0.028459	0.009814	0.119725	0.011776	0.003925	0.005888	0.013739	0.002944	0.168793	0.009814	0.113837	0.023553	0.008832	0.005888	0.007851	0.007851	0.020608	0.003925	0.020608	0.003925	0.004907	0.004907	0.004907	0.001963	0.017664	0.005888	0.012758	0.005888	0.009814	0.004907	0.005888	0.004907	
0.020608	0.004907	0.040236	0.011776	0.004907	0.004907	0.007851	0.009814	0.030422	0.007851	0.135427	0.011776	0.007851	0.003925	0.011776	0.005888	0.009814	0.007851	0.001963	0.000981	0.006869	0.000981	0.005888	0.003925	0.007851	0.002944	0.013739	0.004907	0.002944	0.000981	0.001963	0.003925	0.037291	0.010795	0.142296	0.022571	0.005888	0.002944	0.009814	0.006869	0.112856	0.014720	0.120707	0.043180	0.007851	0.003925	0.020608	0.011776	0.007851	0.003925	0.006869	0.007851	0.006869	0.000981	0.007851	0.003925	0.006869	0.003925	0.007851	0.003925	0.005888	0.003925	0.004907	0.007851	
0.012758	0.007851	0.036310	0.018646	0.004907	0.004907	0.009814	0.007851	0.035329	0.007851	0.134446	0.013739	0.014720	0.004907	0.014720	0.008832	0.006869	0.005888	0.006869	0.004907	0.002944	0.001963	0.001963	0.002944	0.010795	0.002944	0.011776	0.005888	0.006869	0.002944	0.007851	0.006869	0.050049	0.009814	0.076546	0.021590	0.004907	0.008832	0.004907	0.010795	0.103042	0.023553	0.101079	0.050049	0.010795	0.004907	0.036310	0.011776	0.009814	0.001963	0.004907	0.007851	0.004907	0.004907	0.000981	0.001963	0.021590	0.002944	0.007851	0.006869	0.012758	0.002944	0.006869	0.006869	
0.020608	0.013739	0.026497	0.018646	0.007851	0.005888	0.007851	0.003925	0.030422	0.009814	0.055937	0.028459	0.015702	0.007851	0.009814	0.019627	0.006869	0.003925	0.002944	0.003925	0.004907	0.000981	0.007851	0.006869	0.002944	0.010795	0.001963	0.001963	0.007851	0.002944	0.004907	0.007851	0.064769	0.017664	0.063788	0.024534	0.008832	0.008832	0.008832	0.010795	0.123651	0.029441	0.051030	0.051030	0.017664	0.007851	0.033366	0.017664	0.017664	0.010795	0.008832	0.007851	0.003925	0.002944	0.004907	0.003925	0.033366	0.004907	0.009814	0.017664	0.007851	0.005888	0.006869	0.013739	
0.039254	0.016683	0.021590	0.032385	0.006869	0.016683	0.006869	0.015702	0.025515	0.014720	0.042198	0.019627	0.010795	0.006869	0.006869	0.030422	0.008832	0.007851	0.004907	0.003925	0.003925	0.005888	0.004907	0.003925	0.012758	0.003925	0.009814	0.002944	0.002944	0.002944	0.003925	0.015702	0.099117	0.015702	0.030422	0.045142	0.016683	0.009814	0.017664	0.010795	0.055937	0.014720	0.028459	0.019627	0.022571	0.010795	0.039254	0.026497	0.019627	0.006869	0.012758	0.009814	0.006869	0.006869	0.005888	0.004907	0.025515	0.002944	0.011776	0.014720	0.016683	0.008832	0.008832	0.024534	
0.053974	0.032385	0.043180	0.037291	0.010795	0.007851	0.015702	0.012758	0.028459	0.011776	0.016683	0.012758	0.022571	0.010795	0.023553	0.034347	0.011776	0.007851	0.004907	0.009814	0.017664	0.002944	0.007851	0.010795	0.011776	0.008832	0.009814	0.004907	0.010795	0.004907	0.005888	0.013739	0.040236	0.016683	0.022571	0.040236	0.015702	0.006869	0.004907	0.008832	0.035329	0.018646	0.018646	0.019627	0.015702	0.005888	0.010795	0.024534	0.030422	0.006869	0.009814	0.005888	0.013739	0.002944	0.007851	0.004907	0.034347	0.006869	0.008832	0.008832	0.031403	0.009814	0.010795	0.045142	
0.051030	0.022571	0.034347	0.028459	0.014720	0.020608	0.012758	0.015702	0.028459	0.017664	0.014720	0.019627	0.016683	0.015702	0.006869	0.053974	0.022571	0.013739	0.010795	0.010795	0.003925	0.005888	0.007851	0.002944	0.008832	0.006869	0.008832	0.011776	0.012758	0.003925	0.011776	0.008832	0.033366	0.017664	0.024534	0.034347	0.014720	0.014720	0.008832	0.007851	0.018646	0.010795	0.016683	0.007851	0.011776	0.011776	0.001963	0.020608	0.046124	0.010795	0.017664	0.005888	0.016683	0.006869	0.002944	0.004907	0.020608	0.007851	0.014720	0.007851	0.034347	0.020608	0.012758	0.050049	
0.059863	0.032385	0.035329	0.025515	0.028459	0.010795	0.013739	0.011776	0.027478	0.020608	0.019627	0.019627	0.020608	0.016683	0.010795	0.031403	0.023553	0.009814	0.010795	0.005888	0.015702	0.009814	0.012758	0.009814	0.009814	0.006869	0.008832	0.006869	0.014720	0.004907	0.003925	0.007851	0.027478	0.021590	0.012758	0.014720	0.022571	0.004907	0.011776	0.003925	0.019627	0.007851	0.019627	0.007851	0.025515	0.007851	0.007851	0.005888	0.047105	0.007851	0.010795	0.009814	0.026497	0.009814	0.012758	0.002944	0.016683	0.003925	0.005888	0.006869	0.042198	0.019627	0.031403	0.040236	
0.033366	0.039254	0.030422	0.054956	0.017664	0.015702	0.009814	0.028459	0.031403	0.012758	0.010795	0.014720	0.014720	0.011776	0.005888	0.023553	0.025515	0.027478	0.015702	0.024534	0.003925	0.016683	0.004907	0.009814	0.015702	0.012758	0.006869	0.015702	0.009814	0.004907	0.003925	0.009814	0.029441	0.009814	0.014720	0.019627	0.010795	0.010795	0.007851	0.009814	0.025515	0.003925	0.016683	0.007851	0.010795	0.007851	0.006869	0.015702	0.053974	0.021590	0.012758	0.014720	0.017664	0.007851	0.007851	0.015702	0.017664	0.013739	0.013739	0.008832	0.022571	0.015702	0.011776	0.035329	
0.053974	0.029441	0.043180	0.015702	0.018646	0.044161	0.024534	0.010795	0.022571	0.020608	0.019627	0.010795	0.031403	0.037291	0.005888	0.039254	0.023553	0.010795	0.010795	0.004907	0.011776	0.016683	0.014720	0.007851	0.007851	0.005888	0.008832	0.007851	0.026497	0.010795	0.008832	0.017664	0.043180	0.009814	0.021590	0.015702	0.013739	0.019627	0.003925	0.005888	0.013739	0.012758	0.014720	0.006869	0.016683	0.014720	0.002944	0.012758	0.034347	0.002944	0.013739	0.006869	0.014720	0.009814	0.006869	0.008832	0.012758	0.002944	0.004907	0.007851	0.019627	0.030422	0.006869	0.027478	
0.121688	0.000981	0.012758	0.019627	0.038273	0.000981	0.005888	0.007851	0.065751	0.000981	0.010795	0.011776	0.027478	0.000981	0.002944	0.011776	0.050049	0.000981	0.004907	0.002944	0.074583	0.000981	0.009814	0.004907	0.041217	0.000981	0.004907	0.002944	0.017664	0.000981	0.003925	0.010795	0.038273	0.000981	0.005888	0.011776	0.030422	0.000981	0.006869	0.003925	0.029441	0.000981	0.011776	0.005888	0.021590	0.000981	0.006869	0.003925	0.077527	0.000981	0.009814	0.005888	0.066732	0.000981	0.013739	0.011776	0.017664	0.000981	0.004907	0.000981	0.068695	0.000981	0.009814	0.017664	
0.000981	0.000981	0.000981	0.284593	0.000981	0.000981	0.000981	0.000981	0.000981	0.000981	0.000981	0.030422	0.000981	0.000981	0.000981	0.037291	0.000981	0.000981	0.000981	0.207066	0.000981	0.000981	0.000981	0.000981	0.000981	0.000981	0.000981	0.033366	0.000981	0.000981	0.000981	0.025515	0.000981	0.000981	0.000981	0.151129	0.000981	0.000981	0.000981	0.000981	0.000981	0.000981	0.000981	0.029441	0.000981	0.000981	0.000981	0.018646	0.000981	0.000981	0.000981	0.132483	0.000981	0.000981	0.000981	0.000981	0.000981	0.000981	0.000981	0.020608	0.000981	0.000981	0.000981	0.041217	
0.000981	0.000981	0.000981	0.000981	0.000981	0.000981	0.000981	0.000981	0.000981	0.000981	0.000981	0.000981	0.000981	0.000981	0.772326	0.000981	0.000981	0.000981	0.000981	0.000981	0.000981	0.000981	0.000981	0.000981	0.000981	0.000981	0.000981	0.000981	0.000981	0.000981	0.000981	0.000981	0.000981	0.000981	0.000981	0.000981	0.000981	0.000981	0.000981	0.000981	0.000981	0.000981	0.000981	0.000981	0.000981	0.000981	0.110893	0.000981	0.000981	0.000981	0.000981	0.000981	0.000981	0.000981	0.000981	0.000981	0.000981	0.000981	0.000981	0.000981	0.000981	0.000981	0.119725	0.000981	
0.000981	0.000981	0.000981	0.000981	0.000981	0.000981	0.000981	0.000981	0.000981	0.000981	0.000981	0.000981	0.000981	0.000981	0.000981	0.000981	0.000981	0.000981	0.000981	0.000981	0.000981	0.000981	0.000981	0.000981	0.000981	0.000981	0.000981	0.000981	0.000981	0.000981	0.000981	0.000981	0.000981	0.000981	0.000981	0.000981	0.000981	0.000981	0.000981	0.000981	0.000981	0.000981	0.000981	0.000981	0.000981	0.000981	0.000981	0.000981	0.000981	0.000981	0.000981	0.000981	0.000981	0.000981	0.000981	0.000981	0.429833	0.149166	0.325810	0.099117	0.000981	0.000981	0.000981	0.000981	
0.000981	0.000981	0.000981	0.000981	0.000981	0.000981	0.000981	0.000981	0.000981	0.000981	0.000981	0.000981	0.000981	0.000981	0.000981	0.000981	0.000981	0.000981	0.000981	0.000981	0.000981	0.000981	0.000981	0.000981	0.000981	0.000981	0.000981	0.000981	0.000981	0.000981	0.000981	0.000981	0.174681	0.107949	0.059863	0.090285	0.055937	0.035329	0.031403	0.029441	0.130520	0.120707	0.033366	0.044161	0.009814	0.030422	0.008832	0.052993	0.000981	0.000981	0.000981	0.000981	0.000981	0.000981	0.000981	0.000981	0.000981	0.000981	0.000981	0.000981	0.000981	0.000981	0.000981	0.000981	
0.070658	0.028459	0.050049	0.028459	0.023553	0.034347	0.023553	0.029441	0.009814	0.018646	0.003925	0.030422	0.007851	0.017664	0.024534	0.043180	0.038273	0.004907	0.011776	0.003925	0.017664	0.007851	0.005888	0.006869	0.007851	0.009814	0.006869	0.009814	0.008832	0.007851	0.004907	0.010795	0.062807	0.024534	0.020608	0.025515	0.059863	0.015702	0.014720	0.033366	0.011776	0.007851	0.006869	0.009814	0.013739	0.003925	0.011776	0.017664	0.000981	0.006869	0.000981	0.003925	0.018646	0.003925	0.005888	0.004907	0.000981	0.002944	0.003925	0.003925	0.027478	0.006869	0.002944	0.018646	
0.069676	0.034347	0.050049	0.018646	0.017664	0.020608	0.016683	0.009814	0.033366	0.013739	0.018646	0.017664	0.033366	0.007851	0.006869	0.013739	0.062807	0.016683	0.027478	0.012758	0.031403	0.012758	0.008832	0.008832	0.022571	0.007851	0.011776	0.007851	0.030422	0.004907	0.026497	0.012758	0.008832	0.007851	0.008832	0.004907	0.015702	0.002944	0.008832	0.011776	0.007851	0.003925	0.004907	0.004907	0.018646	0.007851	0.018646	0.008832	0.034347	0.004907	0.010795	0.007851	0.017664	0.002944	0.008832	0.006869	0.019627	0.009814	0.013739	0.000981	0.039254	0.009814	0.027478	0.013739	
0.085378	0.044161	0.017664	0.028459	0.023553	0.007851	0.014720	0.017664	0.048086	0.016683	0.012758	0.019627	0.011776	0.005888	0.002944	0.023553	0.035329	0.013739	0.014720	0.018646	0.017664	0.005888	0.008832	0.006869	0.012758	0.008832	0.005888	0.015702	0.007851	0.005888	0.004907	0.018646	0.035329	0.013739	0.006869	0.027478	0.017664	0.004907	0.008832	0.003925	0.026497	0.008832	0.004907	0.008832	0.006869	0.008832	0.001963	0.013739	0.077527	0.012758	0.015702	0.015702	0.012758	0.005888	0.004907	0.006869	0.049068	0.012758	0.010795	0.006869	0.012758	0.010795	0.003925	0.021590	
0.090285	0.037291	0.071639	0.034347	0.023553	0.020608	0.011776	0.028459	0.013739	0.012758	0.009814	0.018646	0.008832	0.021590	0.023553	0.036310	0.036310	0.011776	0.015702	0.007851	0.010795	0.002944	0.007851	0.002944	0.013739	0.010795	0.005888	0.006869	0.007851	0.008832	0.002944	0.015702	0.065751	0.021590	0.013739	0.035329	0.020608	0.007851	0.007851	0.010795	0.017664	0.003925	0.007851	0.004907	0.014720	0.005888	0.009814	0.020608	0.000981	0.021590	0.000981	0.015702	0.015702	0.004907	0.004907	0.005888	0.000981	0.003925	0.006869	0.001963	0.033366	0.006869	0.007851	0.029441	
0.063788	0.047105	0.053974	0.028459	0.024534	0.025515	0.025515	0.016683	0.040236	0.020608	0.021590	0.019627	0.023553	0.030422	0.014720	0.024534	0.024534	0.020608	0.017664	0.007851	0.015702	0.004907	0.007851	0.007851	0.013739	0.005888	0.008832	0.003925	0.019627	0.003925	0.014720	0.009814	0.021590	0.011776	0.006869	0.005888	0.009814	0.005888	0.011776	0.003925	0.013739	0.002944	0.011776	0.001963	0.006869	0.003925	0.012758	0.008832	0.033366	0.010795	0.009814	0.010795	0.015702	0.005888	0.011776	0.009814	0.015702	0.007851	0.015702	0.004907	0.036310	0.020608	0.030422	0.014720	
0.049068	0.025515	0.015702	0.052993	0.034347	0.016683	0.013739	0.025515	0.034347	0.016683	0.013739	0.023553	0.005888	0.006869	0.000981	0.039254	0.025515	0.014720	0.006869	0.018646	0.017664	0.005888	0.008832	0.009814	0.029441	0.006869	0.007851	0.012758	0.010795	0.004907	0.003925	0.018646	0.027478	0.013739	0.010795	0.031403	0.018646	0.004907	0.006869	0.006869	0.025515	0.012758	0.007851	0.011776	0.006869	0.003925	0.001963	0.017664	0.046124	0.013739	0.008832	0.017664	0.033366	0.008832	0.013739	0.002944	0.026497	0.019627	0.009814	0.016683	0.011776	0.012758	0.005888	0.027478	
0.054956	0.029441	0.042198	0.021590	0.021590	0.023553	0.011776	0.010795	0.010795	0.014720	0.006869	0.009814	0.006869	0.042198	0.028459	0.043180	0.060844	0.015702	0.019627	0.007851	0.020608	0.002944	0.006869	0.005888	0.009814	0.008832	0.008832	0.015702	0.011776	0.007851	0.010795	0.014720	0.056919	0.011776	0.018646	0.028459	0.026497	0.009814	0.007851	0.011776	0.016683	0.006869	0.010795	0.004907	0.018646	0.006869	0.014720	0.024534	0.000981	0.020608	0.000981	0.012758	0.014720	0.005888	0.004907	0.002944	0.000981	0.004907	0.003925	0.002944	0.052012	0.009814	0.014720	0.026497	
0.063788	0.039254	0.047105	0.023553	0.012758	0.016683	0.030422	0.017664	0.027478	0.024534	0.019627	0.009814	0.023553	0.014720	0.016683	0.015702	0.032385	0.014720	0.023553	0.012758	0.015702	0.004907	0.013739	0.007851	0.012758	0.002944	0.010795	0.004907	0.010795	0.003925	0.010795	0.005888	0.017664	0.008832	0.004907	0.006869	0.013739	0.007851	0.006869	0.006869	0.011776	0.001963	0.010795	0.005888	0.005888	0.006869	0.010795	0.009814	0.041217	0.011776	0.017664	0.018646	0.029441	0.005888	0.017664	0.013739	0.024534	0.010795	0.021590	0.011776	0.041217	0.008832	0.041217	0.017664	
0.052993	0.036310	0.014720	0.051030	0.023553	0.012758	0.023553	0.014720	0.040236	0.018646	0.008832	0.025515	0.012758	0.009814	0.002944	0.036310	0.027478	0.011776	0.008832	0.023553	0.017664	0.002944	0.009814	0.004907	0.020608	0.011776	0.011776	0.024534	0.006869	0.004907	0.005888	0.028459	0.028459	0.015702	0.002944	0.029441	0.021590	0.000981	0.007851	0.009814	0.019627	0.018646	0.008832	0.015702	0.006869	0.006869	0.003925	0.014720	0.033366	0.010795	0.006869	0.030422	0.015702	0.004907	0.008832	0.004907	0.047105	0.013739	0.008832	0.009814	0.013739	0.006869	0.006869	0.021590	
0.051030	0.035329	0.033366	0.022571	0.021590	0.019627	0.018646	0.014720	0.008832	0.008832	0.002944	0.012758	0.015702	0.039254	0.016683	0.062807	0.041217	0.019627	0.007851	0.009814	0.010795	0.002944	0.005888	0.001963	0.013739	0.004907	0.012758	0.018646	0.006869	0.012758	0.006869	0.007851	0.062807	0.018646	0.015702	0.030422	0.023553	0.015702	0.014720	0.008832	0.010795	0.008832	0.011776	0.006869	0.019627	0.016683	0.012758	0.026497	0.000981	0.022571	0.000981	0.015702	0.015702	0.004907	0.005888	0.001963	0.000981	0.002944	0.012758	0.002944	0.039254	0.009814	0.013739	0.038273	
0.053974	0.032385	0.030422	0.039254	0.028459	0.025515	0.023553	0.018646	0.021590	0.013739	0.010795	0.011776	0.022571	0.012758	0.018646	0.024534	0.030422	0.016683	0.014720	0.009814	0.017664	0.007851	0.010795	0.006869	0.013739	0.009814	0.014720	0.006869	0.005888	0.002944	0.011776	0.006869	0.014720	0.008832	0.005888	0.004907	0.006869	0.005888	0.007851	0.004907	0.015702	0.004907	0.011776	0.007851	0.012758	0.012758	0.009814	0.005888	0.035329	0.011776	0.021590	0.012758	0.033366	0.004907	0.025515	0.014720	0.024534	0.011776	0.004907	0.008832	0.039254	0.020608	0.037291	0.038273	
0.038273	0.036310	0.013739	0.046124	0.018646	0.015702	0.010795	0.024534	0.025515	0.023553	0.008832	0.014720	0.013739	0.014720	0.004907	0.033366	0.036310	0.017664	0.008832	0.023553	0.016683	0.003925	0.009814	0.013739	0.014720	0.021590	0.012758	0.018646	0.011776	0.002944	0.002944	0.027478	0.020608	0.019627	0.006869	0.028459	0.014720	0.004907	0.010795	0.009814	0.015702	0.005888	0.005888	0.014720	0.003925	0.006869	0.004907	0.019627	0.034347	0.021590	0.006869	0.017664	0.018646	0.008832	0.008832	0.012758	0.039254	0.008832	0.017664	0.011776	0.018646	0.009814	0.007851	0.039254	
0.052993	0.028459	0.025515	0.022571	0.015702	0.044161	0.022571	0.012758	0.006869	0.008832	0.006869	0.013739	0.002944	0.024534	0.025515	0.062807	0.033366	0.012758	0.010795	0.011776	0.014720	0.009814	0.006869	0.001963	0.004907	0.009814	0.015702	0.009814	0.005888	0.014720	0.024534	0.015702	0.045142	0.009814	0.010795	0.029441	0.020608	0.011776	0.010795	0.016683	0.012758	0.007851	0.014720	0.009814	0.016683	0.008832	0.013739	0.020608	0.000981	0.033366	0.000981	0.012758	0.018646	0.006869	0.004907	0.003925	0.000981	0.001963	0.010795	0.006869	0.052993	0.015702	0.013739	0.037291	
0.040236	0.034347	0.041217	0.016683	0.024534	0.029441	0.019627	0.010795	0.013739	0.011776	0.011776	0.010795	0.027478	0.019627	0.013739	0.015702	0.031403	0.015702	0.017664	0.004907	0.021590	0.016683	0.020608	0.013739	0.014720	0.012758	0.012758	0.004907	0.004907	0.002944	0.016683	0.010795	0.011776	0.004907	0.003925	0.004907	0.005888	0.006869	0.007851	0.007851	0.022571	0.008832	0.010795	0.005888	0.011776	0.008832	0.010795	0.008832	0.028459	0.014720	0.019627	0.015702	0.017664	0.013739	0.023553	0.008832	0.035329	0.011776	0.019627	0.010795	0.041217	0.019627	0.042198	0.033366	
0.051030	0.018646	0.010795	0.031403	0.022571	0.007851	0.018646	0.020608	0.030422	0.019627	0.009814	0.022571	0.003925	0.009814	0.004907	0.023553	0.033366	0.011776	0.006869	0.017664	0.022571	0.010795	0.013739	0.019627	0.018646	0.024534	0.011776	0.016683	0.010795	0.003925	0.003925	0.022571	0.017664	0.022571	0.011776	0.034347	0.014720	0.007851	0.008832	0.013739	0.016683	0.018646	0.005888	0.013739	0.006869	0.003925	0.003925	0.017664	0.031403	0.019627	0.007851	0.026497	0.022571	0.009814	0.010795	0.007851	0.027478	0.017664	0.014720	0.023553	0.017664	0.009814	0.004907	0.036310	
0.036310	0.029441	0.039254	0.028459	0.007851	0.030422	0.018646	0.015702	0.006869	0.013739	0.003925	0.012758	0.007851	0.024534	0.028459	0.049068	0.047105	0.015702	0.013739	0.005888	0.011776	0.010795	0.007851	0.005888	0.004907	0.019627	0.017664	0.009814	0.008832	0.012758	0.020608	0.019627	0.036310	0.018646	0.010795	0.027478	0.020608	0.032385	0.012758	0.014720	0.012758	0.006869	0.011776	0.010795	0.019627	0.011776	0.013739	0.031403	0.000981	0.030422	0.000981	0.006869	0.009814	0.006869	0.004907	0.005888	0.000981	0.003925	0.010795	0.001963	0.043180	0.011776	0.020608	0.024534	
0.033366	0.035329	0.035329	0.016683	0.024534	0.027478	0.031403	0.010795	0.018646	0.011776	0.017664	0.016683	0.026497	0.015702	0.014720	0.011776	0.017664	0.013739	0.011776	0.006869	0.021590	0.021590	0.023553	0.013739	0.015702	0.008832	0.014720	0.004907	0.008832	0.006869	0.015702	0.010795	0.010795	0.003925	0.007851	0.002944	0.008832	0.013739	0.014720	0.006869	0.009814	0.004907	0.022571	0.006869	0.007851	0.003925	0.017664	0.005888	0.035329	0.011776	0.022571	0.009814	0.025515	0.005888	0.014720	0.014720	0.034347	0.011776	0.029441	0.007851	0.033366	0.023553	0.041217	0.026497	
0.026497	0.023553	0.005888	0.041217	0.018646	0.007851	0.017664	0.020608	0.031403	0.015702	0.013739	0.016683	0.006869	0.003925	0.004907	0.020608	0.026497	0.018646	0.007851	0.027478	0.022571	0.008832	0.019627	0.017664	0.025515	0.016683	0.016683	0.025515	0.012758	0.003925	0.004907	0.024534	0.032385	0.014720	0.007851	0.023553	0.018646	0.001963	0.007851	0.008832	0.022571	0.019627	0.016683	0.025515	0.007851	0.002944	0.005888	0.019627	0.025515	0.010795	0.008832	0.031403	0.015702	0.010795	0.014720	0.008832	0.037291	0.014720	0.021590	0.015702	0.010795	0.005888	0.007851	0.030422	
0.025515	0.026497	0.043180	0.015702	0.012758	0.026497	0.011776	0.016683	0.002944	0.013739	0.005888	0.007851	0.009814	0.038273	0.017664	0.057900	0.034347	0.019627	0.012758	0.008832	0.003925	0.007851	0.011776	0.005888	0.005888	0.017664	0.019627	0.016683	0.016683	0.010795	0.015702	0.012758	0.038273	0.026497	0.016683	0.035329	0.010795	0.024534	0.015702	0.015702	0.014720	0.020608	0.019627	0.013739	0.009814	0.023553	0.017664	0.032385	0.000981	0.023553	0.000981	0.012758	0.005888	0.005888	0.003925	0.000981	0.000981	0.004907	0.015702	0.001963	0.041217	0.010795	0.017664	0.025515	
0.029441	0.023553	0.028459	0.017664	0.017664	0.030422	0.035329	0.012758	0.022571	0.023553	0.017664	0.009814	0.021590	0.013739	0.014720	0.022571	0.013739	0.004907	0.011776	0.002944	0.017664	0.012758	0.024534	0.009814	0.014720	0.007851	0.019627	0.000981	0.007851	0.003925	0.016683	0.010795	0.009814	0.004907	0.005888	0.003925	0.014720	0.020608	0.012758	0.008832	0.010795	0.018646	0.020608	0.010795	0.008832	0.010795	0.009814	0.010795	0.030422	0.015702	0.025515	0.005888	0.027478	0.014720	0.024534	0.016683	0.022571	0.012758	0.025515	0.007851	0.038273	0.024534	0.053974	0.011776	
0.030422	0.018646	0.012758	0.021590	0.015702	0.007851	0.013739	0.011776	0.024534	0.018646	0.009814	0.018646	0.005888	0.014720	0.000981	0.008832	0.023553	0.022571	0.006869	0.024534	0.026497	0.008832	0.021590	0.021590	0.016683	0.030422	0.022571	0.027478	0.007851	0.010795	0.005888	0.023553	0.017664	0.019627	0.008832	0.024534	0.028459	0.004907	0.012758	0.016683	0.023553	0.018646	0.015702	0.025515	0.006869	0.003925	0.002944	0.015702	0.030422	0.019627	0.005888	0.020608	0.023553	0.007851	0.010795	0.010795	0.034347	0.018646	0.027478	0.014720	0.013739	0.011776	0.010795	0.019627	
0.027478	0.028459	0.028459	0.017664	0.010795	0.041217	0.015702	0.012758	0.004907	0.014720	0.003925	0.010795	0.002944	0.034347	0.017664	0.036310	0.041217	0.031403	0.019627	0.001963	0.009814	0.002944	0.010795	0.005888	0.008832	0.017664	0.019627	0.012758	0.011776	0.014720	0.020608	0.013739	0.039254	0.028459	0.009814	0.021590	0.016683	0.040236	0.011776	0.017664	0.012758	0.029441	0.015702	0.017664	0.008832	0.022571	0.030422	0.024534	0.000981	0.019627	0.000981	0.012758	0.007851	0.016683	0.007851	0.008832	0.000981	0.005888	0.009814	0.003925	0.025515	0.008832	0.016683	0.016683	
0.038273	0.024534	0.032385	0.013739	0.025515	0.034347	0.037291	0.010795	0.014720	0.016683	0.017664	0.009814	0.012758	0.014720	0.018646	0.007851	0.020608	0.009814	0.013739	0.000981	0.025515	0.025515	0.029441	0.020608	0.010795	0.009814	0.019627	0.005888	0.015702	0.001963	0.019627	0.007851	0.008832	0.005888	0.004907	0.007851	0.012758	0.022571	0.015702	0.016683	0.013739	0.011776	0.016683	0.006869	0.009814	0.008832	0.013739	0.012758	0.018646	0.005888	0.016683	0.007851	0.023553	0.009814	0.032385	0.014720	0.023553	0.018646	0.031403	0.011776	0.017664	0.019627	0.026497	0.027478	
0.028459	0.022571	0.007851	0.027478	0.016683	0.004907	0.006869	0.017664	0.031403	0.016683	0.005888	0.013739	0.002944	0.005888	0.003925	0.017664	0.030422	0.020608	0.011776	0.024534	0.040236	0.010795	0.017664	0.023553	0.038273	0.025515	0.030422	0.020608	0.012758	0.008832	0.004907	0.036310	0.010795	0.010795	0.010795	0.030422	0.016683	0.007851	0.012758	0.019627	0.020608	0.023553	0.019627	0.021590	0.004907	0.005888	0.010795	0.012758	0.021590	0.012758	0.010795	0.010795	0.024534	0.006869	0.006869	0.006869	0.024534	0.019627	0.022571	0.011776	0.011776	0.011776	0.006869	0.025515	
0.023553	0.031403	0.027478	0.008832	0.010795	0.030422	0.017664	0.007851	0.005888	0.011776	0.002944	0.020608	0.006869	0.029441	0.019627	0.037291	0.039254	0.028459	0.017664	0.012758	0.007851	0.008832	0.008832	0.004907	0.008832	0.011776	0.013739	0.009814	0.016683	0.016683	0.021590	0.012758	0.046124	0.031403	0.011776	0.025515	0.021590	0.038273	0.012758	0.012758	0.008832	0.021590	0.031403	0.016683	0.012758	0.016683	0.020608	0.017664	0.000981	0.023553	0.000981	0.006869	0.007851	0.011776	0.005888	0.006869	0.000981	0.003925	0.019627	0.001963	0.026497	0.008832	0.026497	0.030422	
0.034347	0.028459	0.031403	0.015702	0.029441	0.038273	0.029441	0.017664	0.012758	0.013739	0.023553	0.007851	0.009814	0.012758	0.016683	0.014720	0.019627	0.008832	0.013739	0.005888	0.031403	0.018646	0.025515	0.013739	0.009814	0.014720	0.017664	0.002944	0.009814	0.001963	0.011776	0.008832	0.008832	0.005888	0.002944	0.006869	0.007851	0.016683	0.016683	0.007851	0.010795	0.022571	0.023553	0.010795	0.014720	0.006869	0.012758	0.014720	0.024534	0.011776	0.017664	0.008832	0.007851	0.013739	0.034347	0.015702	0.022571	0.019627	0.032385	0.013739	0.028459	0.012758	0.038273	0.018646	
0.022571	0.020608	0.009814	0.034347	0.012758	0.011776	0.012758	0.017664	0.021590	0.024534	0.011776	0.007851	0.005888	0.008832	0.003925	0.018646	0.028459	0.021590	0.005888	0.020608	0.027478	0.014720	0.015702	0.029441	0.033366	0.028459	0.025515	0.018646	0.007851	0.008832	0.003925	0.034347	0.014720	0.011776	0.007851	0.021590	0.014720	0.018646	0.012758	0.024534	0.016683	0.033366	0.024534	0.022571	0.008832	0.004907	0.003925	0.017664	0.026497	0.008832	0.012758	0.014720	0.015702	0.005888	0.007851	0.004907	0.034347	0.016683	0.016683	0.011776	0.016683	0.012758	0.003925	0.023553	
0.026497	0.019627	0.035329	0.010795	0.008832	0.029441	0.012758	0.011776	0.002944	0.015702	0.006869	0.010795	0.003925	0.027478	0.027478	0.032385	0.037291	0.012758	0.016683	0.003925	0.014720	0.010795	0.015702	0.009814	0.004907	0.015702	0.013739	0.014720	0.018646	0.024534	0.022571	0.010795	0.036310	0.037291	0.018646	0.013739	0.018646	0.045142	0.025515	0.013739	0.009814	0.018646	0.031403	0.018646	0.006869	0.016683	0.013739	0.023553	0.000981	0.021590	0.000981	0.015702	0.002944	0.017664	0.006869	0.007851	0.000981	0.002944	0.010795	0.000981	0.033366	0.015702	0.021590	0.023553	
