>NC_002946
0.032051	0.024573	0.014957	0.025641	0.018162	0.014957	0.013889	0.008547	0.011752	0.008547	0.012821	0.009615	0.017094	0.020299	0.013889	0.026709	0.026709	0.009615	0.011752	0.029915	0.023504	0.020299	0.029915	0.017094	0.014957	0.016026	0.014957	0.020299	0.010684	0.007479	0.021368	0.020299	0.024573	0.016026	0.001068	0.011752	0.021368	0.027778	0.019231	0.004274	0.008547	0.020299	0.011752	0.010684	0.004274	0.013889	0.002137	0.020299	0.023504	0.007479	0.006410	0.021368	0.016026	0.013889	0.012821	0.009615	0.019231	0.014957	0.019231	0.012821	0.021368	0.012821	0.020299	0.050214	
0.052350	0.023504	0.009615	0.021368	0.016026	0.019231	0.016026	0.006410	0.005342	0.009615	0.014957	0.004274	0.016026	0.019231	0.020299	0.033120	0.018162	0.017094	0.019231	0.024573	0.009615	0.021368	0.026709	0.019231	0.017094	0.016026	0.024573	0.018162	0.007479	0.005342	0.014957	0.011752	0.021368	0.017094	0.005342	0.010684	0.020299	0.016026	0.016026	0.007479	0.007479	0.026709	0.012821	0.011752	0.009615	0.023504	0.008547	0.011752	0.013889	0.012821	0.011752	0.014957	0.022436	0.016026	0.009615	0.006410	0.017094	0.010684	0.013889	0.016026	0.027778	0.018162	0.021368	0.050214	
0.051282	0.018162	0.019231	0.017094	0.014957	0.026709	0.014957	0.013889	0.023504	0.011752	0.004274	0.006410	0.018162	0.024573	0.005342	0.023504	0.024573	0.012821	0.011752	0.019231	0.009615	0.017094	0.033120	0.012821	0.011752	0.020299	0.020299	0.016026	0.006410	0.003205	0.017094	0.012821	0.023504	0.012821	0.002137	0.008547	0.021368	0.017094	0.020299	0.004274	0.012821	0.027778	0.014957	0.010684	0.008547	0.006410	0.010684	0.024573	0.018162	0.019231	0.005342	0.018162	0.013889	0.025641	0.011752	0.014957	0.012821	0.024573	0.012821	0.014957	0.022436	0.018162	0.021368	0.044872	
0.043803	0.030983	0.019231	0.023504	0.018162	0.018162	0.017094	0.009615	0.008547	0.011752	0.011752	0.006410	0.011752	0.020299	0.008547	0.022436	0.022436	0.012821	0.011752	0.012821	0.017094	0.019231	0.034188	0.016026	0.014957	0.021368	0.023504	0.020299	0.012821	0.003205	0.010684	0.019231	0.018162	0.016026	0.002137	0.024573	0.028846	0.024573	0.022436	0.008547	0.010684	0.021368	0.009615	0.010684	0.006410	0.020299	0.003205	0.018162	0.021368	0.013889	0.003205	0.017094	0.016026	0.020299	0.006410	0.009615	0.012821	0.021368	0.007479	0.012821	0.020299	0.021368	0.011752	0.052350	
0.040598	0.029915	0.011752	0.023504	0.023504	0.019231	0.021368	0.009615	0.008547	0.012821	0.006410	0.008547	0.018162	0.012821	0.014957	0.032051	0.020299	0.014957	0.022436	0.022436	0.012821	0.014957	0.030983	0.023504	0.020299	0.020299	0.026709	0.012821	0.006410	0.007479	0.010684	0.019231	0.018162	0.017094	0.003205	0.008547	0.029915	0.019231	0.013889	0.012821	0.011752	0.014957	0.012821	0.012821	0.008547	0.007479	0.008547	0.025641	0.014957	0.012821	0.004274	0.019231	0.012821	0.023504	0.010684	0.018162	0.016026	0.006410	0.003205	0.008547	0.017094	0.025641	0.018162	0.051282	
0.024573	0.032051	0.008547	0.028846	0.021368	0.026709	0.018162	0.008547	0.020299	0.007479	0.008547	0.005342	0.013889	0.024573	0.011752	0.023504	0.035256	0.021368	0.008547	0.013889	0.011752	0.020299	0.023504	0.021368	0.016026	0.024573	0.020299	0.016026	0.008547	0.009615	0.023504	0.022436	0.030983	0.008547	0.003205	0.013889	0.013889	0.016026	0.017094	0.007479	0.009615	0.016026	0.013889	0.009615	0.010684	0.007479	0.007479	0.017094	0.022436	0.007479	0.005342	0.014957	0.016026	0.014957	0.008547	0.013889	0.017094	0.017094	0.005342	0.012821	0.036325	0.025641	0.021368	0.044872	
0.056624	0.030983	0.008547	0.017094	0.018162	0.027778	0.010684	0.012821	0.006410	0.003205	0.008547	0.007479	0.019231	0.018162	0.005342	0.028846	0.022436	0.009615	0.012821	0.018162	0.020299	0.020299	0.020299	0.017094	0.012821	0.022436	0.019231	0.012821	0.005342	0.006410	0.017094	0.022436	0.021368	0.022436	0.004274	0.014957	0.022436	0.014957	0.014957	0.012821	0.013889	0.012821	0.010684	0.010684	0.009615	0.007479	0.004274	0.022436	0.021368	0.006410	0.019231	0.022436	0.023504	0.018162	0.009615	0.016026	0.025641	0.017094	0.011752	0.009615	0.022436	0.029915	0.018162	0.037393	
0.038462	0.039530	0.017094	0.026709	0.019231	0.020299	0.021368	0.008547	0.011752	0.019231	0.006410	0.007479	0.017094	0.012821	0.010684	0.032051	0.041667	0.014957	0.009615	0.018162	0.014957	0.021368	0.022436	0.022436	0.016026	0.018162	0.013889	0.007479	0.008547	0.007479	0.016026	0.026709	0.027778	0.010684	0.003205	0.017094	0.017094	0.017094	0.013889	0.007479	0.010684	0.017094	0.010684	0.011752	0.010684	0.006410	0.003205	0.020299	0.018162	0.007479	0.005342	0.025641	0.025641	0.018162	0.005342	0.012821	0.016026	0.010684	0.005342	0.012821	0.021368	0.010684	0.025641	0.053419	
0.045940	0.043803	0.018162	0.018162	0.023504	0.023504	0.014957	0.010684	0.013889	0.008547	0.007479	0.005342	0.016026	0.020299	0.020299	0.030983	0.038462	0.009615	0.010684	0.018162	0.009615	0.019231	0.027778	0.020299	0.014957	0.023504	0.018162	0.006410	0.012821	0.008547	0.020299	0.009615	0.020299	0.014957	0.006410	0.012821	0.022436	0.019231	0.010684	0.012821	0.005342	0.013889	0.009615	0.007479	0.008547	0.006410	0.006410	0.018162	0.014957	0.013889	0.008547	0.020299	0.011752	0.010684	0.008547	0.006410	0.020299	0.012821	0.007479	0.014957	0.022436	0.021368	0.022436	0.066239	
0.042735	0.034188	0.009615	0.033120	0.029915	0.032051	0.009615	0.010684	0.012821	0.008547	0.012821	0.009615	0.020299	0.014957	0.007479	0.026709	0.021368	0.013889	0.018162	0.013889	0.018162	0.016026	0.028846	0.009615	0.009615	0.020299	0.017094	0.014957	0.008547	0.006410	0.010684	0.024573	0.023504	0.013889	0.006410	0.010684	0.017094	0.014957	0.017094	0.009615	0.011752	0.018162	0.006410	0.006410	0.008547	0.008547	0.005342	0.011752	0.019231	0.013889	0.005342	0.021368	0.019231	0.013889	0.010684	0.012821	0.032051	0.014957	0.004274	0.018162	0.024573	0.018162	0.018162	0.064103	
0.043803	0.024573	0.012821	0.025641	0.026709	0.019231	0.017094	0.012821	0.019231	0.007479	0.007479	0.005342	0.018162	0.019231	0.011752	0.029915	0.033120	0.022436	0.011752	0.017094	0.022436	0.014957	0.021368	0.018162	0.013889	0.021368	0.018162	0.012821	0.005342	0.006410	0.011752	0.019231	0.025641	0.020299	0.008547	0.011752	0.020299	0.017094	0.014957	0.009615	0.010684	0.009615	0.008547	0.011752	0.006410	0.010684	0.007479	0.024573	0.018162	0.013889	0.005342	0.024573	0.016026	0.009615	0.013889	0.008547	0.013889	0.009615	0.008547	0.009615	0.027778	0.025641	0.017094	0.056624	
0.045940	0.025641	0.016026	0.033120	0.036325	0.017094	0.012821	0.014957	0.016026	0.006410	0.010684	0.005342	0.020299	0.016026	0.013889	0.028846	0.037393	0.014957	0.011752	0.021368	0.013889	0.016026	0.018162	0.012821	0.016026	0.013889	0.024573	0.012821	0.007479	0.011752	0.011752	0.018162	0.019231	0.011752	0.005342	0.021368	0.014957	0.016026	0.012821	0.004274	0.013889	0.010684	0.011752	0.006410	0.011752	0.005342	0.007479	0.014957	0.019231	0.010684	0.004274	0.023504	0.030983	0.013889	0.006410	0.010684	0.014957	0.016026	0.008547	0.008547	0.029915	0.021368	0.021368	0.057692	
0.053419	0.032051	0.016026	0.020299	0.022436	0.020299	0.012821	0.007479	0.012821	0.012821	0.007479	0.004274	0.038462	0.023504	0.006410	0.030983	0.032051	0.021368	0.022436	0.020299	0.007479	0.014957	0.026709	0.013889	0.016026	0.008547	0.012821	0.012821	0.006410	0.005342	0.009615	0.021368	0.020299	0.016026	0.007479	0.017094	0.017094	0.014957	0.008547	0.006410	0.019231	0.018162	0.007479	0.010684	0.008547	0.006410	0.003205	0.014957	0.025641	0.006410	0.008547	0.028846	0.018162	0.010684	0.009615	0.016026	0.028846	0.010684	0.005342	0.009615	0.026709	0.016026	0.013889	0.063034	
0.053419	0.026709	0.024573	0.026709	0.023504	0.028846	0.012821	0.010684	0.025641	0.008547	0.009615	0.010684	0.023504	0.018162	0.008547	0.036325	0.024573	0.011752	0.013889	0.014957	0.016026	0.014957	0.021368	0.008547	0.019231	0.010684	0.016026	0.011752	0.006410	0.003205	0.013889	0.020299	0.036325	0.011752	0.009615	0.019231	0.018162	0.010684	0.011752	0.009615	0.006410	0.011752	0.008547	0.006410	0.007479	0.006410	0.008547	0.014957	0.020299	0.020299	0.004274	0.035256	0.012821	0.017094	0.008547	0.012821	0.011752	0.007479	0.006410	0.007479	0.026709	0.026709	0.017094	0.059829	
0.059829	0.026709	0.022436	0.025641	0.032051	0.013889	0.017094	0.007479	0.019231	0.010684	0.012821	0.009615	0.032051	0.011752	0.025641	0.026709	0.030983	0.008547	0.013889	0.017094	0.014957	0.018162	0.029915	0.008547	0.014957	0.010684	0.018162	0.010684	0.005342	0.004274	0.016026	0.016026	0.024573	0.010684	0.007479	0.020299	0.014957	0.006410	0.012821	0.004274	0.009615	0.012821	0.010684	0.007479	0.013889	0.003205	0.005342	0.013889	0.026709	0.011752	0.003205	0.022436	0.018162	0.011752	0.010684	0.013889	0.014957	0.018162	0.006410	0.008547	0.023504	0.022436	0.023504	0.061966	
0.065171	0.021368	0.020299	0.035256	0.022436	0.013889	0.013889	0.007479	0.018162	0.010684	0.011752	0.006410	0.028846	0.018162	0.009615	0.028846	0.030983	0.011752	0.022436	0.014957	0.008547	0.009615	0.023504	0.008547	0.022436	0.008547	0.032051	0.007479	0.005342	0.003205	0.009615	0.016026	0.034188	0.007479	0.006410	0.010684	0.019231	0.011752	0.012821	0.008547	0.012821	0.014957	0.011752	0.008547	0.005342	0.005342	0.007479	0.018162	0.030983	0.010684	0.007479	0.025641	0.016026	0.011752	0.007479	0.006410	0.021368	0.012821	0.013889	0.022436	0.022436	0.018162	0.027778	0.050214	
0.076923	0.028846	0.039530	0.016026	0.019231	0.010684	0.016026	0.005342	0.021368	0.005342	0.020299	0.009615	0.027778	0.017094	0.014957	0.026709	0.028846	0.011752	0.016026	0.009615	0.008547	0.008547	0.025641	0.004274	0.017094	0.010684	0.020299	0.009615	0.002137	0.003205	0.014957	0.010684	0.039530	0.012821	0.011752	0.010684	0.023504	0.006410	0.009615	0.007479	0.032051	0.014957	0.010684	0.011752	0.010684	0.011752	0.003205	0.019231	0.028846	0.007479	0.010684	0.014957	0.012821	0.013889	0.010684	0.007479	0.018162	0.009615	0.013889	0.012821	0.028846	0.020299	0.029915	0.034188	
0.077991	0.016026	0.068376	0.011752	0.019231	0.014957	0.020299	0.006410	0.021368	0.006410	0.045940	0.004274	0.020299	0.007479	0.012821	0.010684	0.027778	0.012821	0.014957	0.008547	0.012821	0.005342	0.016026	0.005342	0.022436	0.009615	0.024573	0.005342	0.005342	0.006410	0.006410	0.006410	0.048077	0.014957	0.013889	0.011752	0.017094	0.004274	0.011752	0.007479	0.029915	0.016026	0.012821	0.006410	0.007479	0.010684	0.011752	0.013889	0.030983	0.010684	0.013889	0.013889	0.019231	0.003205	0.022436	0.007479	0.027778	0.009615	0.018162	0.007479	0.032051	0.016026	0.023504	0.019231	
0.067308	0.025641	0.075855	0.016026	0.023504	0.010684	0.018162	0.002137	0.025641	0.006410	0.067308	0.011752	0.009615	0.010684	0.009615	0.016026	0.025641	0.011752	0.023504	0.007479	0.005342	0.006410	0.012821	0.003205	0.021368	0.007479	0.038462	0.003205	0.005342	0.003205	0.008547	0.009615	0.051282	0.014957	0.025641	0.009615	0.010684	0.009615	0.012821	0.008547	0.057692	0.009615	0.023504	0.010684	0.003205	0.006410	0.004274	0.009615	0.030983	0.016026	0.011752	0.006410	0.014957	0.009615	0.011752	0.004274	0.012821	0.006410	0.027778	0.007479	0.013889	0.010684	0.014957	0.010684	
0.043803	0.023504	0.088675	0.019231	0.023504	0.019231	0.019231	0.006410	0.019231	0.009615	0.099359	0.008547	0.011752	0.003205	0.010684	0.013889	0.019231	0.005342	0.022436	0.007479	0.003205	0.005342	0.019231	0.008547	0.010684	0.005342	0.035256	0.004274	0.003205	0.002137	0.008547	0.004274	0.053419	0.013889	0.037393	0.012821	0.002137	0.006410	0.014957	0.006410	0.099359	0.021368	0.027778	0.008547	0.004274	0.006410	0.007479	0.014957	0.009615	0.005342	0.007479	0.009615	0.008547	0.006410	0.010684	0.005342	0.009615	0.002137	0.017094	0.008547	0.010684	0.007479	0.018162	0.009615	
0.043803	0.017094	0.042735	0.022436	0.018162	0.010684	0.012821	0.006410	0.025641	0.010684	0.110043	0.009615	0.011752	0.009615	0.012821	0.014957	0.006410	0.006410	0.016026	0.008547	0.006410	0.016026	0.007479	0.007479	0.023504	0.007479	0.025641	0.007479	0.003205	0.002137	0.010684	0.010684	0.059829	0.009615	0.056624	0.012821	0.013889	0.003205	0.011752	0.009615	0.113248	0.017094	0.034188	0.014957	0.005342	0.007479	0.010684	0.006410	0.009615	0.005342	0.003205	0.011752	0.003205	0.007479	0.004274	0.004274	0.009615	0.010684	0.011752	0.012821	0.012821	0.003205	0.011752	0.014957	
0.045940	0.020299	0.028846	0.024573	0.012821	0.007479	0.006410	0.011752	0.032051	0.019231	0.047009	0.020299	0.012821	0.014957	0.006410	0.021368	0.016026	0.008547	0.010684	0.006410	0.003205	0.007479	0.011752	0.014957	0.008547	0.008547	0.014957	0.004274	0.005342	0.002137	0.011752	0.008547	0.058761	0.016026	0.069444	0.027778	0.020299	0.010684	0.007479	0.007479	0.103632	0.021368	0.038462	0.018162	0.011752	0.006410	0.008547	0.018162	0.012821	0.005342	0.004274	0.010684	0.006410	0.003205	0.007479	0.005342	0.012821	0.009615	0.009615	0.013889	0.005342	0.006410	0.009615	0.025641	
0.056624	0.023504	0.023504	0.029915	0.025641	0.008547	0.009615	0.006410	0.037393	0.025641	0.034188	0.016026	0.022436	0.014957	0.009615	0.022436	0.012821	0.008547	0.008547	0.012821	0.002137	0.008547	0.014957	0.003205	0.012821	0.005342	0.012821	0.002137	0.006410	0.012821	0.016026	0.004274	0.073718	0.023504	0.032051	0.027778	0.020299	0.007479	0.020299	0.010684	0.045940	0.018162	0.023504	0.022436	0.024573	0.006410	0.009615	0.016026	0.013889	0.006410	0.003205	0.011752	0.007479	0.011752	0.005342	0.005342	0.012821	0.013889	0.005342	0.004274	0.016026	0.010684	0.020299	0.026709	
0.079060	0.036325	0.014957	0.026709	0.030983	0.012821	0.009615	0.008547	0.023504	0.010684	0.020299	0.012821	0.033120	0.013889	0.009615	0.025641	0.019231	0.011752	0.010684	0.013889	0.011752	0.007479	0.011752	0.005342	0.009615	0.014957	0.020299	0.005342	0.007479	0.002137	0.008547	0.007479	0.059829	0.020299	0.010684	0.018162	0.025641	0.016026	0.014957	0.006410	0.028846	0.016026	0.020299	0.010684	0.011752	0.008547	0.008547	0.016026	0.027778	0.017094	0.007479	0.017094	0.011752	0.009615	0.017094	0.006410	0.025641	0.012821	0.004274	0.012821	0.017094	0.017094	0.014957	0.020299	
0.082265	0.053419	0.014957	0.035256	0.028846	0.023504	0.018162	0.014957	0.017094	0.011752	0.007479	0.007479	0.021368	0.017094	0.010684	0.026709	0.029915	0.022436	0.013889	0.013889	0.008547	0.012821	0.019231	0.005342	0.021368	0.008547	0.019231	0.004274	0.007479	0.005342	0.010684	0.003205	0.043803	0.017094	0.008547	0.018162	0.016026	0.020299	0.011752	0.006410	0.022436	0.020299	0.009615	0.012821	0.009615	0.008547	0.009615	0.013889	0.033120	0.016026	0.008547	0.011752	0.011752	0.010684	0.010684	0.008547	0.017094	0.009615	0.004274	0.010684	0.008547	0.016026	0.012821	0.032051	
0.110043	0.018162	0.037393	0.023504	0.057692	0.019231	0.025641	0.006410	0.021368	0.008547	0.011752	0.004274	0.018162	0.025641	0.014957	0.020299	0.028846	0.012821	0.017094	0.006410	0.020299	0.013889	0.024573	0.008547	0.018162	0.017094	0.013889	0.010684	0.006410	0.005342	0.019231	0.004274	0.054487	0.010684	0.003205	0.009615	0.019231	0.009615	0.018162	0.003205	0.013889	0.006410	0.011752	0.008547	0.006410	0.008547	0.009615	0.010684	0.017094	0.007479	0.008547	0.013889	0.022436	0.012821	0.009615	0.002137	0.018162	0.010684	0.007479	0.007479	0.021368	0.012821	0.021368	0.020299	
0.092949	0.048077	0.016026	0.053419	0.018162	0.016026	0.005342	0.009615	0.022436	0.027778	0.006410	0.009615	0.018162	0.009615	0.004274	0.021368	0.028846	0.034188	0.011752	0.044872	0.007479	0.020299	0.019231	0.008547	0.022436	0.022436	0.019231	0.013889	0.004274	0.003205	0.001068	0.011752	0.029915	0.016026	0.005342	0.020299	0.009615	0.014957	0.009615	0.008547	0.017094	0.010684	0.006410	0.010684	0.009615	0.005342	0.005342	0.010684	0.014957	0.013889	0.004274	0.019231	0.012821	0.017094	0.005342	0.017094	0.027778	0.019231	0.006410	0.011752	0.006410	0.012821	0.008547	0.027778	
0.075855	0.017094	0.008547	0.065171	0.027778	0.050214	0.014957	0.019231	0.009615	0.008547	0.010684	0.008547	0.027778	0.041667	0.006410	0.061966	0.020299	0.008547	0.007479	0.011752	0.014957	0.019231	0.018162	0.016026	0.005342	0.010684	0.011752	0.011752	0.006410	0.005342	0.017094	0.014957	0.039530	0.011752	0.011752	0.026709	0.016026	0.026709	0.018162	0.019231	0.008547	0.008547	0.009615	0.011752	0.009615	0.009615	0.007479	0.019231	0.020299	0.005342	0.003205	0.009615	0.009615	0.008547	0.008547	0.004274	0.006410	0.002137	0.005342	0.005342	0.010684	0.008547	0.017094	0.035256	
0.144231	0.001068	0.005342	0.005342	0.034188	0.001068	0.004274	0.003205	0.025641	0.001068	0.002137	0.002137	0.103632	0.001068	0.002137	0.006410	0.056624	0.001068	0.005342	0.005342	0.090812	0.001068	0.007479	0.005342	0.054487	0.001068	0.003205	0.001068	0.052350	0.001068	0.001068	0.004274	0.022436	0.001068	0.002137	0.004274	0.021368	0.001068	0.004274	0.003205	0.027778	0.001068	0.004274	0.004274	0.029915	0.001068	0.001068	0.005342	0.043803	0.001068	0.002137	0.007479	0.058761	0.001068	0.004274	0.001068	0.044872	0.001068	0.001068	0.001068	0.119658	0.001068	0.005342	0.005342	
0.001068	0.001068	0.001068	0.263889	0.001068	0.001068	0.001068	0.001068	0.001068	0.001068	0.001068	0.011752	0.001068	0.001068	0.001068	0.019231	0.001068	0.001068	0.001068	0.201923	0.001068	0.001068	0.001068	0.001068	0.001068	0.001068	0.001068	0.017094	0.001068	0.001068	0.001068	0.009615	0.001068	0.001068	0.001068	0.149573	0.001068	0.001068	0.001068	0.001068	0.001068	0.001068	0.001068	0.007479	0.001068	0.001068	0.001068	0.005342	0.001068	0.001068	0.001068	0.302350	0.001068	0.001068	0.001068	0.001068	0.001068	0.001068	0.001068	0.006410	0.001068	0.001068	0.001068	0.018162	
0.001068	0.001068	0.001068	0.001068	0.001068	0.001068	0.001068	0.001068	0.001068	0.001068	0.001068	0.001068	0.001068	0.001068	0.914530	0.001068	0.001068	0.001068	0.001068	0.001068	0.001068	0.001068	0.001068	0.001068	0.001068	0.001068	0.001068	0.001068	0.001068	0.001068	0.001068	0.001068	0.001068	0.001068	0.001068	0.001068	0.001068	0.001068	0.001068	0.001068	0.001068	0.001068	0.001068	0.001068	0.001068	0.001068	0.039530	0.001068	0.001068	0.001068	0.001068	0.001068	0.001068	0.001068	0.001068	0.001068	0.001068	0.001068	0.001068	0.001068	0.001068	0.001068	0.049145	0.001068	
0.001068	0.001068	0.001068	0.001068	0.001068	0.001068	0.001068	0.001068	0.001068	0.001068	0.001068	0.001068	0.001068	0.001068	0.001068	0.001068	0.001068	0.001068	0.001068	0.001068	0.001068	0.001068	0.001068	0.001068	0.001068	0.001068	0.001068	0.001068	0.001068	0.001068	0.001068	0.001068	0.001068	0.001068	0.001068	0.001068	0.001068	0.001068	0.001068	0.001068	0.001068	0.001068	0.001068	0.001068	0.001068	0.001068	0.001068	0.001068	0.001068	0.001068	0.001068	0.001068	0.001068	0.001068	0.001068	0.001068	0.478632	0.186966	0.179487	0.159188	0.001068	0.001068	0.001068	0.001068	
0.001068	0.001068	0.001068	0.001068	0.001068	0.001068	0.001068	0.001068	0.001068	0.001068	0.001068	0.001068	0.001068	0.001068	0.001068	0.001068	0.001068	0.001068	0.001068	0.001068	0.001068	0.001068	0.001068	0.001068	0.001068	0.001068	0.001068	0.001068	0.001068	0.001068	0.001068	0.001068	0.252137	0.085470	0.071581	0.072650	0.056624	0.073718	0.034188	0.025641	0.067308	0.064103	0.032051	0.019231	0.017094	0.052350	0.020299	0.072650	0.001068	0.001068	0.001068	0.001068	0.001068	0.001068	0.001068	0.001068	0.001068	0.001068	0.001068	0.001068	0.001068	0.001068	0.001068	0.001068	
0.117521	0.051282	0.037393	0.049145	0.018162	0.037393	0.009615	0.023504	0.010684	0.030983	0.004274	0.028846	0.010684	0.006410	0.021368	0.037393	0.026709	0.006410	0.022436	0.004274	0.006410	0.013889	0.044872	0.011752	0.007479	0.009615	0.011752	0.008547	0.001068	0.004274	0.013889	0.009615	0.028846	0.011752	0.003205	0.026709	0.032051	0.003205	0.016026	0.016026	0.007479	0.012821	0.005342	0.009615	0.002137	0.003205	0.004274	0.012821	0.001068	0.010684	0.001068	0.007479	0.011752	0.017094	0.009615	0.017094	0.001068	0.006410	0.009615	0.006410	0.016026	0.017094	0.013889	0.028846	
0.091880	0.033120	0.028846	0.020299	0.033120	0.019231	0.021368	0.006410	0.033120	0.012821	0.010684	0.007479	0.035256	0.018162	0.012821	0.021368	0.026709	0.012821	0.023504	0.005342	0.014957	0.013889	0.039530	0.003205	0.009615	0.011752	0.020299	0.038462	0.009615	0.005342	0.034188	0.019231	0.009615	0.004274	0.004274	0.008547	0.024573	0.008547	0.016026	0.010684	0.010684	0.009615	0.005342	0.005342	0.018162	0.008547	0.013889	0.012821	0.010684	0.008547	0.007479	0.003205	0.017094	0.007479	0.004274	0.002137	0.028846	0.006410	0.008547	0.009615	0.025641	0.010684	0.027778	0.024573	
0.067308	0.037393	0.006410	0.027778	0.017094	0.013889	0.014957	0.012821	0.022436	0.017094	0.016026	0.008547	0.006410	0.006410	0.003205	0.021368	0.032051	0.014957	0.019231	0.023504	0.018162	0.005342	0.011752	0.013889	0.032051	0.024573	0.011752	0.012821	0.005342	0.003205	0.004274	0.009615	0.036325	0.016026	0.006410	0.023504	0.007479	0.011752	0.008547	0.012821	0.011752	0.016026	0.006410	0.010684	0.003205	0.038462	0.004274	0.014957	0.028846	0.025641	0.003205	0.030983	0.018162	0.012821	0.004274	0.007479	0.033120	0.029915	0.012821	0.012821	0.009615	0.018162	0.006410	0.043803	
0.087607	0.037393	0.016026	0.023504	0.022436	0.049145	0.014957	0.007479	0.007479	0.011752	0.005342	0.010684	0.022436	0.034188	0.016026	0.033120	0.030983	0.011752	0.009615	0.008547	0.008547	0.008547	0.021368	0.005342	0.007479	0.012821	0.006410	0.012821	0.007479	0.004274	0.020299	0.014957	0.041667	0.022436	0.008547	0.026709	0.032051	0.025641	0.019231	0.010684	0.008547	0.017094	0.013889	0.007479	0.011752	0.011752	0.005342	0.016026	0.001068	0.008547	0.001068	0.013889	0.010684	0.017094	0.005342	0.033120	0.001068	0.008547	0.005342	0.003205	0.018162	0.024573	0.027778	0.019231	
0.070513	0.037393	0.021368	0.032051	0.027778	0.024573	0.019231	0.008547	0.013889	0.008547	0.003205	0.009615	0.024573	0.008547	0.011752	0.027778	0.025641	0.019231	0.017094	0.011752	0.023504	0.025641	0.034188	0.017094	0.017094	0.018162	0.013889	0.011752	0.004274	0.003205	0.033120	0.016026	0.007479	0.007479	0.003205	0.006410	0.017094	0.009615	0.016026	0.007479	0.003205	0.011752	0.008547	0.007479	0.011752	0.004274	0.008547	0.009615	0.025641	0.009615	0.010684	0.013889	0.032051	0.018162	0.016026	0.008547	0.033120	0.019231	0.009615	0.007479	0.023504	0.005342	0.019231	0.035256	
0.045940	0.034188	0.010684	0.038462	0.030983	0.013889	0.010684	0.018162	0.013889	0.014957	0.013889	0.009615	0.008547	0.014957	0.010684	0.029915	0.047009	0.016026	0.009615	0.027778	0.024573	0.009615	0.017094	0.026709	0.038462	0.013889	0.011752	0.021368	0.009615	0.011752	0.004274	0.016026	0.029915	0.016026	0.005342	0.016026	0.017094	0.012821	0.007479	0.020299	0.005342	0.013889	0.006410	0.009615	0.006410	0.006410	0.004274	0.019231	0.028846	0.012821	0.003205	0.019231	0.005342	0.006410	0.002137	0.007479	0.043803	0.009615	0.006410	0.012821	0.014957	0.018162	0.005342	0.050214	
0.072650	0.026709	0.014957	0.037393	0.024573	0.034188	0.013889	0.006410	0.007479	0.009615	0.005342	0.006410	0.009615	0.049145	0.020299	0.022436	0.038462	0.011752	0.010684	0.017094	0.004274	0.014957	0.016026	0.007479	0.008547	0.012821	0.008547	0.007479	0.006410	0.019231	0.033120	0.013889	0.069444	0.011752	0.002137	0.018162	0.010684	0.014957	0.014957	0.011752	0.012821	0.010684	0.004274	0.010684	0.014957	0.011752	0.007479	0.019231	0.001068	0.019231	0.001068	0.018162	0.014957	0.024573	0.001068	0.010684	0.001068	0.010684	0.010684	0.002137	0.028846	0.022436	0.035256	0.028846	
0.077991	0.042735	0.032051	0.028846	0.021368	0.018162	0.024573	0.005342	0.010684	0.006410	0.008547	0.003205	0.039530	0.018162	0.014957	0.018162	0.016026	0.022436	0.007479	0.008547	0.020299	0.018162	0.033120	0.017094	0.012821	0.013889	0.012821	0.006410	0.010684	0.001068	0.009615	0.014957	0.013889	0.011752	0.002137	0.002137	0.013889	0.009615	0.016026	0.004274	0.007479	0.016026	0.002137	0.003205	0.011752	0.005342	0.003205	0.006410	0.017094	0.011752	0.014957	0.016026	0.032051	0.030983	0.026709	0.012821	0.038462	0.023504	0.017094	0.017094	0.016026	0.019231	0.018162	0.030983	
0.044872	0.033120	0.016026	0.030983	0.039530	0.021368	0.008547	0.019231	0.026709	0.008547	0.009615	0.011752	0.008547	0.014957	0.007479	0.024573	0.038462	0.013889	0.017094	0.018162	0.019231	0.010684	0.027778	0.019231	0.035256	0.016026	0.017094	0.032051	0.010684	0.006410	0.006410	0.016026	0.024573	0.022436	0.005342	0.017094	0.024573	0.011752	0.007479	0.016026	0.013889	0.012821	0.004274	0.009615	0.002137	0.006410	0.002137	0.019231	0.026709	0.014957	0.003205	0.033120	0.016026	0.014957	0.003205	0.009615	0.010684	0.013889	0.008547	0.012821	0.008547	0.010684	0.003205	0.048077	
0.075855	0.030983	0.010684	0.017094	0.020299	0.041667	0.008547	0.013889	0.010684	0.018162	0.008547	0.004274	0.013889	0.025641	0.021368	0.038462	0.042735	0.033120	0.008547	0.014957	0.005342	0.021368	0.023504	0.008547	0.004274	0.019231	0.010684	0.012821	0.002137	0.022436	0.023504	0.016026	0.040598	0.025641	0.007479	0.012821	0.017094	0.020299	0.007479	0.006410	0.009615	0.013889	0.007479	0.008547	0.019231	0.018162	0.004274	0.024573	0.001068	0.013889	0.001068	0.013889	0.008547	0.013889	0.008547	0.007479	0.001068	0.004274	0.007479	0.006410	0.021368	0.026709	0.026709	0.033120	
0.059829	0.036325	0.030983	0.033120	0.026709	0.023504	0.025641	0.027778	0.008547	0.006410	0.007479	0.005342	0.017094	0.013889	0.006410	0.021368	0.013889	0.009615	0.016026	0.011752	0.026709	0.020299	0.035256	0.014957	0.010684	0.013889	0.014957	0.008547	0.004274	0.004274	0.011752	0.016026	0.008547	0.005342	0.004274	0.007479	0.023504	0.013889	0.011752	0.006410	0.006410	0.010684	0.008547	0.008547	0.008547	0.006410	0.006410	0.010684	0.018162	0.011752	0.016026	0.010684	0.030983	0.028846	0.022436	0.010684	0.029915	0.019231	0.009615	0.017094	0.025641	0.016026	0.028846	0.041667	
0.035256	0.028846	0.008547	0.027778	0.014957	0.017094	0.010684	0.020299	0.030983	0.018162	0.008547	0.009615	0.008547	0.010684	0.007479	0.036325	0.038462	0.022436	0.022436	0.024573	0.019231	0.020299	0.023504	0.023504	0.039530	0.022436	0.016026	0.017094	0.007479	0.010684	0.022436	0.019231	0.018162	0.009615	0.007479	0.020299	0.016026	0.016026	0.006410	0.011752	0.014957	0.008547	0.006410	0.010684	0.002137	0.008547	0.006410	0.022436	0.018162	0.013889	0.003205	0.020299	0.012821	0.010684	0.004274	0.012821	0.019231	0.010684	0.005342	0.018162	0.011752	0.016026	0.007479	0.054487	
0.059829	0.014957	0.012821	0.022436	0.010684	0.036325	0.019231	0.008547	0.008547	0.017094	0.006410	0.009615	0.011752	0.045940	0.011752	0.023504	0.029915	0.008547	0.008547	0.016026	0.008547	0.023504	0.017094	0.014957	0.005342	0.016026	0.008547	0.014957	0.008547	0.012821	0.027778	0.019231	0.049145	0.023504	0.008547	0.023504	0.011752	0.023504	0.012821	0.011752	0.009615	0.012821	0.007479	0.006410	0.017094	0.014957	0.008547	0.014957	0.001068	0.011752	0.001068	0.016026	0.006410	0.022436	0.008547	0.008547	0.001068	0.023504	0.010684	0.008547	0.028846	0.033120	0.030983	0.039530	
0.052350	0.040598	0.027778	0.019231	0.012821	0.016026	0.021368	0.008547	0.009615	0.008547	0.004274	0.008547	0.021368	0.016026	0.017094	0.023504	0.016026	0.007479	0.005342	0.008547	0.020299	0.027778	0.039530	0.018162	0.011752	0.020299	0.017094	0.008547	0.008547	0.005342	0.007479	0.022436	0.006410	0.006410	0.004274	0.007479	0.029915	0.017094	0.016026	0.006410	0.010684	0.011752	0.003205	0.007479	0.010684	0.003205	0.006410	0.019231	0.019231	0.012821	0.020299	0.013889	0.036325	0.022436	0.030983	0.017094	0.030983	0.020299	0.016026	0.011752	0.014957	0.019231	0.034188	0.028846	
0.028846	0.029915	0.008547	0.026709	0.026709	0.013889	0.007479	0.019231	0.023504	0.011752	0.013889	0.008547	0.008547	0.007479	0.006410	0.026709	0.050214	0.009615	0.010684	0.028846	0.014957	0.017094	0.019231	0.032051	0.030983	0.027778	0.024573	0.024573	0.012821	0.006410	0.004274	0.026709	0.028846	0.013889	0.002137	0.018162	0.023504	0.010684	0.010684	0.016026	0.011752	0.014957	0.007479	0.006410	0.005342	0.004274	0.007479	0.019231	0.013889	0.017094	0.003205	0.021368	0.010684	0.019231	0.004274	0.009615	0.020299	0.022436	0.002137	0.020299	0.010684	0.019231	0.014957	0.049145	
0.068376	0.023504	0.014957	0.014957	0.011752	0.042735	0.009615	0.006410	0.005342	0.012821	0.002137	0.004274	0.013889	0.040598	0.010684	0.029915	0.032051	0.014957	0.019231	0.009615	0.005342	0.022436	0.021368	0.011752	0.005342	0.019231	0.009615	0.007479	0.005342	0.027778	0.028846	0.014957	0.035256	0.019231	0.013889	0.018162	0.018162	0.035256	0.017094	0.006410	0.007479	0.029915	0.004274	0.006410	0.016026	0.012821	0.010684	0.020299	0.001068	0.021368	0.001068	0.013889	0.009615	0.010684	0.005342	0.011752	0.001068	0.009615	0.018162	0.004274	0.023504	0.027778	0.039530	0.030983	
0.042735	0.026709	0.028846	0.038462	0.026709	0.019231	0.024573	0.008547	0.013889	0.012821	0.011752	0.010684	0.014957	0.009615	0.012821	0.019231	0.010684	0.010684	0.013889	0.009615	0.021368	0.021368	0.051282	0.017094	0.009615	0.013889	0.022436	0.007479	0.005342	0.006410	0.007479	0.017094	0.005342	0.008547	0.003205	0.002137	0.017094	0.017094	0.023504	0.013889	0.007479	0.013889	0.005342	0.007479	0.004274	0.006410	0.004274	0.007479	0.019231	0.011752	0.005342	0.022436	0.030983	0.032051	0.036325	0.009615	0.021368	0.029915	0.024573	0.013889	0.018162	0.014957	0.029915	0.033120	
0.026709	0.016026	0.010684	0.024573	0.021368	0.009615	0.013889	0.012821	0.014957	0.018162	0.008547	0.009615	0.003205	0.011752	0.011752	0.045940	0.030983	0.014957	0.011752	0.038462	0.014957	0.014957	0.028846	0.030983	0.040598	0.038462	0.032051	0.024573	0.009615	0.009615	0.010684	0.019231	0.023504	0.008547	0.004274	0.016026	0.021368	0.011752	0.016026	0.021368	0.023504	0.021368	0.012821	0.006410	0.003205	0.006410	0.007479	0.022436	0.014957	0.010684	0.002137	0.014957	0.005342	0.012821	0.005342	0.013889	0.016026	0.014957	0.005342	0.018162	0.004274	0.022436	0.008547	0.041667	
0.047009	0.022436	0.011752	0.014957	0.012821	0.021368	0.010684	0.005342	0.004274	0.010684	0.009615	0.004274	0.011752	0.047009	0.010684	0.024573	0.028846	0.012821	0.013889	0.007479	0.005342	0.012821	0.016026	0.014957	0.005342	0.033120	0.017094	0.008547	0.005342	0.021368	0.032051	0.020299	0.043803	0.024573	0.005342	0.021368	0.021368	0.043803	0.017094	0.010684	0.011752	0.034188	0.005342	0.007479	0.016026	0.014957	0.008547	0.019231	0.001068	0.010684	0.001068	0.007479	0.004274	0.018162	0.012821	0.014957	0.001068	0.010684	0.020299	0.006410	0.023504	0.025641	0.028846	0.051282	
0.050214	0.024573	0.033120	0.012821	0.024573	0.017094	0.018162	0.010684	0.006410	0.011752	0.009615	0.004274	0.016026	0.006410	0.012821	0.016026	0.018162	0.008547	0.009615	0.007479	0.018162	0.021368	0.044872	0.011752	0.009615	0.014957	0.022436	0.009615	0.007479	0.009615	0.013889	0.014957	0.008547	0.006410	0.004274	0.003205	0.023504	0.024573	0.033120	0.007479	0.008547	0.016026	0.012821	0.014957	0.008547	0.003205	0.008547	0.006410	0.026709	0.006410	0.011752	0.011752	0.026709	0.028846	0.038462	0.014957	0.028846	0.019231	0.023504	0.008547	0.024573	0.020299	0.027778	0.042735	
0.049145	0.023504	0.009615	0.021368	0.018162	0.009615	0.009615	0.008547	0.017094	0.018162	0.010684	0.012821	0.002137	0.008547	0.006410	0.018162	0.037393	0.013889	0.017094	0.024573	0.018162	0.017094	0.018162	0.038462	0.030983	0.045940	0.039530	0.018162	0.005342	0.007479	0.008547	0.023504	0.019231	0.014957	0.004274	0.014957	0.012821	0.018162	0.010684	0.020299	0.016026	0.030983	0.009615	0.011752	0.006410	0.013889	0.003205	0.013889	0.011752	0.016026	0.010684	0.018162	0.011752	0.014957	0.005342	0.007479	0.011752	0.027778	0.006410	0.017094	0.011752	0.019231	0.009615	0.039530	
0.047009	0.020299	0.020299	0.029915	0.012821	0.033120	0.011752	0.010684	0.011752	0.018162	0.006410	0.005342	0.004274	0.037393	0.013889	0.023504	0.021368	0.012821	0.013889	0.012821	0.005342	0.026709	0.018162	0.009615	0.007479	0.020299	0.009615	0.006410	0.003205	0.018162	0.030983	0.022436	0.030983	0.022436	0.005342	0.017094	0.028846	0.056624	0.022436	0.014957	0.009615	0.032051	0.009615	0.014957	0.013889	0.018162	0.009615	0.018162	0.001068	0.009615	0.001068	0.013889	0.011752	0.021368	0.010684	0.005342	0.001068	0.007479	0.009615	0.009615	0.014957	0.023504	0.029915	0.026709	
0.033120	0.018162	0.026709	0.022436	0.017094	0.019231	0.026709	0.002137	0.022436	0.009615	0.005342	0.003205	0.025641	0.013889	0.016026	0.018162	0.014957	0.016026	0.013889	0.013889	0.024573	0.032051	0.064103	0.017094	0.014957	0.017094	0.023504	0.007479	0.008547	0.004274	0.007479	0.020299	0.016026	0.007479	0.004274	0.002137	0.032051	0.013889	0.023504	0.008547	0.012821	0.011752	0.004274	0.006410	0.004274	0.008547	0.008547	0.014957	0.013889	0.004274	0.007479	0.010684	0.028846	0.019231	0.037393	0.011752	0.024573	0.021368	0.020299	0.018162	0.017094	0.018162	0.027778	0.027778	
0.032051	0.016026	0.009615	0.020299	0.018162	0.010684	0.006410	0.010684	0.014957	0.014957	0.013889	0.008547	0.008547	0.017094	0.003205	0.020299	0.039530	0.019231	0.016026	0.027778	0.018162	0.008547	0.025641	0.032051	0.036325	0.048077	0.036325	0.030983	0.005342	0.004274	0.009615	0.020299	0.029915	0.013889	0.003205	0.027778	0.020299	0.006410	0.011752	0.021368	0.012821	0.022436	0.009615	0.008547	0.005342	0.006410	0.004274	0.019231	0.014957	0.011752	0.003205	0.025641	0.011752	0.011752	0.004274	0.017094	0.016026	0.026709	0.005342	0.011752	0.016026	0.017094	0.009615	0.038462	
0.064103	0.027778	0.012821	0.011752	0.004274	0.030983	0.018162	0.007479	0.004274	0.016026	0.006410	0.005342	0.011752	0.037393	0.019231	0.033120	0.028846	0.019231	0.010684	0.009615	0.004274	0.007479	0.016026	0.009615	0.007479	0.020299	0.008547	0.011752	0.008547	0.024573	0.034188	0.013889	0.042735	0.012821	0.006410	0.018162	0.023504	0.054487	0.024573	0.009615	0.014957	0.036325	0.005342	0.008547	0.009615	0.020299	0.008547	0.021368	0.001068	0.013889	0.001068	0.019231	0.011752	0.018162	0.008547	0.006410	0.001068	0.010684	0.011752	0.003205	0.009615	0.027778	0.033120	0.027778	
0.060897	0.024573	0.038462	0.012821	0.019231	0.016026	0.032051	0.006410	0.008547	0.007479	0.011752	0.003205	0.017094	0.013889	0.013889	0.013889	0.009615	0.012821	0.009615	0.011752	0.021368	0.020299	0.055556	0.013889	0.016026	0.020299	0.020299	0.010684	0.002137	0.007479	0.009615	0.013889	0.007479	0.013889	0.002137	0.004274	0.025641	0.021368	0.027778	0.008547	0.007479	0.010684	0.005342	0.008547	0.007479	0.008547	0.005342	0.007479	0.010684	0.006410	0.011752	0.010684	0.025641	0.033120	0.040598	0.010684	0.027778	0.025641	0.023504	0.018162	0.012821	0.021368	0.028846	0.033120	
0.036325	0.021368	0.005342	0.025641	0.018162	0.012821	0.011752	0.014957	0.024573	0.016026	0.008547	0.012821	0.004274	0.011752	0.006410	0.017094	0.033120	0.011752	0.017094	0.029915	0.014957	0.016026	0.023504	0.036325	0.036325	0.042735	0.049145	0.027778	0.007479	0.007479	0.006410	0.018162	0.017094	0.013889	0.008547	0.020299	0.010684	0.014957	0.016026	0.022436	0.011752	0.017094	0.021368	0.010684	0.005342	0.008547	0.006410	0.020299	0.009615	0.010684	0.001068	0.018162	0.007479	0.017094	0.009615	0.017094	0.016026	0.028846	0.004274	0.008547	0.008547	0.017094	0.009615	0.033120	
0.035256	0.017094	0.020299	0.023504	0.007479	0.028846	0.016026	0.005342	0.008547	0.014957	0.005342	0.003205	0.008547	0.035256	0.019231	0.030983	0.019231	0.012821	0.007479	0.011752	0.006410	0.021368	0.023504	0.009615	0.007479	0.028846	0.012821	0.011752	0.005342	0.022436	0.044872	0.018162	0.037393	0.037393	0.005342	0.008547	0.029915	0.049145	0.019231	0.006410	0.011752	0.051282	0.008547	0.011752	0.012821	0.020299	0.014957	0.011752	0.001068	0.007479	0.001068	0.016026	0.008547	0.025641	0.007479	0.003205	0.001068	0.013889	0.008547	0.005342	0.012821	0.014957	0.033120	0.027778	
