>NC_002935
0.027754	0.019948	0.013877	0.025152	0.013010	0.018213	0.015611	0.014744	0.018213	0.012142	0.009540	0.019948	0.013010	0.025152	0.014744	0.019081	0.013010	0.021683	0.013877	0.013877	0.021683	0.019081	0.010408	0.013010	0.011275	0.022550	0.013010	0.014744	0.015611	0.019081	0.017346	0.019081	0.018213	0.015611	0.008673	0.021683	0.014744	0.019948	0.016479	0.013877	0.012142	0.015611	0.012142	0.012142	0.011275	0.016479	0.013877	0.015611	0.013010	0.015611	0.013010	0.017346	0.017346	0.026019	0.017346	0.017346	0.019948	0.010408	0.014744	0.014744	0.013010	0.021683	0.019081	0.026886	
0.021683	0.020815	0.014744	0.014744	0.023417	0.014744	0.017346	0.017346	0.014744	0.017346	0.006071	0.011275	0.013010	0.022550	0.019081	0.023417	0.017346	0.020815	0.011275	0.017346	0.024284	0.022550	0.017346	0.019081	0.014744	0.019081	0.009540	0.016479	0.013877	0.014744	0.018213	0.012142	0.020815	0.012142	0.011275	0.017346	0.013010	0.012142	0.014744	0.020815	0.009540	0.014744	0.013010	0.012142	0.008673	0.015611	0.013877	0.023417	0.010408	0.015611	0.009540	0.017346	0.019081	0.018213	0.022550	0.022550	0.011275	0.018213	0.016479	0.019081	0.010408	0.024284	0.022550	0.023417	
0.015611	0.015611	0.017346	0.021683	0.018213	0.019948	0.017346	0.013877	0.012142	0.013877	0.008673	0.012142	0.011275	0.021683	0.014744	0.019081	0.019081	0.027754	0.013877	0.019081	0.022550	0.013877	0.017346	0.013877	0.023417	0.022550	0.008673	0.017346	0.019948	0.020815	0.016479	0.022550	0.012142	0.013010	0.006938	0.018213	0.015611	0.016479	0.019081	0.018213	0.012142	0.008673	0.013877	0.010408	0.015611	0.011275	0.014744	0.017346	0.013010	0.012142	0.008673	0.012142	0.013877	0.022550	0.020815	0.019948	0.017346	0.025152	0.009540	0.021683	0.014744	0.016479	0.023417	0.027754	
0.015611	0.017346	0.015611	0.011275	0.022550	0.017346	0.013010	0.015611	0.015611	0.006938	0.013010	0.011275	0.016479	0.022550	0.015611	0.016479	0.018213	0.022550	0.011275	0.018213	0.025152	0.017346	0.014744	0.015611	0.021683	0.020815	0.014744	0.017346	0.018213	0.015611	0.018213	0.013877	0.022550	0.013010	0.011275	0.018213	0.014744	0.017346	0.017346	0.020815	0.007806	0.013877	0.010408	0.008673	0.008673	0.018213	0.020815	0.013877	0.017346	0.013010	0.015611	0.015611	0.019948	0.016479	0.012142	0.021683	0.022550	0.017346	0.012142	0.017346	0.019948	0.030356	0.013877	0.022550	
0.021683	0.020815	0.017346	0.013877	0.020815	0.013010	0.020815	0.011275	0.014744	0.019948	0.005204	0.013877	0.013010	0.019948	0.013877	0.016479	0.015611	0.030356	0.013877	0.022550	0.014744	0.019081	0.017346	0.017346	0.013010	0.022550	0.013010	0.008673	0.021683	0.018213	0.018213	0.015611	0.027754	0.014744	0.007806	0.017346	0.015611	0.013877	0.015611	0.013877	0.010408	0.013010	0.014744	0.012142	0.011275	0.013010	0.012142	0.018213	0.015611	0.017346	0.010408	0.019948	0.025152	0.020815	0.025152	0.015611	0.018213	0.014744	0.021683	0.013877	0.013010	0.014744	0.015611	0.023417	
0.026019	0.019081	0.017346	0.018213	0.023417	0.022550	0.019081	0.018213	0.013010	0.009540	0.011275	0.015611	0.022550	0.021683	0.008673	0.020815	0.022550	0.018213	0.017346	0.018213	0.020815	0.016479	0.016479	0.013010	0.021683	0.019081	0.024284	0.013877	0.013010	0.015611	0.018213	0.011275	0.021683	0.011275	0.012142	0.011275	0.026886	0.013877	0.015611	0.013877	0.015611	0.018213	0.008673	0.012142	0.012142	0.010408	0.012142	0.013877	0.013877	0.015611	0.018213	0.011275	0.013877	0.019948	0.019081	0.013010	0.016479	0.015611	0.013010	0.014744	0.017346	0.021683	0.014744	0.019948	
0.028621	0.023417	0.013877	0.018213	0.017346	0.018213	0.012142	0.016479	0.018213	0.023417	0.009540	0.013877	0.013877	0.017346	0.007806	0.019948	0.026019	0.026019	0.014744	0.018213	0.020815	0.022550	0.017346	0.012142	0.024284	0.020815	0.008673	0.016479	0.021683	0.014744	0.008673	0.013010	0.016479	0.015611	0.013877	0.020815	0.013010	0.015611	0.018213	0.015611	0.013010	0.019948	0.013010	0.011275	0.018213	0.008673	0.019081	0.010408	0.021683	0.009540	0.018213	0.015611	0.019081	0.013877	0.020815	0.015611	0.022550	0.011275	0.006071	0.013877	0.008673	0.019081	0.016479	0.021683	
0.026886	0.026886	0.021683	0.017346	0.023417	0.021683	0.013877	0.015611	0.014744	0.015611	0.014744	0.015611	0.021683	0.017346	0.012142	0.021683	0.018213	0.022550	0.017346	0.012142	0.020815	0.016479	0.013010	0.019948	0.019948	0.018213	0.008673	0.021683	0.007806	0.018213	0.013877	0.019948	0.024284	0.019948	0.017346	0.016479	0.021683	0.019081	0.018213	0.016479	0.009540	0.006071	0.010408	0.011275	0.011275	0.015611	0.009540	0.019081	0.019081	0.010408	0.013877	0.019081	0.016479	0.013877	0.016479	0.013010	0.013877	0.013010	0.013010	0.012142	0.016479	0.010408	0.014744	0.023417	
0.032090	0.020815	0.020815	0.014744	0.020815	0.018213	0.021683	0.019081	0.017346	0.026019	0.013010	0.013877	0.018213	0.015611	0.017346	0.013877	0.028621	0.018213	0.017346	0.018213	0.024284	0.014744	0.012142	0.019948	0.021683	0.022550	0.009540	0.007806	0.016479	0.009540	0.016479	0.022550	0.018213	0.009540	0.018213	0.012142	0.019948	0.008673	0.012142	0.012142	0.018213	0.011275	0.008673	0.008673	0.013877	0.013877	0.015611	0.017346	0.015611	0.012142	0.010408	0.019081	0.022550	0.014744	0.013877	0.010408	0.013877	0.013010	0.012142	0.011275	0.016479	0.023417	0.018213	0.026019	
0.024284	0.032090	0.021683	0.016479	0.022550	0.010408	0.013010	0.014744	0.022550	0.013877	0.010408	0.019948	0.010408	0.019948	0.014744	0.019081	0.029488	0.027754	0.015611	0.014744	0.017346	0.010408	0.011275	0.017346	0.021683	0.014744	0.012142	0.011275	0.019948	0.012142	0.011275	0.018213	0.033825	0.009540	0.010408	0.017346	0.020815	0.006938	0.023417	0.021683	0.015611	0.012142	0.006071	0.009540	0.010408	0.010408	0.009540	0.011275	0.025152	0.013877	0.011275	0.014744	0.013877	0.015611	0.015611	0.017346	0.019081	0.020815	0.013010	0.014744	0.012142	0.026019	0.013010	0.028621	
0.040763	0.029488	0.018213	0.024284	0.026019	0.017346	0.014744	0.025152	0.018213	0.016479	0.008673	0.015611	0.013877	0.016479	0.013877	0.019081	0.023417	0.022550	0.014744	0.013877	0.012142	0.010408	0.014744	0.006071	0.017346	0.015611	0.016479	0.013877	0.019081	0.019081	0.016479	0.016479	0.036427	0.013010	0.015611	0.013877	0.021683	0.011275	0.012142	0.016479	0.010408	0.006071	0.011275	0.013877	0.013877	0.005204	0.021683	0.014744	0.013877	0.015611	0.009540	0.013877	0.017346	0.018213	0.016479	0.016479	0.017346	0.013010	0.006938	0.011275	0.018213	0.015611	0.017346	0.026019	
0.033825	0.024284	0.036427	0.019948	0.030356	0.015611	0.021683	0.013010	0.015611	0.013010	0.014744	0.014744	0.015611	0.013010	0.018213	0.019081	0.029488	0.018213	0.015611	0.013877	0.013010	0.016479	0.019948	0.007806	0.017346	0.016479	0.014744	0.009540	0.020815	0.015611	0.013877	0.013877	0.019948	0.013010	0.014744	0.015611	0.012142	0.010408	0.023417	0.005204	0.011275	0.013877	0.008673	0.009540	0.013010	0.011275	0.014744	0.015611	0.019081	0.013877	0.017346	0.014744	0.015611	0.013010	0.019081	0.008673	0.019948	0.017346	0.018213	0.013877	0.015611	0.013877	0.026019	0.020815	
0.035559	0.014744	0.035559	0.016479	0.014744	0.021683	0.016479	0.016479	0.018213	0.019948	0.027754	0.018213	0.020815	0.014744	0.014744	0.013877	0.030356	0.013010	0.014744	0.013010	0.010408	0.024284	0.006938	0.013877	0.030356	0.024284	0.019948	0.009540	0.006938	0.006071	0.013877	0.007806	0.020815	0.010408	0.019948	0.013010	0.013010	0.013010	0.019081	0.015611	0.021683	0.007806	0.012142	0.014744	0.010408	0.013877	0.013010	0.010408	0.019948	0.011275	0.024284	0.009540	0.019948	0.013010	0.013877	0.006938	0.025152	0.018213	0.010408	0.019081	0.011275	0.018213	0.017346	0.022550	
0.024284	0.015611	0.045100	0.021683	0.013877	0.010408	0.010408	0.014744	0.025152	0.015611	0.039029	0.014744	0.013010	0.013877	0.014744	0.010408	0.019081	0.014744	0.013877	0.010408	0.013010	0.024284	0.021683	0.013010	0.019948	0.008673	0.018213	0.009540	0.019948	0.006938	0.014744	0.011275	0.038161	0.013877	0.028621	0.014744	0.020815	0.013877	0.024284	0.011275	0.029488	0.009540	0.020815	0.010408	0.017346	0.009540	0.020815	0.013877	0.013877	0.006938	0.018213	0.010408	0.013877	0.009540	0.013877	0.015611	0.021683	0.009540	0.018213	0.009540	0.006938	0.015611	0.015611	0.016479	
0.026019	0.013877	0.044232	0.011275	0.012142	0.006938	0.015611	0.016479	0.025152	0.017346	0.045967	0.017346	0.013877	0.009540	0.020815	0.013010	0.021683	0.013010	0.016479	0.010408	0.014744	0.010408	0.015611	0.017346	0.021683	0.015611	0.021683	0.011275	0.018213	0.009540	0.012142	0.014744	0.035559	0.013877	0.030356	0.016479	0.013010	0.006071	0.012142	0.012142	0.039029	0.018213	0.021683	0.017346	0.009540	0.005204	0.016479	0.013010	0.022550	0.014744	0.014744	0.005204	0.015611	0.008673	0.010408	0.011275	0.023417	0.009540	0.021683	0.011275	0.013010	0.012142	0.013010	0.013877	
0.029488	0.013877	0.049436	0.013010	0.018213	0.010408	0.009540	0.017346	0.020815	0.011275	0.055507	0.018213	0.015611	0.006938	0.009540	0.011275	0.018213	0.015611	0.010408	0.011275	0.012142	0.005204	0.009540	0.005204	0.016479	0.013877	0.010408	0.013010	0.029488	0.006071	0.007806	0.013877	0.040763	0.014744	0.030356	0.023417	0.018213	0.004337	0.013010	0.025152	0.043365	0.009540	0.026019	0.032090	0.028621	0.007806	0.010408	0.010408	0.021683	0.008673	0.018213	0.006071	0.009540	0.005204	0.011275	0.010408	0.014744	0.010408	0.016479	0.020815	0.018213	0.007806	0.009540	0.019081	
0.041631	0.011275	0.048569	0.008673	0.016479	0.012142	0.010408	0.013877	0.021683	0.010408	0.066782	0.009540	0.022550	0.011275	0.012142	0.007806	0.020815	0.011275	0.018213	0.007806	0.007806	0.006071	0.006938	0.004337	0.020815	0.008673	0.006938	0.006938	0.032958	0.006071	0.010408	0.008673	0.036427	0.006938	0.039896	0.012142	0.014744	0.008673	0.007806	0.013877	0.046834	0.019081	0.017346	0.025152	0.044232	0.005204	0.018213	0.016479	0.026886	0.018213	0.032958	0.013877	0.007806	0.006071	0.010408	0.004337	0.008673	0.006071	0.015611	0.006938	0.019081	0.008673	0.013010	0.013877	
0.036427	0.009540	0.070252	0.009540	0.017346	0.008673	0.015611	0.006071	0.032090	0.014744	0.081526	0.011275	0.012142	0.012142	0.011275	0.006938	0.011275	0.010408	0.018213	0.006938	0.012142	0.003469	0.010408	0.006938	0.011275	0.006938	0.012142	0.005204	0.013877	0.010408	0.006071	0.006071	0.040763	0.008673	0.039896	0.008673	0.018213	0.006938	0.013010	0.006071	0.065048	0.010408	0.021683	0.009540	0.014744	0.006071	0.015611	0.012142	0.036427	0.017346	0.044232	0.020815	0.009540	0.006071	0.007806	0.007806	0.025152	0.006938	0.016479	0.005204	0.021683	0.007806	0.010408	0.006938	
0.038161	0.015611	0.055507	0.015611	0.017346	0.006938	0.012142	0.009540	0.037294	0.016479	0.094536	0.024284	0.014744	0.005204	0.011275	0.014744	0.015611	0.014744	0.018213	0.008673	0.006938	0.006071	0.006071	0.006071	0.006938	0.013010	0.019081	0.007806	0.006938	0.003469	0.010408	0.006071	0.045967	0.016479	0.060711	0.010408	0.016479	0.005204	0.011275	0.006071	0.061578	0.013010	0.038161	0.019081	0.010408	0.002602	0.008673	0.009540	0.018213	0.006071	0.026019	0.012142	0.013877	0.009540	0.007806	0.005204	0.018213	0.007806	0.013877	0.003469	0.008673	0.004337	0.006938	0.012142	
0.027754	0.013877	0.054640	0.021683	0.009540	0.008673	0.013010	0.021683	0.027754	0.019948	0.086730	0.026019	0.011275	0.012142	0.011275	0.012142	0.015611	0.013010	0.015611	0.010408	0.006071	0.005204	0.007806	0.008673	0.011275	0.007806	0.012142	0.006071	0.007806	0.003469	0.006938	0.008673	0.031223	0.017346	0.053773	0.021683	0.017346	0.007806	0.013877	0.011275	0.076323	0.019948	0.035559	0.033825	0.018213	0.006938	0.014744	0.014744	0.013010	0.006071	0.018213	0.003469	0.003469	0.006071	0.004337	0.001735	0.009540	0.006071	0.015611	0.006071	0.004337	0.010408	0.010408	0.017346	
0.019948	0.011275	0.034692	0.021683	0.009540	0.007806	0.008673	0.024284	0.025152	0.020815	0.070252	0.026019	0.012142	0.013010	0.017346	0.014744	0.008673	0.007806	0.009540	0.010408	0.009540	0.006071	0.002602	0.009540	0.013010	0.005204	0.008673	0.012142	0.012142	0.010408	0.011275	0.009540	0.030356	0.015611	0.052038	0.026886	0.011275	0.007806	0.011275	0.023417	0.067650	0.019081	0.034692	0.028621	0.020815	0.006938	0.024284	0.019948	0.008673	0.010408	0.013877	0.008673	0.007806	0.007806	0.006071	0.011275	0.013877	0.004337	0.014744	0.010408	0.013010	0.013877	0.010408	0.015611	
0.015611	0.016479	0.018213	0.017346	0.012142	0.009540	0.008673	0.014744	0.025152	0.018213	0.040763	0.026019	0.016479	0.016479	0.018213	0.016479	0.005204	0.013010	0.006938	0.013010	0.004337	0.013010	0.003469	0.008673	0.010408	0.006938	0.004337	0.006938	0.019948	0.012142	0.023417	0.013010	0.031223	0.013010	0.045967	0.029488	0.015611	0.008673	0.011275	0.013877	0.055507	0.019081	0.028621	0.025152	0.022550	0.008673	0.025152	0.020815	0.014744	0.006071	0.021683	0.015611	0.009540	0.007806	0.010408	0.016479	0.019948	0.006938	0.019081	0.017346	0.019081	0.015611	0.010408	0.014744	
0.025152	0.016479	0.011275	0.013877	0.019081	0.011275	0.009540	0.008673	0.026886	0.020815	0.022550	0.022550	0.019081	0.013010	0.019081	0.024284	0.012142	0.007806	0.015611	0.006071	0.013877	0.006938	0.010408	0.007806	0.006938	0.009540	0.011275	0.006071	0.011275	0.007806	0.016479	0.018213	0.038161	0.011275	0.041631	0.019948	0.018213	0.008673	0.013010	0.011275	0.030356	0.013877	0.027754	0.020815	0.013877	0.014744	0.024284	0.022550	0.019081	0.009540	0.032090	0.017346	0.018213	0.008673	0.013877	0.012142	0.015611	0.007806	0.034692	0.019081	0.015611	0.015611	0.012142	0.021683	
0.025152	0.026019	0.021683	0.021683	0.019081	0.008673	0.004337	0.013010	0.025152	0.018213	0.034692	0.022550	0.014744	0.014744	0.012142	0.015611	0.017346	0.027754	0.013877	0.010408	0.012142	0.009540	0.006938	0.006938	0.017346	0.008673	0.014744	0.006071	0.013010	0.012142	0.006938	0.007806	0.026019	0.013877	0.020815	0.019081	0.015611	0.009540	0.010408	0.016479	0.032090	0.022550	0.022550	0.019081	0.018213	0.013877	0.021683	0.014744	0.025152	0.008673	0.015611	0.010408	0.012142	0.012142	0.016479	0.010408	0.023417	0.013010	0.018213	0.017346	0.013877	0.025152	0.017346	0.030356	
0.031223	0.020815	0.023417	0.018213	0.025152	0.017346	0.014744	0.019081	0.019948	0.022550	0.011275	0.018213	0.027754	0.014744	0.006071	0.013010	0.023417	0.016479	0.004337	0.014744	0.010408	0.011275	0.007806	0.010408	0.009540	0.013877	0.007806	0.006938	0.017346	0.012142	0.010408	0.006938	0.030356	0.016479	0.027754	0.023417	0.017346	0.013010	0.013010	0.019081	0.023417	0.020815	0.024284	0.021683	0.019948	0.017346	0.012142	0.015611	0.027754	0.019081	0.009540	0.003469	0.020815	0.014744	0.011275	0.019081	0.022550	0.013877	0.013877	0.007806	0.010408	0.026019	0.012142	0.019948	
0.035559	0.027754	0.032090	0.017346	0.032958	0.014744	0.013877	0.011275	0.020815	0.018213	0.013010	0.013010	0.018213	0.008673	0.018213	0.014744	0.027754	0.013877	0.019948	0.012142	0.022550	0.017346	0.008673	0.007806	0.014744	0.013010	0.011275	0.007806	0.013877	0.012142	0.022550	0.019081	0.023417	0.016479	0.019948	0.015611	0.026886	0.013010	0.014744	0.016479	0.011275	0.017346	0.014744	0.013877	0.012142	0.007806	0.017346	0.017346	0.032958	0.012142	0.022550	0.007806	0.026886	0.014744	0.015611	0.013010	0.018213	0.006071	0.010408	0.006071	0.013010	0.017346	0.011275	0.013877	
0.022550	0.044232	0.016479	0.036427	0.013877	0.027754	0.005204	0.023417	0.014744	0.026019	0.030356	0.023417	0.011275	0.020815	0.007806	0.013010	0.019081	0.040763	0.013877	0.035559	0.016479	0.019081	0.006938	0.017346	0.007806	0.023417	0.009540	0.012142	0.010408	0.016479	0.010408	0.011275	0.019081	0.013010	0.018213	0.014744	0.015611	0.007806	0.013010	0.018213	0.010408	0.016479	0.015611	0.006938	0.012142	0.006071	0.005204	0.017346	0.016479	0.011275	0.013010	0.016479	0.007806	0.015611	0.006071	0.016479	0.012142	0.027754	0.011275	0.018213	0.015611	0.013877	0.010408	0.025152	
0.013877	0.034692	0.014744	0.013877	0.025152	0.040763	0.014744	0.028621	0.013010	0.029488	0.008673	0.010408	0.022550	0.047702	0.007806	0.025152	0.008673	0.024284	0.008673	0.012142	0.017346	0.028621	0.011275	0.013010	0.006071	0.013010	0.005204	0.006938	0.017346	0.029488	0.010408	0.018213	0.013010	0.013010	0.009540	0.009540	0.016479	0.032958	0.014744	0.029488	0.013877	0.023417	0.012142	0.017346	0.016479	0.019948	0.008673	0.015611	0.018213	0.010408	0.014744	0.006071	0.010408	0.012142	0.014744	0.019948	0.007806	0.013877	0.001735	0.010408	0.009540	0.025152	0.004337	0.027754	
0.035559	0.000867	0.012142	0.005204	0.053773	0.000867	0.023417	0.004337	0.026886	0.000867	0.010408	0.009540	0.028621	0.000867	0.008673	0.003469	0.042498	0.000867	0.019948	0.006071	0.082394	0.000867	0.026019	0.005204	0.030356	0.000867	0.015611	0.008673	0.065915	0.000867	0.020815	0.003469	0.024284	0.000867	0.011275	0.004337	0.060711	0.000867	0.013877	0.004337	0.011275	0.000867	0.010408	0.005204	0.028621	0.000867	0.013877	0.001735	0.043365	0.000867	0.017346	0.004337	0.090199	0.000867	0.026019	0.005204	0.024284	0.000867	0.002602	0.003469	0.062446	0.000867	0.016479	0.006938	
0.000867	0.000867	0.000867	0.143105	0.000867	0.000867	0.000867	0.000867	0.000867	0.000867	0.000867	0.058109	0.000867	0.000867	0.000867	0.017346	0.000867	0.000867	0.000867	0.284475	0.000867	0.000867	0.000867	0.000867	0.000867	0.000867	0.000867	0.086730	0.000867	0.000867	0.000867	0.016479	0.000867	0.000867	0.000867	0.090199	0.000867	0.000867	0.000867	0.000867	0.000867	0.000867	0.000867	0.036427	0.000867	0.000867	0.000867	0.024284	0.000867	0.000867	0.000867	0.183001	0.000867	0.000867	0.000867	0.000867	0.000867	0.000867	0.000867	0.057242	0.000867	0.000867	0.000867	0.013010	
0.000867	0.000867	0.000867	0.000867	0.000867	0.000867	0.000867	0.000867	0.000867	0.000867	0.000867	0.000867	0.000867	0.000867	0.698179	0.000867	0.000867	0.000867	0.000867	0.000867	0.000867	0.000867	0.000867	0.000867	0.000867	0.000867	0.000867	0.000867	0.000867	0.000867	0.000867	0.000867	0.000867	0.000867	0.000867	0.000867	0.000867	0.000867	0.000867	0.000867	0.000867	0.000867	0.000867	0.000867	0.000867	0.000867	0.235906	0.000867	0.000867	0.000867	0.000867	0.000867	0.000867	0.000867	0.000867	0.000867	0.000867	0.000867	0.000867	0.000867	0.000867	0.000867	0.068517	0.000867	
0.000867	0.000867	0.000867	0.000867	0.000867	0.000867	0.000867	0.000867	0.000867	0.000867	0.000867	0.000867	0.000867	0.000867	0.000867	0.000867	0.000867	0.000867	0.000867	0.000867	0.000867	0.000867	0.000867	0.000867	0.000867	0.000867	0.000867	0.000867	0.000867	0.000867	0.000867	0.000867	0.000867	0.000867	0.000867	0.000867	0.000867	0.000867	0.000867	0.000867	0.000867	0.000867	0.000867	0.000867	0.000867	0.000867	0.000867	0.000867	0.000867	0.000867	0.000867	0.000867	0.000867	0.000867	0.000867	0.000867	0.409367	0.211622	0.251518	0.130963	0.000867	0.000867	0.000867	0.000867	
0.000867	0.000867	0.000867	0.000867	0.000867	0.000867	0.000867	0.000867	0.000867	0.000867	0.000867	0.000867	0.000867	0.000867	0.000867	0.000867	0.000867	0.000867	0.000867	0.000867	0.000867	0.000867	0.000867	0.000867	0.000867	0.000867	0.000867	0.000867	0.000867	0.000867	0.000867	0.000867	0.131830	0.125759	0.094536	0.059844	0.052905	0.053773	0.053773	0.053773	0.067650	0.103209	0.043365	0.039896	0.012142	0.060711	0.013877	0.046834	0.000867	0.000867	0.000867	0.000867	0.000867	0.000867	0.000867	0.000867	0.000867	0.000867	0.000867	0.000867	0.000867	0.000867	0.000867	0.000867	
0.039029	0.042498	0.020815	0.032090	0.026019	0.031223	0.019081	0.052038	0.011275	0.052038	0.000867	0.032958	0.005204	0.024284	0.013010	0.019948	0.013010	0.010408	0.015611	0.016479	0.016479	0.015611	0.011275	0.013010	0.016479	0.010408	0.002602	0.026886	0.007806	0.019081	0.013010	0.016479	0.025152	0.018213	0.007806	0.019081	0.033825	0.013010	0.015611	0.043365	0.006938	0.017346	0.010408	0.011275	0.006938	0.004337	0.014744	0.016479	0.000867	0.007806	0.000867	0.005204	0.014744	0.009540	0.011275	0.027754	0.000867	0.005204	0.006071	0.004337	0.009540	0.017346	0.010408	0.012142	
0.026019	0.022550	0.011275	0.018213	0.030356	0.018213	0.024284	0.006071	0.019081	0.010408	0.009540	0.006071	0.027754	0.014744	0.014744	0.015611	0.033825	0.025152	0.017346	0.014744	0.027754	0.011275	0.019081	0.011275	0.013877	0.017346	0.012142	0.013877	0.045100	0.023417	0.047702	0.019948	0.013010	0.006071	0.005204	0.011275	0.039029	0.011275	0.019948	0.014744	0.006071	0.004337	0.006071	0.003469	0.025152	0.011275	0.026019	0.013010	0.009540	0.004337	0.011275	0.004337	0.031223	0.007806	0.021683	0.004337	0.012142	0.013877	0.013877	0.011275	0.012142	0.017346	0.023417	0.012142	
0.033825	0.020815	0.008673	0.019081	0.013877	0.012142	0.017346	0.014744	0.019081	0.012142	0.005204	0.008673	0.007806	0.018213	0.006071	0.016479	0.037294	0.036427	0.020815	0.033825	0.009540	0.012142	0.015611	0.011275	0.035559	0.023417	0.011275	0.014744	0.007806	0.011275	0.004337	0.013010	0.016479	0.013010	0.009540	0.012142	0.017346	0.011275	0.006938	0.010408	0.013010	0.011275	0.008673	0.008673	0.007806	0.009540	0.006071	0.011275	0.037294	0.034692	0.013877	0.024284	0.024284	0.013877	0.012142	0.016479	0.054640	0.027754	0.014744	0.014744	0.006071	0.023417	0.004337	0.026886	
0.043365	0.024284	0.028621	0.028621	0.029488	0.027754	0.014744	0.032958	0.013877	0.017346	0.008673	0.013010	0.007806	0.027754	0.016479	0.037294	0.017346	0.014744	0.019081	0.013877	0.012142	0.014744	0.010408	0.012142	0.010408	0.017346	0.006071	0.018213	0.009540	0.010408	0.011275	0.021683	0.030356	0.026019	0.027754	0.038161	0.020815	0.011275	0.016479	0.026019	0.012142	0.010408	0.007806	0.009540	0.008673	0.006938	0.013877	0.017346	0.000867	0.017346	0.000867	0.010408	0.011275	0.016479	0.017346	0.017346	0.000867	0.006938	0.009540	0.003469	0.013877	0.015611	0.015611	0.022550	
0.026019	0.032090	0.021683	0.012142	0.023417	0.020815	0.026886	0.011275	0.029488	0.025152	0.018213	0.003469	0.023417	0.024284	0.019948	0.023417	0.015611	0.031223	0.013877	0.013010	0.024284	0.019081	0.016479	0.010408	0.018213	0.022550	0.008673	0.009540	0.026886	0.018213	0.026019	0.017346	0.013010	0.013877	0.005204	0.005204	0.013010	0.013877	0.017346	0.007806	0.008673	0.006071	0.009540	0.007806	0.011275	0.009540	0.007806	0.015611	0.011275	0.009540	0.012142	0.006938	0.014744	0.011275	0.025152	0.009540	0.024284	0.011275	0.013877	0.007806	0.026886	0.026019	0.029488	0.016479	
0.024284	0.019948	0.008673	0.013010	0.023417	0.018213	0.021683	0.023417	0.013877	0.015611	0.010408	0.013010	0.003469	0.016479	0.003469	0.013877	0.023417	0.027754	0.006071	0.018213	0.022550	0.019948	0.013010	0.009540	0.022550	0.017346	0.014744	0.031223	0.006938	0.015611	0.006071	0.010408	0.029488	0.018213	0.009540	0.023417	0.021683	0.009540	0.012142	0.021683	0.011275	0.013010	0.009540	0.016479	0.001735	0.010408	0.005204	0.011275	0.029488	0.020815	0.008673	0.029488	0.020815	0.015611	0.019948	0.021683	0.024284	0.022550	0.010408	0.026019	0.015611	0.026019	0.006938	0.024284	
0.032958	0.026886	0.027754	0.019081	0.024284	0.026019	0.013010	0.023417	0.006938	0.010408	0.003469	0.012142	0.009540	0.023417	0.025152	0.026019	0.026019	0.019948	0.024284	0.018213	0.023417	0.009540	0.013010	0.017346	0.009540	0.025152	0.005204	0.026886	0.016479	0.020815	0.013877	0.025152	0.016479	0.019081	0.014744	0.021683	0.014744	0.019081	0.018213	0.016479	0.013010	0.009540	0.007806	0.014744	0.025152	0.018213	0.026886	0.016479	0.000867	0.013877	0.000867	0.012142	0.013010	0.021683	0.016479	0.017346	0.000867	0.003469	0.013010	0.004337	0.012142	0.016479	0.013010	0.018213	
0.026019	0.021683	0.018213	0.010408	0.029488	0.013010	0.023417	0.013877	0.022550	0.019081	0.015611	0.010408	0.015611	0.017346	0.019081	0.019081	0.021683	0.026019	0.019081	0.008673	0.032090	0.013877	0.018213	0.012142	0.019081	0.015611	0.016479	0.009540	0.017346	0.012142	0.026019	0.019081	0.008673	0.006938	0.009540	0.005204	0.018213	0.010408	0.012142	0.007806	0.009540	0.004337	0.008673	0.006938	0.013877	0.014744	0.018213	0.011275	0.015611	0.010408	0.026019	0.011275	0.030356	0.013010	0.025152	0.010408	0.030356	0.017346	0.019081	0.012142	0.016479	0.018213	0.024284	0.026886	
0.026019	0.019948	0.006071	0.019948	0.021683	0.007806	0.011275	0.024284	0.019948	0.021683	0.012142	0.019081	0.002602	0.013877	0.006071	0.013010	0.030356	0.026019	0.013010	0.040763	0.013877	0.011275	0.007806	0.017346	0.025152	0.026019	0.006071	0.021683	0.009540	0.016479	0.004337	0.013877	0.026886	0.019948	0.008673	0.026019	0.015611	0.009540	0.016479	0.014744	0.023417	0.013877	0.009540	0.013010	0.007806	0.010408	0.004337	0.016479	0.019081	0.015611	0.006071	0.022550	0.020815	0.007806	0.016479	0.017346	0.030356	0.018213	0.012142	0.026886	0.006938	0.033825	0.007806	0.027754	
0.025152	0.023417	0.033825	0.019948	0.018213	0.024284	0.009540	0.029488	0.006071	0.012142	0.004337	0.011275	0.014744	0.037294	0.015611	0.041631	0.021683	0.020815	0.017346	0.012142	0.010408	0.007806	0.006938	0.011275	0.013010	0.017346	0.009540	0.012142	0.015611	0.017346	0.013010	0.027754	0.027754	0.019081	0.020815	0.031223	0.032090	0.018213	0.012142	0.017346	0.010408	0.011275	0.005204	0.013010	0.017346	0.022550	0.021683	0.019081	0.000867	0.014744	0.000867	0.010408	0.017346	0.023417	0.013010	0.020815	0.000867	0.007806	0.009540	0.004337	0.010408	0.016479	0.019948	0.024284	
0.021683	0.016479	0.020815	0.016479	0.030356	0.017346	0.018213	0.012142	0.024284	0.025152	0.013877	0.009540	0.016479	0.018213	0.019081	0.019948	0.019948	0.023417	0.020815	0.013877	0.025152	0.022550	0.019081	0.006938	0.007806	0.013877	0.008673	0.011275	0.017346	0.018213	0.029488	0.013877	0.007806	0.005204	0.007806	0.009540	0.014744	0.012142	0.011275	0.010408	0.008673	0.012142	0.006071	0.001735	0.013877	0.006071	0.007806	0.013010	0.015611	0.013010	0.021683	0.007806	0.032958	0.011275	0.039896	0.009540	0.021683	0.019948	0.012142	0.016479	0.022550	0.019081	0.048569	0.022550	
0.016479	0.021683	0.012142	0.014744	0.014744	0.013010	0.010408	0.019948	0.019081	0.019081	0.011275	0.021683	0.008673	0.013877	0.008673	0.016479	0.028621	0.037294	0.012142	0.025152	0.019081	0.015611	0.014744	0.013877	0.024284	0.021683	0.016479	0.026019	0.001735	0.020815	0.002602	0.013877	0.022550	0.016479	0.008673	0.014744	0.019081	0.013010	0.019081	0.019948	0.013010	0.008673	0.008673	0.010408	0.006938	0.010408	0.006938	0.014744	0.023417	0.014744	0.012142	0.019948	0.012142	0.013010	0.016479	0.019948	0.028621	0.029488	0.022550	0.024284	0.010408	0.024284	0.007806	0.026886	
0.022550	0.024284	0.026019	0.018213	0.023417	0.035559	0.009540	0.021683	0.011275	0.013877	0.007806	0.012142	0.006938	0.030356	0.007806	0.029488	0.021683	0.016479	0.016479	0.010408	0.019081	0.011275	0.007806	0.016479	0.014744	0.024284	0.006938	0.014744	0.013877	0.021683	0.014744	0.023417	0.023417	0.026019	0.016479	0.019081	0.023417	0.013010	0.012142	0.030356	0.013877	0.019081	0.009540	0.016479	0.018213	0.019081	0.024284	0.020815	0.000867	0.011275	0.000867	0.014744	0.018213	0.016479	0.015611	0.019081	0.000867	0.006938	0.012142	0.006071	0.010408	0.019081	0.019081	0.023417	
0.017346	0.022550	0.018213	0.010408	0.025152	0.019081	0.024284	0.009540	0.013877	0.025152	0.013010	0.007806	0.013010	0.016479	0.021683	0.011275	0.023417	0.020815	0.026886	0.013010	0.024284	0.026019	0.022550	0.003469	0.014744	0.009540	0.010408	0.010408	0.012142	0.026886	0.031223	0.017346	0.008673	0.006938	0.012142	0.013010	0.018213	0.018213	0.018213	0.009540	0.011275	0.010408	0.006938	0.007806	0.011275	0.009540	0.015611	0.013010	0.013877	0.009540	0.018213	0.007806	0.029488	0.022550	0.028621	0.009540	0.017346	0.016479	0.021683	0.010408	0.021683	0.024284	0.035559	0.015611	
0.017346	0.014744	0.008673	0.022550	0.014744	0.012142	0.012142	0.020815	0.024284	0.019948	0.010408	0.020815	0.006938	0.018213	0.005204	0.013877	0.024284	0.039896	0.007806	0.025152	0.022550	0.024284	0.017346	0.021683	0.030356	0.026019	0.018213	0.019081	0.003469	0.012142	0.007806	0.008673	0.018213	0.016479	0.008673	0.013877	0.012142	0.014744	0.013877	0.020815	0.009540	0.013877	0.011275	0.017346	0.002602	0.010408	0.006938	0.016479	0.014744	0.013877	0.008673	0.020815	0.019081	0.020815	0.018213	0.019081	0.038161	0.026019	0.016479	0.023417	0.007806	0.021683	0.004337	0.023417	
0.019948	0.023417	0.021683	0.009540	0.019081	0.032090	0.019081	0.014744	0.004337	0.011275	0.010408	0.007806	0.011275	0.031223	0.016479	0.023417	0.014744	0.015611	0.023417	0.014744	0.020815	0.018213	0.014744	0.018213	0.010408	0.023417	0.006938	0.020815	0.008673	0.029488	0.018213	0.026019	0.021683	0.019948	0.021683	0.039029	0.024284	0.023417	0.018213	0.019948	0.013877	0.019948	0.004337	0.018213	0.015611	0.024284	0.015611	0.025152	0.000867	0.005204	0.000867	0.013877	0.011275	0.016479	0.013010	0.021683	0.000867	0.005204	0.014744	0.003469	0.012142	0.013877	0.013877	0.022550	
0.016479	0.017346	0.012142	0.011275	0.014744	0.021683	0.017346	0.010408	0.017346	0.026019	0.014744	0.009540	0.012142	0.019948	0.026886	0.018213	0.013010	0.026886	0.026019	0.009540	0.032958	0.024284	0.024284	0.008673	0.013877	0.019081	0.019081	0.013010	0.013877	0.019948	0.026019	0.014744	0.013010	0.006938	0.006071	0.003469	0.020815	0.011275	0.017346	0.010408	0.006938	0.008673	0.012142	0.008673	0.017346	0.004337	0.020815	0.007806	0.010408	0.006938	0.016479	0.013877	0.024284	0.017346	0.043365	0.013877	0.015611	0.016479	0.021683	0.010408	0.011275	0.024284	0.035559	0.026019	
0.026019	0.009540	0.004337	0.013010	0.018213	0.017346	0.010408	0.012142	0.015611	0.022550	0.012142	0.010408	0.004337	0.019081	0.006071	0.008673	0.022550	0.031223	0.011275	0.027754	0.016479	0.015611	0.015611	0.026886	0.029488	0.031223	0.015611	0.026019	0.006071	0.016479	0.006071	0.014744	0.017346	0.010408	0.007806	0.018213	0.017346	0.019948	0.014744	0.018213	0.013877	0.023417	0.013010	0.017346	0.003469	0.011275	0.009540	0.017346	0.011275	0.011275	0.009540	0.022550	0.016479	0.022550	0.016479	0.013010	0.037294	0.028621	0.018213	0.025152	0.008673	0.031223	0.010408	0.016479	
0.023417	0.019948	0.020815	0.013010	0.019081	0.021683	0.008673	0.013010	0.002602	0.015611	0.006938	0.007806	0.007806	0.029488	0.020815	0.023417	0.016479	0.016479	0.021683	0.013877	0.017346	0.024284	0.016479	0.017346	0.012142	0.017346	0.005204	0.022550	0.013877	0.021683	0.019081	0.015611	0.020815	0.032090	0.015611	0.027754	0.027754	0.028621	0.022550	0.026886	0.019081	0.020815	0.006071	0.013010	0.010408	0.025152	0.026019	0.017346	0.000867	0.008673	0.000867	0.012142	0.016479	0.025152	0.014744	0.021683	0.000867	0.008673	0.015611	0.006938	0.009540	0.014744	0.014744	0.018213	
0.022550	0.013010	0.017346	0.008673	0.017346	0.018213	0.033825	0.007806	0.016479	0.014744	0.018213	0.009540	0.010408	0.017346	0.029488	0.009540	0.019081	0.020815	0.031223	0.009540	0.019081	0.019081	0.045100	0.016479	0.013877	0.023417	0.013877	0.011275	0.013010	0.012142	0.033825	0.019948	0.012142	0.008673	0.005204	0.008673	0.015611	0.017346	0.017346	0.012142	0.003469	0.011275	0.012142	0.006938	0.007806	0.012142	0.023417	0.006938	0.011275	0.009540	0.017346	0.003469	0.027754	0.020815	0.030356	0.012142	0.023417	0.025152	0.016479	0.015611	0.014744	0.020815	0.031223	0.007806	
0.025152	0.012142	0.009540	0.018213	0.013877	0.011275	0.012142	0.014744	0.019948	0.022550	0.013010	0.015611	0.002602	0.012142	0.002602	0.013010	0.026886	0.019081	0.012142	0.021683	0.023417	0.013010	0.019081	0.019948	0.037294	0.030356	0.031223	0.027754	0.007806	0.019948	0.009540	0.011275	0.024284	0.011275	0.005204	0.016479	0.022550	0.012142	0.019948	0.019948	0.012142	0.021683	0.007806	0.019081	0.006938	0.013010	0.008673	0.014744	0.013877	0.011275	0.007806	0.013010	0.014744	0.011275	0.019081	0.017346	0.028621	0.036427	0.023417	0.029488	0.005204	0.014744	0.005204	0.019081	
0.022550	0.025152	0.023417	0.019081	0.013877	0.017346	0.013010	0.009540	0.002602	0.016479	0.005204	0.010408	0.003469	0.025152	0.013877	0.026886	0.019081	0.015611	0.025152	0.014744	0.017346	0.013010	0.010408	0.006938	0.013010	0.025152	0.006938	0.025152	0.010408	0.024284	0.015611	0.021683	0.019948	0.032090	0.019948	0.026019	0.031223	0.026886	0.024284	0.028621	0.016479	0.025152	0.012142	0.021683	0.016479	0.032090	0.021683	0.021683	0.000867	0.010408	0.000867	0.010408	0.013877	0.019081	0.009540	0.017346	0.000867	0.008673	0.010408	0.006071	0.007806	0.013010	0.019081	0.018213	
0.015611	0.018213	0.024284	0.004337	0.027754	0.019081	0.021683	0.014744	0.019948	0.025152	0.012142	0.012142	0.012142	0.016479	0.027754	0.013877	0.014744	0.020815	0.031223	0.009540	0.020815	0.015611	0.032090	0.007806	0.012142	0.019081	0.012142	0.013877	0.009540	0.014744	0.021683	0.016479	0.015611	0.002602	0.008673	0.006071	0.019948	0.015611	0.032090	0.007806	0.005204	0.012142	0.012142	0.005204	0.010408	0.016479	0.025152	0.011275	0.010408	0.006938	0.014744	0.006071	0.024284	0.023417	0.035559	0.011275	0.012142	0.020815	0.025152	0.012142	0.017346	0.026019	0.033825	0.011275	
0.013877	0.012142	0.007806	0.022550	0.011275	0.012142	0.010408	0.014744	0.022550	0.024284	0.019081	0.013010	0.004337	0.015611	0.002602	0.003469	0.021683	0.033825	0.012142	0.025152	0.006938	0.014744	0.023417	0.028621	0.032958	0.038161	0.029488	0.020815	0.005204	0.013877	0.003469	0.019081	0.015611	0.007806	0.007806	0.018213	0.017346	0.013877	0.019948	0.026019	0.021683	0.011275	0.012142	0.016479	0.003469	0.010408	0.009540	0.019948	0.014744	0.014744	0.009540	0.010408	0.013877	0.019948	0.019948	0.019948	0.031223	0.030356	0.022550	0.024284	0.006071	0.024284	0.006071	0.016479	
0.013877	0.019948	0.020815	0.011275	0.013010	0.026019	0.014744	0.014744	0.005204	0.014744	0.007806	0.009540	0.008673	0.030356	0.015611	0.021683	0.010408	0.014744	0.013877	0.010408	0.013010	0.017346	0.017346	0.013010	0.011275	0.031223	0.007806	0.023417	0.014744	0.032090	0.021683	0.020815	0.028621	0.036427	0.019081	0.024284	0.029488	0.030356	0.023417	0.020815	0.020815	0.028621	0.011275	0.022550	0.011275	0.025152	0.019948	0.018213	0.000867	0.010408	0.000867	0.006938	0.018213	0.015611	0.010408	0.019948	0.000867	0.004337	0.012142	0.004337	0.009540	0.015611	0.016479	0.017346	
0.015611	0.011275	0.018213	0.008673	0.024284	0.017346	0.034692	0.005204	0.018213	0.013010	0.015611	0.007806	0.006938	0.019081	0.020815	0.006071	0.019948	0.022550	0.022550	0.008673	0.019948	0.019948	0.035559	0.013877	0.014744	0.020815	0.019948	0.010408	0.015611	0.020815	0.024284	0.007806	0.007806	0.012142	0.009540	0.008673	0.026886	0.018213	0.024284	0.009540	0.012142	0.008673	0.013877	0.004337	0.013010	0.013877	0.024284	0.008673	0.013877	0.008673	0.012142	0.009540	0.025152	0.024284	0.042498	0.011275	0.014744	0.020815	0.030356	0.007806	0.014744	0.022550	0.031223	0.009540	
0.013877	0.015611	0.009540	0.018213	0.008673	0.013010	0.015611	0.017346	0.013877	0.015611	0.011275	0.021683	0.004337	0.013010	0.005204	0.013010	0.018213	0.037294	0.011275	0.029488	0.020815	0.018213	0.018213	0.022550	0.044232	0.040763	0.031223	0.020815	0.008673	0.013877	0.004337	0.013010	0.017346	0.012142	0.009540	0.020815	0.019948	0.012142	0.013877	0.017346	0.019948	0.026019	0.017346	0.016479	0.004337	0.009540	0.006938	0.009540	0.013877	0.010408	0.008673	0.017346	0.021683	0.013877	0.024284	0.016479	0.026886	0.034692	0.017346	0.021683	0.002602	0.006938	0.006938	0.015611	
0.017346	0.009540	0.023417	0.013010	0.014744	0.032958	0.016479	0.011275	0.003469	0.019081	0.004337	0.012142	0.005204	0.032958	0.021683	0.026019	0.026886	0.013010	0.026019	0.005204	0.019948	0.015611	0.010408	0.011275	0.012142	0.032958	0.007806	0.019081	0.011275	0.024284	0.016479	0.021683	0.026886	0.028621	0.025152	0.024284	0.043365	0.026019	0.019948	0.027754	0.017346	0.026019	0.007806	0.026019	0.011275	0.027754	0.019081	0.022550	0.000867	0.011275	0.000867	0.006938	0.005204	0.017346	0.011275	0.009540	0.000867	0.008673	0.011275	0.002602	0.007806	0.013877	0.010408	0.019081	
