>NC_009668
0.027840	0.014477	0.012249	0.020045	0.012249	0.008909	0.005568	0.011136	0.012249	0.018931	0.010022	0.007795	0.012249	0.013363	0.012249	0.023385	0.022272	0.013363	0.017817	0.017817	0.018931	0.010022	0.031180	0.018931	0.033408	0.022272	0.017817	0.015590	0.006682	0.018931	0.015590	0.021158	0.022272	0.014477	0.005568	0.015590	0.023385	0.018931	0.033408	0.018931	0.013363	0.031180	0.016704	0.017817	0.005568	0.015590	0.008909	0.015590	0.015590	0.008909	0.007795	0.013363	0.020045	0.016704	0.015590	0.020045	0.017817	0.023385	0.011136	0.016704	0.006682	0.027840	0.024499	0.023385	
0.022272	0.011136	0.030067	0.024499	0.015590	0.014477	0.016704	0.004454	0.018931	0.014477	0.005568	0.004454	0.006682	0.021158	0.015590	0.023385	0.020045	0.010022	0.024499	0.020045	0.015590	0.015590	0.008909	0.014477	0.015590	0.028953	0.023385	0.017817	0.006682	0.020045	0.022272	0.020045	0.026726	0.017817	0.014477	0.017817	0.023385	0.033408	0.026726	0.012249	0.011136	0.020045	0.012249	0.012249	0.008909	0.017817	0.021158	0.010022	0.010022	0.004454	0.008909	0.007795	0.015590	0.024499	0.018931	0.016704	0.016704	0.017817	0.012249	0.014477	0.011136	0.032294	0.020045	0.020045	
0.026726	0.022272	0.007795	0.022272	0.005568	0.007795	0.021158	0.008909	0.014477	0.038976	0.015590	0.008909	0.011136	0.022272	0.018931	0.017817	0.021158	0.012249	0.021158	0.015590	0.023385	0.015590	0.030067	0.018931	0.022272	0.030067	0.011136	0.007795	0.008909	0.011136	0.013363	0.014477	0.018931	0.015590	0.008909	0.018931	0.022272	0.026726	0.022272	0.010022	0.013363	0.022272	0.014477	0.003341	0.006682	0.012249	0.017817	0.012249	0.011136	0.004454	0.006682	0.011136	0.032294	0.028953	0.022272	0.007795	0.017817	0.031180	0.017817	0.012249	0.012249	0.022272	0.015590	0.023385	
0.022272	0.017817	0.014477	0.023385	0.014477	0.015590	0.017817	0.006682	0.013363	0.016704	0.008909	0.005568	0.016704	0.021158	0.013363	0.016704	0.028953	0.014477	0.015590	0.024499	0.012249	0.021158	0.031180	0.014477	0.023385	0.023385	0.024499	0.024499	0.004454	0.012249	0.015590	0.013363	0.024499	0.011136	0.015590	0.016704	0.030067	0.026726	0.036748	0.028953	0.012249	0.024499	0.013363	0.008909	0.002227	0.011136	0.005568	0.013363	0.011136	0.006682	0.008909	0.012249	0.014477	0.017817	0.023385	0.012249	0.021158	0.024499	0.010022	0.010022	0.015590	0.018931	0.016704	0.016704	
0.030067	0.015590	0.021158	0.020045	0.011136	0.014477	0.014477	0.010022	0.012249	0.022272	0.011136	0.008909	0.011136	0.018931	0.028953	0.017817	0.021158	0.018931	0.017817	0.013363	0.016704	0.015590	0.026726	0.022272	0.020045	0.042316	0.028953	0.017817	0.011136	0.021158	0.021158	0.008909	0.021158	0.020045	0.015590	0.013363	0.021158	0.026726	0.025612	0.015590	0.007795	0.020045	0.012249	0.016704	0.003341	0.016704	0.013363	0.015590	0.008909	0.008909	0.004454	0.016704	0.013363	0.020045	0.008909	0.021158	0.020045	0.012249	0.013363	0.005568	0.008909	0.020045	0.012249	0.018931	
0.015590	0.021158	0.022272	0.022272	0.018931	0.018931	0.011136	0.014477	0.016704	0.021158	0.011136	0.010022	0.012249	0.016704	0.018931	0.015590	0.021158	0.005568	0.018931	0.016704	0.022272	0.015590	0.021158	0.017817	0.018931	0.022272	0.022272	0.012249	0.012249	0.017817	0.026726	0.012249	0.020045	0.012249	0.008909	0.018931	0.025612	0.025612	0.025612	0.020045	0.010022	0.026726	0.014477	0.014477	0.014477	0.015590	0.011136	0.007795	0.010022	0.005568	0.004454	0.014477	0.018931	0.024499	0.021158	0.012249	0.013363	0.033408	0.018931	0.010022	0.005568	0.016704	0.013363	0.025612	
0.017817	0.012249	0.015590	0.021158	0.008909	0.008909	0.014477	0.012249	0.017817	0.015590	0.013363	0.007795	0.017817	0.023385	0.018931	0.012249	0.023385	0.015590	0.018931	0.027840	0.024499	0.023385	0.016704	0.020045	0.021158	0.024499	0.021158	0.012249	0.011136	0.016704	0.015590	0.021158	0.024499	0.010022	0.007795	0.016704	0.025612	0.025612	0.032294	0.020045	0.023385	0.018931	0.013363	0.011136	0.008909	0.008909	0.011136	0.017817	0.013363	0.007795	0.007795	0.015590	0.014477	0.012249	0.024499	0.015590	0.016704	0.024499	0.012249	0.016704	0.010022	0.022272	0.016704	0.012249	
0.030067	0.016704	0.013363	0.018931	0.007795	0.017817	0.008909	0.011136	0.021158	0.012249	0.012249	0.004454	0.016704	0.026726	0.016704	0.021158	0.018931	0.012249	0.024499	0.017817	0.016704	0.011136	0.025612	0.016704	0.030067	0.023385	0.022272	0.012249	0.010022	0.020045	0.017817	0.020045	0.026726	0.015590	0.012249	0.024499	0.026726	0.028953	0.012249	0.015590	0.013363	0.022272	0.011136	0.013363	0.012249	0.010022	0.008909	0.016704	0.014477	0.008909	0.002227	0.022272	0.024499	0.015590	0.014477	0.016704	0.017817	0.018931	0.015590	0.010022	0.010022	0.016704	0.008909	0.027840	
0.027840	0.018931	0.014477	0.028953	0.017817	0.013363	0.012249	0.010022	0.018931	0.014477	0.008909	0.010022	0.020045	0.025612	0.018931	0.018931	0.024499	0.013363	0.014477	0.023385	0.015590	0.012249	0.027840	0.017817	0.021158	0.022272	0.008909	0.008909	0.008909	0.016704	0.022272	0.012249	0.024499	0.021158	0.008909	0.027840	0.014477	0.018931	0.025612	0.017817	0.016704	0.018931	0.006682	0.018931	0.008909	0.012249	0.005568	0.013363	0.015590	0.013363	0.006682	0.013363	0.026726	0.011136	0.023385	0.012249	0.011136	0.015590	0.013363	0.012249	0.011136	0.028953	0.024499	0.021158	
0.037862	0.018931	0.013363	0.022272	0.016704	0.022272	0.010022	0.017817	0.015590	0.014477	0.007795	0.006682	0.023385	0.024499	0.007795	0.037862	0.033408	0.007795	0.016704	0.016704	0.016704	0.018931	0.012249	0.007795	0.025612	0.022272	0.027840	0.013363	0.010022	0.016704	0.015590	0.015590	0.024499	0.017817	0.012249	0.013363	0.021158	0.015590	0.017817	0.016704	0.011136	0.016704	0.006682	0.003341	0.005568	0.012249	0.010022	0.022272	0.010022	0.012249	0.012249	0.014477	0.030067	0.017817	0.014477	0.021158	0.027840	0.022272	0.012249	0.008909	0.010022	0.020045	0.015590	0.020045	
0.040089	0.024499	0.017817	0.023385	0.016704	0.018931	0.011136	0.010022	0.027840	0.010022	0.006682	0.010022	0.007795	0.013363	0.016704	0.028953	0.033408	0.008909	0.023385	0.018931	0.018931	0.022272	0.022272	0.011136	0.015590	0.015590	0.015590	0.007795	0.004454	0.020045	0.016704	0.022272	0.022272	0.017817	0.012249	0.027840	0.024499	0.011136	0.022272	0.017817	0.007795	0.023385	0.010022	0.013363	0.010022	0.008909	0.007795	0.005568	0.012249	0.010022	0.005568	0.021158	0.026726	0.015590	0.017817	0.013363	0.016704	0.008909	0.015590	0.007795	0.015590	0.043430	0.017817	0.018931	
0.037862	0.024499	0.026726	0.018931	0.022272	0.013363	0.013363	0.012249	0.021158	0.015590	0.011136	0.011136	0.023385	0.027840	0.017817	0.022272	0.034521	0.012249	0.021158	0.018931	0.027840	0.008909	0.024499	0.006682	0.016704	0.022272	0.021158	0.013363	0.012249	0.008909	0.014477	0.016704	0.030067	0.012249	0.013363	0.012249	0.023385	0.006682	0.018931	0.008909	0.016704	0.013363	0.012249	0.005568	0.006682	0.006682	0.011136	0.014477	0.010022	0.006682	0.008909	0.012249	0.032294	0.014477	0.022272	0.016704	0.017817	0.015590	0.020045	0.005568	0.008909	0.020045	0.021158	0.025612	
0.044543	0.025612	0.015590	0.026726	0.014477	0.018931	0.012249	0.010022	0.026726	0.017817	0.016704	0.008909	0.012249	0.016704	0.012249	0.021158	0.034521	0.014477	0.028953	0.027840	0.013363	0.010022	0.007795	0.012249	0.031180	0.012249	0.016704	0.018931	0.010022	0.006682	0.013363	0.014477	0.024499	0.013363	0.016704	0.017817	0.026726	0.008909	0.014477	0.016704	0.021158	0.017817	0.012249	0.013363	0.005568	0.011136	0.008909	0.010022	0.021158	0.006682	0.013363	0.010022	0.017817	0.008909	0.015590	0.021158	0.026726	0.016704	0.008909	0.012249	0.020045	0.015590	0.021158	0.022272	
0.042316	0.026726	0.031180	0.024499	0.023385	0.014477	0.013363	0.008909	0.022272	0.014477	0.023385	0.014477	0.021158	0.015590	0.016704	0.028953	0.022272	0.008909	0.024499	0.016704	0.014477	0.012249	0.010022	0.010022	0.012249	0.008909	0.014477	0.014477	0.008909	0.010022	0.023385	0.017817	0.056793	0.020045	0.007795	0.021158	0.016704	0.016704	0.014477	0.016704	0.018931	0.015590	0.010022	0.010022	0.006682	0.018931	0.011136	0.016704	0.016704	0.011136	0.003341	0.016704	0.010022	0.008909	0.017817	0.013363	0.020045	0.015590	0.010022	0.010022	0.006682	0.021158	0.018931	0.021158	
0.046771	0.032294	0.036748	0.022272	0.021158	0.014477	0.023385	0.007795	0.025612	0.011136	0.020045	0.010022	0.018931	0.017817	0.020045	0.022272	0.017817	0.010022	0.022272	0.014477	0.016704	0.003341	0.020045	0.012249	0.013363	0.012249	0.022272	0.007795	0.010022	0.008909	0.021158	0.008909	0.033408	0.012249	0.017817	0.010022	0.017817	0.011136	0.018931	0.006682	0.020045	0.012249	0.012249	0.013363	0.013363	0.006682	0.014477	0.014477	0.016704	0.010022	0.010022	0.006682	0.017817	0.014477	0.016704	0.016704	0.023385	0.013363	0.026726	0.006682	0.014477	0.021158	0.026726	0.022272	
0.040089	0.021158	0.033408	0.020045	0.023385	0.010022	0.022272	0.008909	0.036748	0.010022	0.026726	0.013363	0.008909	0.015590	0.008909	0.020045	0.020045	0.006682	0.028953	0.017817	0.012249	0.006682	0.014477	0.010022	0.028953	0.014477	0.028953	0.006682	0.007795	0.007795	0.018931	0.008909	0.036748	0.013363	0.020045	0.012249	0.018931	0.008909	0.013363	0.007795	0.037862	0.014477	0.020045	0.008909	0.015590	0.010022	0.006682	0.005568	0.024499	0.006682	0.012249	0.013363	0.010022	0.008909	0.017817	0.017817	0.035635	0.017817	0.018931	0.010022	0.008909	0.025612	0.018931	0.014477	
0.040089	0.016704	0.044543	0.020045	0.018931	0.006682	0.012249	0.010022	0.027840	0.014477	0.045657	0.006682	0.008909	0.020045	0.020045	0.014477	0.022272	0.011136	0.022272	0.008909	0.007795	0.004454	0.014477	0.007795	0.013363	0.010022	0.040089	0.004454	0.003341	0.010022	0.024499	0.006682	0.050111	0.014477	0.059020	0.015590	0.017817	0.011136	0.017817	0.010022	0.043430	0.007795	0.033408	0.010022	0.002227	0.006682	0.014477	0.015590	0.015590	0.003341	0.011136	0.011136	0.021158	0.008909	0.022272	0.006682	0.016704	0.007795	0.022272	0.006682	0.003341	0.011136	0.022272	0.012249	
0.027840	0.015590	0.077951	0.006682	0.015590	0.003341	0.018931	0.007795	0.026726	0.015590	0.085746	0.008909	0.015590	0.007795	0.020045	0.012249	0.023385	0.004454	0.025612	0.012249	0.004454	0.002227	0.018931	0.005568	0.015590	0.004454	0.040089	0.006682	0.008909	0.003341	0.013363	0.008909	0.028953	0.010022	0.053452	0.008909	0.013363	0.005568	0.015590	0.005568	0.071269	0.013363	0.050111	0.006682	0.010022	0.006682	0.003341	0.007795	0.003341	0.002227	0.008909	0.003341	0.016704	0.004454	0.021158	0.005568	0.024499	0.005568	0.046771	0.004454	0.005568	0.007795	0.024499	0.011136	
0.025612	0.011136	0.041203	0.005568	0.008909	0.003341	0.014477	0.005568	0.022272	0.010022	0.121381	0.012249	0.005568	0.006682	0.010022	0.008909	0.008909	0.004454	0.032294	0.004454	0.001114	0.002227	0.008909	0.003341	0.017817	0.005568	0.043430	0.007795	0.002227	0.004454	0.014477	0.003341	0.028953	0.007795	0.086860	0.014477	0.007795	0.006682	0.012249	0.012249	0.124722	0.022272	0.069042	0.006682	0.003341	0.004454	0.014477	0.004454	0.006682	0.003341	0.018931	0.011136	0.007795	0.002227	0.014477	0.001114	0.014477	0.003341	0.038976	0.004454	0.006682	0.003341	0.022272	0.007795	
0.016704	0.008909	0.036748	0.007795	0.006682	0.004454	0.014477	0.001114	0.022272	0.012249	0.134744	0.010022	0.010022	0.007795	0.013363	0.004454	0.005568	0.003341	0.012249	0.004454	0.001114	0.002227	0.004454	0.006682	0.014477	0.003341	0.025612	0.006682	0.001114	0.002227	0.014477	0.004454	0.030067	0.015590	0.121381	0.012249	0.008909	0.008909	0.015590	0.007795	0.151448	0.018931	0.083519	0.018931	0.003341	0.003341	0.016704	0.007795	0.006682	0.002227	0.007795	0.001114	0.006682	0.002227	0.007795	0.002227	0.020045	0.003341	0.030067	0.007795	0.001114	0.007795	0.006682	0.008909	
0.021158	0.012249	0.014477	0.011136	0.005568	0.005568	0.013363	0.005568	0.046771	0.011136	0.097996	0.022272	0.007795	0.007795	0.007795	0.002227	0.006682	0.005568	0.010022	0.001114	0.004454	0.004454	0.004454	0.004454	0.014477	0.004454	0.021158	0.002227	0.003341	0.003341	0.007795	0.003341	0.041203	0.020045	0.128062	0.018931	0.006682	0.006682	0.014477	0.010022	0.154788	0.024499	0.071269	0.023385	0.007795	0.011136	0.015590	0.008909	0.003341	0.003341	0.005568	0.003341	0.006682	0.001114	0.010022	0.003341	0.017817	0.005568	0.022272	0.005568	0.003341	0.006682	0.008909	0.006682	
0.021158	0.017817	0.013363	0.020045	0.011136	0.011136	0.010022	0.008909	0.055679	0.024499	0.057906	0.020045	0.012249	0.006682	0.002227	0.013363	0.004454	0.005568	0.006682	0.006682	0.004454	0.003341	0.005568	0.004454	0.012249	0.007795	0.011136	0.011136	0.002227	0.004454	0.006682	0.010022	0.048998	0.026726	0.129176	0.028953	0.018931	0.004454	0.010022	0.012249	0.064588	0.040089	0.066815	0.041203	0.012249	0.006682	0.015590	0.018931	0.007795	0.003341	0.003341	0.007795	0.010022	0.003341	0.008909	0.006682	0.017817	0.006682	0.007795	0.007795	0.005568	0.001114	0.005568	0.008909	
0.034521	0.013363	0.014477	0.020045	0.021158	0.007795	0.016704	0.007795	0.046771	0.027840	0.064588	0.013363	0.018931	0.014477	0.018931	0.011136	0.008909	0.011136	0.012249	0.012249	0.005568	0.004454	0.008909	0.003341	0.007795	0.008909	0.012249	0.005568	0.005568	0.007795	0.015590	0.003341	0.057906	0.021158	0.043430	0.027840	0.028953	0.012249	0.022272	0.015590	0.048998	0.032294	0.030067	0.032294	0.020045	0.014477	0.025612	0.020045	0.010022	0.005568	0.004454	0.012249	0.007795	0.004454	0.004454	0.002227	0.010022	0.007795	0.004454	0.007795	0.006682	0.013363	0.015590	0.015590	
0.041203	0.030067	0.015590	0.024499	0.008909	0.015590	0.013363	0.013363	0.014477	0.016704	0.027840	0.015590	0.011136	0.020045	0.017817	0.023385	0.021158	0.015590	0.017817	0.008909	0.010022	0.005568	0.008909	0.004454	0.016704	0.011136	0.015590	0.008909	0.005568	0.003341	0.013363	0.006682	0.046771	0.020045	0.018931	0.027840	0.016704	0.022272	0.024499	0.013363	0.050111	0.025612	0.017817	0.017817	0.011136	0.010022	0.021158	0.016704	0.010022	0.014477	0.014477	0.012249	0.014477	0.012249	0.012249	0.011136	0.032294	0.015590	0.014477	0.013363	0.005568	0.012249	0.014477	0.017817	
0.031180	0.032294	0.026726	0.028953	0.016704	0.021158	0.027840	0.014477	0.018931	0.023385	0.013363	0.011136	0.015590	0.017817	0.013363	0.026726	0.015590	0.010022	0.013363	0.011136	0.012249	0.008909	0.021158	0.013363	0.015590	0.018931	0.015590	0.008909	0.003341	0.008909	0.014477	0.015590	0.046771	0.020045	0.018931	0.027840	0.025612	0.014477	0.022272	0.006682	0.026726	0.027840	0.006682	0.014477	0.008909	0.011136	0.013363	0.022272	0.008909	0.005568	0.007795	0.011136	0.011136	0.005568	0.015590	0.013363	0.030067	0.015590	0.007795	0.013363	0.005568	0.022272	0.022272	0.014477	
0.037862	0.020045	0.025612	0.018931	0.030067	0.012249	0.022272	0.003341	0.033408	0.015590	0.008909	0.008909	0.016704	0.020045	0.032294	0.010022	0.017817	0.011136	0.023385	0.013363	0.015590	0.011136	0.015590	0.007795	0.030067	0.026726	0.021158	0.008909	0.005568	0.008909	0.023385	0.010022	0.030067	0.023385	0.017817	0.020045	0.032294	0.014477	0.030067	0.008909	0.016704	0.008909	0.014477	0.003341	0.011136	0.007795	0.016704	0.012249	0.006682	0.007795	0.008909	0.010022	0.016704	0.017817	0.020045	0.005568	0.030067	0.011136	0.017817	0.004454	0.008909	0.022272	0.021158	0.026726	
0.024499	0.035635	0.012249	0.020045	0.015590	0.017817	0.010022	0.018931	0.026726	0.027840	0.010022	0.011136	0.014477	0.017817	0.011136	0.018931	0.021158	0.021158	0.024499	0.027840	0.012249	0.024499	0.005568	0.013363	0.027840	0.026726	0.017817	0.015590	0.005568	0.005568	0.005568	0.008909	0.028953	0.033408	0.018931	0.028953	0.015590	0.021158	0.010022	0.015590	0.025612	0.014477	0.012249	0.010022	0.004454	0.007795	0.004454	0.008909	0.014477	0.007795	0.006682	0.013363	0.013363	0.020045	0.013363	0.012249	0.036748	0.025612	0.010022	0.021158	0.007795	0.020045	0.008909	0.022272	
0.041203	0.022272	0.015590	0.010022	0.032294	0.042316	0.017817	0.005568	0.025612	0.020045	0.010022	0.006682	0.021158	0.048998	0.006682	0.013363	0.022272	0.013363	0.013363	0.007795	0.014477	0.028953	0.026726	0.013363	0.011136	0.020045	0.004454	0.003341	0.004454	0.025612	0.020045	0.010022	0.044543	0.036748	0.014477	0.021158	0.025612	0.034521	0.022272	0.012249	0.011136	0.028953	0.006682	0.003341	0.010022	0.018931	0.015590	0.013363	0.012249	0.004454	0.010022	0.005568	0.014477	0.017817	0.013363	0.005568	0.010022	0.010022	0.004454	0.005568	0.003341	0.028953	0.014477	0.012249	
0.104677	0.001114	0.005568	0.008909	0.066815	0.001114	0.006682	0.002227	0.048998	0.001114	0.002227	0.001114	0.040089	0.001114	0.002227	0.001114	0.074610	0.001114	0.006682	0.004454	0.110245	0.001114	0.005568	0.006682	0.069042	0.001114	0.005568	0.004454	0.025612	0.001114	0.006682	0.003341	0.048998	0.001114	0.003341	0.004454	0.061247	0.001114	0.012249	0.004454	0.022272	0.001114	0.001114	0.001114	0.013363	0.001114	0.002227	0.002227	0.032294	0.001114	0.002227	0.003341	0.102450	0.001114	0.013363	0.005568	0.046771	0.001114	0.007795	0.001114	0.034521	0.001114	0.003341	0.010022	
0.001114	0.001114	0.001114	0.257238	0.001114	0.001114	0.001114	0.001114	0.001114	0.001114	0.001114	0.014477	0.001114	0.001114	0.001114	0.017817	0.001114	0.001114	0.001114	0.337416	0.001114	0.001114	0.001114	0.001114	0.001114	0.001114	0.001114	0.034521	0.001114	0.001114	0.001114	0.015590	0.001114	0.001114	0.001114	0.183742	0.001114	0.001114	0.001114	0.001114	0.001114	0.001114	0.001114	0.013363	0.001114	0.001114	0.001114	0.004454	0.001114	0.001114	0.001114	0.110245	0.001114	0.001114	0.001114	0.001114	0.001114	0.001114	0.001114	0.011136	0.001114	0.001114	0.001114	0.013363	
0.001114	0.001114	0.001114	0.001114	0.001114	0.001114	0.001114	0.001114	0.001114	0.001114	0.001114	0.001114	0.001114	0.001114	0.885301	0.001114	0.001114	0.001114	0.001114	0.001114	0.001114	0.001114	0.001114	0.001114	0.001114	0.001114	0.001114	0.001114	0.001114	0.001114	0.001114	0.001114	0.001114	0.001114	0.001114	0.001114	0.001114	0.001114	0.001114	0.001114	0.001114	0.001114	0.001114	0.001114	0.001114	0.001114	0.070156	0.001114	0.001114	0.001114	0.001114	0.001114	0.001114	0.001114	0.001114	0.001114	0.001114	0.001114	0.001114	0.001114	0.001114	0.001114	0.047884	0.001114	
0.001114	0.001114	0.001114	0.001114	0.001114	0.001114	0.001114	0.001114	0.001114	0.001114	0.001114	0.001114	0.001114	0.001114	0.001114	0.001114	0.001114	0.001114	0.001114	0.001114	0.001114	0.001114	0.001114	0.001114	0.001114	0.001114	0.001114	0.001114	0.001114	0.001114	0.001114	0.001114	0.001114	0.001114	0.001114	0.001114	0.001114	0.001114	0.001114	0.001114	0.001114	0.001114	0.001114	0.001114	0.001114	0.001114	0.001114	0.001114	0.001114	0.001114	0.001114	0.001114	0.001114	0.001114	0.001114	0.001114	0.506682	0.177060	0.217149	0.103563	0.001114	0.001114	0.001114	0.001114	
0.001114	0.001114	0.001114	0.001114	0.001114	0.001114	0.001114	0.001114	0.001114	0.001114	0.001114	0.001114	0.001114	0.001114	0.001114	0.001114	0.001114	0.001114	0.001114	0.001114	0.001114	0.001114	0.001114	0.001114	0.001114	0.001114	0.001114	0.001114	0.001114	0.001114	0.001114	0.001114	0.189310	0.144766	0.113586	0.062361	0.048998	0.038976	0.047884	0.044543	0.063474	0.097996	0.027840	0.031180	0.008909	0.065702	0.003341	0.028953	0.001114	0.001114	0.001114	0.001114	0.001114	0.001114	0.001114	0.001114	0.001114	0.001114	0.001114	0.001114	0.001114	0.001114	0.001114	0.001114	
0.069042	0.057906	0.042316	0.023385	0.035635	0.048998	0.038976	0.024499	0.014477	0.072383	0.007795	0.022272	0.008909	0.024499	0.016704	0.015590	0.017817	0.007795	0.016704	0.010022	0.010022	0.008909	0.013363	0.010022	0.007795	0.018931	0.012249	0.012249	0.003341	0.010022	0.022272	0.012249	0.024499	0.014477	0.007795	0.020045	0.023385	0.033408	0.020045	0.024499	0.003341	0.010022	0.003341	0.014477	0.005568	0.008909	0.012249	0.007795	0.001114	0.005568	0.001114	0.004454	0.010022	0.026726	0.016704	0.015590	0.001114	0.001114	0.002227	0.002227	0.003341	0.011136	0.012249	0.005568	
0.046771	0.036748	0.013363	0.015590	0.026726	0.020045	0.030067	0.008909	0.027840	0.015590	0.015590	0.008909	0.024499	0.006682	0.010022	0.016704	0.018931	0.015590	0.033408	0.011136	0.041203	0.021158	0.044543	0.011136	0.038976	0.023385	0.018931	0.007795	0.018931	0.010022	0.028953	0.016704	0.011136	0.005568	0.006682	0.003341	0.041203	0.015590	0.037862	0.007795	0.008909	0.004454	0.007795	0.004454	0.015590	0.006682	0.017817	0.011136	0.005568	0.004454	0.006682	0.004454	0.021158	0.011136	0.017817	0.004454	0.024499	0.020045	0.015590	0.003341	0.011136	0.012249	0.010022	0.007795	
0.038976	0.016704	0.011136	0.015590	0.020045	0.006682	0.021158	0.014477	0.021158	0.014477	0.012249	0.012249	0.006682	0.011136	0.003341	0.013363	0.051225	0.025612	0.026726	0.026726	0.020045	0.010022	0.018931	0.018931	0.065702	0.023385	0.022272	0.018931	0.007795	0.007795	0.004454	0.012249	0.043430	0.026726	0.008909	0.021158	0.022272	0.008909	0.022272	0.010022	0.026726	0.013363	0.008909	0.008909	0.001114	0.013363	0.001114	0.008909	0.020045	0.012249	0.005568	0.032294	0.013363	0.005568	0.005568	0.011136	0.028953	0.018931	0.007795	0.011136	0.006682	0.018931	0.007795	0.018931	
0.047884	0.022272	0.051225	0.032294	0.018931	0.027840	0.023385	0.011136	0.016704	0.018931	0.005568	0.011136	0.010022	0.038976	0.017817	0.028953	0.014477	0.014477	0.027840	0.018931	0.008909	0.010022	0.008909	0.003341	0.012249	0.024499	0.014477	0.016704	0.005568	0.020045	0.013363	0.015590	0.038976	0.024499	0.026726	0.052339	0.017817	0.014477	0.020045	0.017817	0.016704	0.022272	0.005568	0.006682	0.004454	0.017817	0.017817	0.011136	0.001114	0.007795	0.001114	0.012249	0.011136	0.016704	0.010022	0.013363	0.001114	0.003341	0.007795	0.004454	0.004454	0.015590	0.018931	0.014477	
0.032294	0.028953	0.026726	0.014477	0.033408	0.005568	0.023385	0.006682	0.051225	0.027840	0.013363	0.014477	0.033408	0.035635	0.027840	0.018931	0.013363	0.018931	0.014477	0.010022	0.018931	0.018931	0.026726	0.004454	0.018931	0.021158	0.016704	0.005568	0.007795	0.006682	0.020045	0.011136	0.017817	0.010022	0.006682	0.012249	0.014477	0.021158	0.015590	0.017817	0.007795	0.010022	0.006682	0.008909	0.010022	0.011136	0.005568	0.012249	0.005568	0.006682	0.006682	0.005568	0.027840	0.014477	0.035635	0.014477	0.020045	0.017817	0.017817	0.012249	0.010022	0.021158	0.020045	0.018931	
0.016704	0.018931	0.011136	0.022272	0.016704	0.012249	0.014477	0.021158	0.015590	0.025612	0.003341	0.010022	0.007795	0.014477	0.002227	0.017817	0.036748	0.020045	0.020045	0.017817	0.020045	0.013363	0.015590	0.011136	0.035635	0.032294	0.013363	0.020045	0.008909	0.013363	0.005568	0.015590	0.023385	0.027840	0.013363	0.033408	0.014477	0.021158	0.008909	0.032294	0.020045	0.014477	0.006682	0.013363	0.002227	0.017817	0.002227	0.018931	0.022272	0.014477	0.006682	0.017817	0.014477	0.012249	0.016704	0.031180	0.028953	0.021158	0.010022	0.013363	0.007795	0.023385	0.005568	0.024499	
0.036748	0.022272	0.022272	0.017817	0.017817	0.031180	0.015590	0.016704	0.021158	0.014477	0.005568	0.010022	0.011136	0.034521	0.020045	0.025612	0.022272	0.010022	0.015590	0.017817	0.020045	0.017817	0.016704	0.004454	0.004454	0.024499	0.005568	0.021158	0.007795	0.024499	0.030067	0.033408	0.044543	0.014477	0.012249	0.028953	0.024499	0.024499	0.020045	0.024499	0.006682	0.013363	0.004454	0.008909	0.007795	0.020045	0.012249	0.016704	0.001114	0.010022	0.001114	0.014477	0.010022	0.018931	0.025612	0.014477	0.001114	0.005568	0.006682	0.002227	0.008909	0.021158	0.017817	0.028953	
0.037862	0.026726	0.023385	0.016704	0.018931	0.011136	0.017817	0.008909	0.018931	0.017817	0.011136	0.003341	0.023385	0.020045	0.014477	0.021158	0.022272	0.013363	0.021158	0.015590	0.023385	0.022272	0.033408	0.013363	0.026726	0.016704	0.025612	0.008909	0.012249	0.015590	0.020045	0.012249	0.015590	0.010022	0.005568	0.002227	0.020045	0.013363	0.015590	0.008909	0.005568	0.004454	0.006682	0.005568	0.006682	0.013363	0.011136	0.011136	0.004454	0.008909	0.008909	0.013363	0.036748	0.014477	0.040089	0.008909	0.033408	0.023385	0.013363	0.010022	0.016704	0.034521	0.033408	0.020045	
0.024499	0.015590	0.013363	0.026726	0.016704	0.008909	0.015590	0.017817	0.020045	0.018931	0.011136	0.008909	0.007795	0.013363	0.005568	0.021158	0.036748	0.030067	0.011136	0.021158	0.008909	0.008909	0.020045	0.023385	0.033408	0.036748	0.015590	0.021158	0.007795	0.014477	0.010022	0.007795	0.021158	0.028953	0.011136	0.023385	0.014477	0.010022	0.016704	0.021158	0.013363	0.011136	0.013363	0.018931	0.003341	0.011136	0.002227	0.011136	0.011136	0.017817	0.005568	0.024499	0.017817	0.013363	0.015590	0.036748	0.025612	0.022272	0.010022	0.021158	0.005568	0.027840	0.005568	0.025612	
0.027840	0.023385	0.025612	0.016704	0.013363	0.036748	0.026726	0.015590	0.005568	0.027840	0.005568	0.002227	0.006682	0.044543	0.012249	0.032294	0.012249	0.012249	0.023385	0.010022	0.010022	0.011136	0.008909	0.011136	0.012249	0.028953	0.007795	0.018931	0.012249	0.024499	0.040089	0.022272	0.031180	0.023385	0.007795	0.030067	0.024499	0.027840	0.012249	0.024499	0.012249	0.020045	0.005568	0.012249	0.011136	0.016704	0.012249	0.030067	0.001114	0.008909	0.001114	0.013363	0.012249	0.016704	0.025612	0.012249	0.001114	0.005568	0.010022	0.006682	0.005568	0.023385	0.018931	0.017817	
0.016704	0.023385	0.016704	0.015590	0.022272	0.015590	0.022272	0.007795	0.023385	0.011136	0.016704	0.006682	0.022272	0.020045	0.017817	0.010022	0.017817	0.012249	0.020045	0.010022	0.026726	0.017817	0.032294	0.015590	0.032294	0.017817	0.017817	0.005568	0.012249	0.018931	0.023385	0.008909	0.008909	0.007795	0.006682	0.007795	0.033408	0.016704	0.018931	0.013363	0.006682	0.011136	0.007795	0.003341	0.005568	0.005568	0.014477	0.014477	0.010022	0.011136	0.007795	0.006682	0.034521	0.017817	0.035635	0.021158	0.030067	0.025612	0.014477	0.013363	0.008909	0.035635	0.033408	0.024499	
0.014477	0.011136	0.003341	0.024499	0.015590	0.010022	0.011136	0.017817	0.015590	0.018931	0.008909	0.007795	0.004454	0.012249	0.006682	0.016704	0.038976	0.024499	0.018931	0.034521	0.021158	0.013363	0.015590	0.017817	0.042316	0.028953	0.016704	0.021158	0.012249	0.016704	0.006682	0.022272	0.038976	0.022272	0.008909	0.022272	0.018931	0.015590	0.008909	0.022272	0.013363	0.023385	0.007795	0.012249	0.001114	0.010022	0.003341	0.014477	0.010022	0.016704	0.002227	0.020045	0.018931	0.021158	0.008909	0.031180	0.031180	0.022272	0.012249	0.023385	0.005568	0.027840	0.002227	0.022272	
0.033408	0.017817	0.025612	0.025612	0.020045	0.026726	0.018931	0.008909	0.008909	0.015590	0.004454	0.004454	0.011136	0.038976	0.024499	0.026726	0.026726	0.013363	0.020045	0.014477	0.011136	0.021158	0.015590	0.012249	0.006682	0.020045	0.007795	0.010022	0.004454	0.024499	0.025612	0.034521	0.035635	0.017817	0.018931	0.030067	0.026726	0.027840	0.021158	0.017817	0.011136	0.011136	0.012249	0.011136	0.014477	0.021158	0.010022	0.018931	0.001114	0.007795	0.001114	0.013363	0.005568	0.023385	0.017817	0.020045	0.001114	0.005568	0.010022	0.002227	0.005568	0.028953	0.022272	0.018931	
0.034521	0.020045	0.026726	0.015590	0.027840	0.004454	0.017817	0.006682	0.024499	0.016704	0.018931	0.005568	0.023385	0.021158	0.022272	0.016704	0.025612	0.015590	0.011136	0.011136	0.030067	0.025612	0.030067	0.013363	0.024499	0.015590	0.018931	0.014477	0.006682	0.015590	0.021158	0.015590	0.015590	0.005568	0.003341	0.003341	0.012249	0.016704	0.016704	0.006682	0.013363	0.011136	0.008909	0.001114	0.005568	0.008909	0.010022	0.003341	0.012249	0.012249	0.006682	0.004454	0.045657	0.021158	0.032294	0.014477	0.026726	0.027840	0.017817	0.010022	0.016704	0.028953	0.033408	0.020045	
0.021158	0.031180	0.006682	0.028953	0.014477	0.007795	0.011136	0.020045	0.013363	0.013363	0.008909	0.012249	0.005568	0.018931	0.002227	0.007795	0.042316	0.023385	0.014477	0.035635	0.012249	0.014477	0.022272	0.018931	0.023385	0.031180	0.018931	0.023385	0.004454	0.011136	0.007795	0.017817	0.030067	0.022272	0.007795	0.028953	0.020045	0.015590	0.015590	0.020045	0.018931	0.021158	0.013363	0.011136	0.003341	0.007795	0.003341	0.016704	0.015590	0.014477	0.003341	0.018931	0.015590	0.017817	0.012249	0.028953	0.031180	0.018931	0.008909	0.027840	0.003341	0.024499	0.004454	0.023385	
0.032294	0.023385	0.031180	0.022272	0.025612	0.033408	0.024499	0.007795	0.006682	0.015590	0.003341	0.006682	0.011136	0.050111	0.023385	0.027840	0.013363	0.010022	0.025612	0.013363	0.011136	0.018931	0.013363	0.012249	0.007795	0.022272	0.015590	0.015590	0.005568	0.022272	0.028953	0.031180	0.037862	0.014477	0.015590	0.018931	0.020045	0.021158	0.024499	0.018931	0.017817	0.017817	0.005568	0.008909	0.010022	0.031180	0.014477	0.018931	0.001114	0.005568	0.001114	0.008909	0.012249	0.026726	0.018931	0.004454	0.001114	0.004454	0.007795	0.004454	0.005568	0.024499	0.018931	0.016704	
0.030067	0.025612	0.015590	0.013363	0.023385	0.012249	0.014477	0.003341	0.021158	0.026726	0.018931	0.006682	0.012249	0.024499	0.013363	0.013363	0.022272	0.017817	0.013363	0.015590	0.025612	0.023385	0.037862	0.013363	0.021158	0.030067	0.024499	0.005568	0.006682	0.014477	0.005568	0.016704	0.014477	0.006682	0.008909	0.003341	0.024499	0.014477	0.013363	0.007795	0.007795	0.013363	0.005568	0.005568	0.005568	0.008909	0.008909	0.012249	0.007795	0.003341	0.010022	0.011136	0.030067	0.021158	0.047884	0.028953	0.028953	0.023385	0.027840	0.005568	0.014477	0.032294	0.034521	0.013363	
0.021158	0.025612	0.012249	0.015590	0.011136	0.012249	0.010022	0.020045	0.010022	0.020045	0.004454	0.013363	0.003341	0.020045	0.004454	0.015590	0.036748	0.011136	0.018931	0.036748	0.013363	0.007795	0.021158	0.028953	0.043430	0.023385	0.024499	0.022272	0.004454	0.016704	0.014477	0.017817	0.022272	0.030067	0.006682	0.020045	0.018931	0.016704	0.032294	0.025612	0.031180	0.020045	0.008909	0.016704	0.001114	0.006682	0.002227	0.013363	0.010022	0.014477	0.003341	0.011136	0.012249	0.022272	0.015590	0.030067	0.017817	0.022272	0.013363	0.008909	0.010022	0.017817	0.004454	0.023385	
0.025612	0.018931	0.025612	0.020045	0.021158	0.024499	0.023385	0.012249	0.010022	0.021158	0.004454	0.005568	0.006682	0.035635	0.017817	0.023385	0.011136	0.012249	0.025612	0.006682	0.010022	0.015590	0.023385	0.010022	0.012249	0.030067	0.016704	0.020045	0.006682	0.030067	0.032294	0.035635	0.026726	0.034521	0.013363	0.027840	0.027840	0.028953	0.020045	0.008909	0.011136	0.023385	0.004454	0.012249	0.006682	0.018931	0.016704	0.018931	0.001114	0.005568	0.001114	0.011136	0.015590	0.023385	0.012249	0.010022	0.001114	0.007795	0.012249	0.004454	0.003341	0.032294	0.013363	0.021158	
0.021158	0.018931	0.014477	0.010022	0.021158	0.008909	0.032294	0.008909	0.014477	0.023385	0.021158	0.006682	0.021158	0.023385	0.014477	0.006682	0.020045	0.012249	0.026726	0.015590	0.026726	0.020045	0.036748	0.008909	0.017817	0.022272	0.028953	0.010022	0.006682	0.006682	0.017817	0.010022	0.012249	0.008909	0.010022	0.003341	0.023385	0.015590	0.031180	0.012249	0.010022	0.007795	0.015590	0.004454	0.010022	0.015590	0.011136	0.005568	0.005568	0.005568	0.008909	0.003341	0.030067	0.018931	0.050111	0.017817	0.025612	0.025612	0.022272	0.006682	0.014477	0.026726	0.031180	0.026726	
0.015590	0.014477	0.012249	0.016704	0.014477	0.010022	0.008909	0.012249	0.010022	0.023385	0.021158	0.005568	0.003341	0.011136	0.003341	0.014477	0.035635	0.012249	0.016704	0.036748	0.012249	0.013363	0.015590	0.022272	0.044543	0.032294	0.038976	0.034521	0.008909	0.013363	0.007795	0.017817	0.026726	0.016704	0.004454	0.020045	0.016704	0.025612	0.014477	0.022272	0.035635	0.020045	0.012249	0.020045	0.001114	0.015590	0.003341	0.007795	0.011136	0.015590	0.003341	0.022272	0.013363	0.015590	0.016704	0.026726	0.014477	0.027840	0.016704	0.015590	0.010022	0.020045	0.005568	0.013363	
0.026726	0.024499	0.021158	0.016704	0.008909	0.023385	0.017817	0.008909	0.011136	0.018931	0.001114	0.005568	0.010022	0.037862	0.018931	0.028953	0.016704	0.006682	0.022272	0.011136	0.007795	0.020045	0.024499	0.012249	0.004454	0.030067	0.006682	0.014477	0.003341	0.026726	0.030067	0.023385	0.040089	0.018931	0.015590	0.030067	0.030067	0.037862	0.020045	0.015590	0.016704	0.040089	0.008909	0.023385	0.005568	0.026726	0.026726	0.016704	0.001114	0.010022	0.001114	0.011136	0.011136	0.025612	0.015590	0.007795	0.001114	0.007795	0.008909	0.002227	0.004454	0.020045	0.016704	0.012249	
0.032294	0.021158	0.017817	0.013363	0.014477	0.016704	0.023385	0.005568	0.014477	0.021158	0.017817	0.006682	0.016704	0.023385	0.020045	0.008909	0.012249	0.016704	0.016704	0.012249	0.026726	0.021158	0.042316	0.016704	0.032294	0.018931	0.018931	0.007795	0.001114	0.014477	0.016704	0.012249	0.011136	0.011136	0.005568	0.005568	0.028953	0.027840	0.028953	0.011136	0.008909	0.010022	0.003341	0.003341	0.006682	0.018931	0.011136	0.008909	0.008909	0.006682	0.003341	0.004454	0.027840	0.022272	0.048998	0.012249	0.028953	0.028953	0.028953	0.005568	0.008909	0.018931	0.030067	0.023385	
0.017817	0.023385	0.007795	0.015590	0.017817	0.012249	0.011136	0.014477	0.010022	0.016704	0.007795	0.008909	0.004454	0.012249	0.004454	0.014477	0.030067	0.020045	0.016704	0.031180	0.020045	0.008909	0.028953	0.030067	0.035635	0.043430	0.041203	0.023385	0.007795	0.012249	0.012249	0.013363	0.023385	0.027840	0.010022	0.023385	0.017817	0.018931	0.020045	0.022272	0.017817	0.030067	0.011136	0.010022	0.002227	0.005568	0.004454	0.011136	0.003341	0.008909	0.004454	0.016704	0.015590	0.015590	0.012249	0.032294	0.018931	0.027840	0.015590	0.015590	0.005568	0.021158	0.004454	0.022272	
0.023385	0.012249	0.021158	0.017817	0.021158	0.023385	0.021158	0.014477	0.008909	0.018931	0.005568	0.005568	0.007795	0.032294	0.023385	0.023385	0.016704	0.010022	0.026726	0.017817	0.007795	0.010022	0.028953	0.008909	0.007795	0.031180	0.015590	0.017817	0.001114	0.026726	0.047884	0.023385	0.021158	0.018931	0.008909	0.033408	0.028953	0.037862	0.031180	0.020045	0.016704	0.031180	0.010022	0.017817	0.007795	0.020045	0.010022	0.020045	0.001114	0.006682	0.001114	0.011136	0.006682	0.017817	0.015590	0.011136	0.001114	0.007795	0.013363	0.003341	0.002227	0.027840	0.014477	0.016704	
0.016704	0.012249	0.017817	0.015590	0.012249	0.013363	0.017817	0.004454	0.016704	0.015590	0.016704	0.008909	0.012249	0.030067	0.020045	0.017817	0.021158	0.014477	0.021158	0.007795	0.014477	0.012249	0.046771	0.015590	0.023385	0.034521	0.031180	0.007795	0.005568	0.010022	0.021158	0.017817	0.010022	0.007795	0.010022	0.006682	0.027840	0.015590	0.034521	0.011136	0.010022	0.014477	0.012249	0.007795	0.010022	0.006682	0.016704	0.011136	0.003341	0.008909	0.004454	0.002227	0.027840	0.024499	0.045657	0.008909	0.023385	0.028953	0.027840	0.015590	0.010022	0.027840	0.034521	0.011136	
0.015590	0.008909	0.005568	0.021158	0.010022	0.005568	0.007795	0.020045	0.015590	0.018931	0.005568	0.013363	0.005568	0.014477	0.002227	0.010022	0.021158	0.017817	0.006682	0.036748	0.011136	0.013363	0.022272	0.018931	0.043430	0.043430	0.032294	0.025612	0.012249	0.006682	0.005568	0.015590	0.024499	0.016704	0.006682	0.025612	0.012249	0.012249	0.023385	0.045657	0.025612	0.034521	0.011136	0.016704	0.002227	0.015590	0.005568	0.016704	0.005568	0.010022	0.005568	0.016704	0.011136	0.017817	0.013363	0.032294	0.017817	0.037862	0.012249	0.024499	0.012249	0.015590	0.008909	0.021158	
0.020045	0.012249	0.022272	0.012249	0.017817	0.016704	0.013363	0.005568	0.001114	0.013363	0.003341	0.006682	0.011136	0.038976	0.021158	0.028953	0.006682	0.011136	0.015590	0.011136	0.015590	0.006682	0.018931	0.007795	0.006682	0.027840	0.015590	0.016704	0.004454	0.030067	0.051225	0.031180	0.024499	0.031180	0.016704	0.030067	0.042316	0.043430	0.030067	0.018931	0.011136	0.025612	0.011136	0.013363	0.008909	0.025612	0.021158	0.024499	0.001114	0.011136	0.001114	0.018931	0.006682	0.014477	0.021158	0.010022	0.001114	0.008909	0.004454	0.007795	0.003341	0.031180	0.011136	0.017817	
