>NC_009648
0.030290	0.018263	0.015145	0.017817	0.016927	0.016481	0.009354	0.011581	0.011581	0.011581	0.011136	0.010690	0.017372	0.016927	0.016927	0.023608	0.014699	0.012027	0.012027	0.013363	0.016036	0.014699	0.023163	0.014254	0.011136	0.024944	0.022717	0.018708	0.006236	0.012027	0.021381	0.020490	0.013363	0.012472	0.008018	0.016036	0.022272	0.018708	0.025835	0.021826	0.014254	0.020490	0.011136	0.011136	0.009354	0.008909	0.007572	0.019599	0.019154	0.014699	0.007127	0.020935	0.011136	0.016481	0.012918	0.014254	0.020935	0.016927	0.015590	0.010690	0.022272	0.018708	0.017817	0.034298	
0.027617	0.018263	0.011581	0.020045	0.013808	0.016481	0.012918	0.014254	0.013363	0.008018	0.012472	0.008463	0.015590	0.014699	0.013808	0.024053	0.016927	0.013363	0.019154	0.016927	0.010690	0.020490	0.018708	0.016481	0.009800	0.028508	0.015590	0.017372	0.009800	0.012027	0.022272	0.017817	0.016481	0.013808	0.012472	0.015145	0.011581	0.023608	0.021381	0.017372	0.013808	0.020935	0.009354	0.016481	0.011581	0.011136	0.014699	0.013808	0.020490	0.009354	0.008463	0.016927	0.015590	0.016481	0.011136	0.013363	0.023608	0.015590	0.012472	0.012027	0.023163	0.024944	0.013363	0.036526	
0.028508	0.022717	0.011136	0.019154	0.013808	0.018708	0.014254	0.008018	0.012472	0.016036	0.013808	0.009354	0.014254	0.018263	0.015590	0.020935	0.013363	0.012918	0.013808	0.011581	0.020045	0.019154	0.024053	0.013808	0.009354	0.024944	0.016036	0.013808	0.007127	0.012472	0.024499	0.017372	0.012918	0.019154	0.009800	0.018708	0.013808	0.023163	0.020490	0.015590	0.010690	0.019599	0.009354	0.010245	0.013363	0.010690	0.013363	0.016927	0.021826	0.011136	0.009354	0.017817	0.019154	0.015145	0.016036	0.012472	0.020045	0.015145	0.014699	0.014254	0.024499	0.018263	0.011581	0.037862	
0.027617	0.020490	0.010690	0.017817	0.020045	0.017372	0.012918	0.015590	0.014699	0.012027	0.011581	0.005791	0.019599	0.012472	0.012472	0.022717	0.016036	0.014254	0.019154	0.017372	0.017372	0.022717	0.019154	0.016927	0.017372	0.020045	0.021826	0.015590	0.007572	0.007127	0.018263	0.016927	0.015145	0.011136	0.010690	0.015590	0.017372	0.016927	0.022717	0.018708	0.015590	0.016481	0.012027	0.009800	0.010690	0.008463	0.009800	0.018708	0.021381	0.008909	0.007572	0.021381	0.016927	0.012918	0.015590	0.014254	0.021381	0.011581	0.013808	0.018263	0.027617	0.019599	0.012472	0.033408	
0.024944	0.022717	0.012027	0.020490	0.016927	0.010245	0.013808	0.013808	0.011136	0.016927	0.009354	0.010690	0.014699	0.020490	0.015145	0.021826	0.015590	0.015590	0.024053	0.016481	0.016927	0.015590	0.018263	0.019154	0.012918	0.024499	0.018708	0.014254	0.008018	0.014699	0.025390	0.017372	0.024499	0.017372	0.009354	0.017817	0.009800	0.018708	0.017817	0.013808	0.012027	0.020935	0.011581	0.014699	0.008909	0.011136	0.012027	0.017372	0.024053	0.011581	0.007127	0.022717	0.016481	0.012027	0.006682	0.012472	0.016481	0.012027	0.012027	0.012472	0.021826	0.025835	0.012472	0.031626	
0.026726	0.022272	0.015590	0.024499	0.018263	0.019599	0.018708	0.010690	0.011581	0.019154	0.010690	0.011136	0.016927	0.024944	0.013363	0.022272	0.016036	0.011136	0.015145	0.017817	0.014254	0.013363	0.015145	0.013808	0.009354	0.020490	0.015590	0.011136	0.009354	0.012027	0.020490	0.017372	0.018263	0.011136	0.007127	0.016036	0.019599	0.021826	0.018263	0.014699	0.011581	0.023163	0.006682	0.010245	0.009800	0.012918	0.011581	0.017817	0.020490	0.014699	0.004900	0.013363	0.023608	0.012027	0.020045	0.016481	0.020045	0.020935	0.013808	0.010245	0.020045	0.015590	0.016036	0.036526	
0.024944	0.016927	0.014254	0.025390	0.019599	0.015145	0.012472	0.012027	0.010245	0.013808	0.011136	0.007572	0.014699	0.018708	0.010245	0.028062	0.020045	0.021826	0.014699	0.019154	0.016927	0.012918	0.020045	0.016927	0.015145	0.027617	0.016036	0.013363	0.010245	0.006682	0.019154	0.019599	0.014699	0.016036	0.008018	0.013808	0.017817	0.020045	0.024499	0.021381	0.012918	0.019154	0.006236	0.008463	0.008463	0.010245	0.012027	0.012027	0.023608	0.010245	0.006682	0.015590	0.018708	0.015590	0.015145	0.016036	0.020935	0.011136	0.011136	0.018263	0.024944	0.016927	0.012472	0.039644	
0.028508	0.020935	0.012472	0.021381	0.016481	0.017372	0.014254	0.016927	0.008909	0.013363	0.008909	0.012472	0.015590	0.018708	0.010690	0.028953	0.017817	0.019599	0.015145	0.020490	0.019599	0.015145	0.017817	0.011136	0.014699	0.024944	0.013808	0.018708	0.009800	0.012918	0.023608	0.020045	0.017817	0.014699	0.008018	0.018708	0.016036	0.019154	0.020490	0.016036	0.008909	0.016927	0.009354	0.009354	0.006236	0.011136	0.009354	0.020935	0.021381	0.016036	0.004009	0.016927	0.014254	0.009354	0.013808	0.015145	0.017372	0.013808	0.010690	0.012027	0.025835	0.019154	0.015145	0.039198	
0.028508	0.022272	0.013363	0.021381	0.022272	0.018263	0.016481	0.014254	0.009800	0.012472	0.009800	0.007572	0.016481	0.020490	0.012027	0.028508	0.020045	0.017372	0.016481	0.012472	0.012472	0.015590	0.015145	0.017817	0.011136	0.026281	0.016036	0.012918	0.009354	0.011136	0.020935	0.017817	0.016927	0.009800	0.006236	0.016927	0.018708	0.019154	0.016927	0.014254	0.014254	0.015590	0.005791	0.007127	0.013363	0.010245	0.009800	0.019154	0.017817	0.015145	0.005791	0.018708	0.021826	0.015145	0.011581	0.013363	0.021381	0.017372	0.009800	0.010245	0.027171	0.024944	0.017817	0.039198	
0.028062	0.024499	0.013808	0.016927	0.019599	0.016481	0.010690	0.017817	0.013363	0.013363	0.005791	0.009354	0.022717	0.014699	0.013363	0.018708	0.020045	0.018708	0.014254	0.022272	0.016036	0.013808	0.018708	0.019599	0.016927	0.017372	0.010690	0.015145	0.012472	0.009354	0.020045	0.017817	0.019154	0.014699	0.008463	0.014254	0.022717	0.016481	0.018708	0.013808	0.012027	0.013808	0.006682	0.008909	0.008018	0.008909	0.005791	0.015145	0.027171	0.010690	0.006236	0.022272	0.027171	0.014254	0.009800	0.015590	0.020935	0.013808	0.011136	0.014699	0.026281	0.016481	0.019599	0.042316	
0.034744	0.024944	0.013363	0.021381	0.020490	0.019599	0.013363	0.015145	0.010690	0.010690	0.012027	0.009354	0.023608	0.019154	0.009354	0.023608	0.020045	0.015590	0.025390	0.024499	0.016481	0.016481	0.014254	0.013808	0.015145	0.019599	0.009800	0.013363	0.008018	0.011136	0.028062	0.019599	0.019154	0.012027	0.013808	0.018263	0.015590	0.015145	0.012918	0.014699	0.008018	0.010690	0.009800	0.005791	0.008463	0.010690	0.011136	0.017817	0.028062	0.015590	0.005791	0.020045	0.015145	0.010690	0.008463	0.015145	0.021826	0.012027	0.009800	0.015145	0.025835	0.020490	0.013808	0.033853	
0.040535	0.027171	0.013808	0.020490	0.022717	0.014254	0.017817	0.013363	0.016481	0.019154	0.013808	0.008909	0.020935	0.020490	0.016036	0.026726	0.018708	0.017817	0.016036	0.015145	0.017817	0.012918	0.012027	0.019154	0.012472	0.015145	0.008909	0.012472	0.010245	0.012027	0.021826	0.014699	0.022717	0.011136	0.007127	0.014699	0.014699	0.014699	0.013363	0.010245	0.014699	0.010245	0.010245	0.006236	0.012472	0.010245	0.010690	0.010245	0.026726	0.012918	0.007127	0.019154	0.022717	0.011581	0.007127	0.020045	0.018708	0.018263	0.010245	0.015145	0.020490	0.022717	0.012472	0.039198	
0.038753	0.031180	0.015145	0.023608	0.022272	0.016481	0.018263	0.012027	0.012027	0.016481	0.006682	0.008909	0.017817	0.016481	0.013363	0.021826	0.020045	0.017817	0.019154	0.020935	0.016481	0.011581	0.013808	0.011581	0.008018	0.018263	0.012027	0.012027	0.008909	0.015590	0.020490	0.017817	0.022717	0.012027	0.012027	0.015590	0.022717	0.008463	0.016036	0.015590	0.012472	0.012918	0.009800	0.008018	0.012027	0.008018	0.008018	0.014699	0.031626	0.011136	0.006682	0.014699	0.022272	0.013363	0.012472	0.017372	0.025835	0.012472	0.012472	0.010245	0.027171	0.012918	0.012918	0.037862	
0.034744	0.026726	0.024053	0.027617	0.023163	0.019599	0.012918	0.016481	0.014254	0.011136	0.015590	0.012027	0.016927	0.016481	0.017372	0.024053	0.025390	0.014699	0.025835	0.017817	0.014254	0.007572	0.015145	0.012918	0.011581	0.020045	0.014254	0.014699	0.008463	0.013808	0.021381	0.012918	0.017817	0.010245	0.010690	0.019599	0.017372	0.009800	0.020935	0.012027	0.009800	0.012918	0.008909	0.009354	0.012027	0.008018	0.008018	0.011136	0.022717	0.014254	0.008909	0.020045	0.020935	0.009354	0.011136	0.011581	0.018263	0.011581	0.009800	0.015145	0.027617	0.013363	0.016481	0.034744	
0.036080	0.021381	0.022272	0.020935	0.022717	0.011136	0.018708	0.013363	0.025390	0.015145	0.021381	0.007572	0.026281	0.018708	0.018708	0.021381	0.020935	0.016927	0.024053	0.013808	0.017817	0.010245	0.008909	0.009354	0.019599	0.016927	0.014699	0.008909	0.011136	0.008909	0.021381	0.011581	0.015145	0.012027	0.012027	0.014699	0.013808	0.013808	0.013363	0.014699	0.016927	0.012472	0.009354	0.009800	0.012472	0.011581	0.010245	0.016927	0.027171	0.012472	0.007572	0.017817	0.022717	0.007127	0.008018	0.013808	0.026726	0.013808	0.014254	0.008463	0.026726	0.014699	0.014699	0.026726	
0.037862	0.019599	0.023608	0.018263	0.029399	0.009800	0.013808	0.009800	0.020045	0.016036	0.017372	0.012472	0.024053	0.015590	0.011136	0.016481	0.023608	0.016927	0.024053	0.012472	0.012472	0.010690	0.011136	0.008018	0.015590	0.012918	0.012918	0.007572	0.010690	0.008463	0.020490	0.011581	0.029399	0.015145	0.021826	0.022272	0.017372	0.012027	0.014699	0.014254	0.024944	0.012027	0.012472	0.010245	0.010245	0.007127	0.006682	0.010690	0.037416	0.012027	0.012918	0.014254	0.018708	0.010245	0.012918	0.012027	0.024499	0.013363	0.012027	0.015145	0.016927	0.017372	0.014699	0.027617	
0.041425	0.028062	0.036080	0.022717	0.026281	0.008018	0.017817	0.011581	0.024053	0.016481	0.032517	0.009354	0.021826	0.014254	0.016036	0.015145	0.021381	0.010690	0.035189	0.010690	0.010245	0.008909	0.011581	0.012027	0.010690	0.012472	0.019599	0.009800	0.009354	0.005345	0.023608	0.005791	0.024499	0.013363	0.029399	0.017817	0.014699	0.009354	0.017372	0.012918	0.024053	0.010690	0.011136	0.008909	0.012472	0.007572	0.012027	0.013363	0.032071	0.012027	0.006236	0.011581	0.021381	0.008909	0.008909	0.009354	0.022272	0.007572	0.014254	0.008909	0.018263	0.016481	0.010690	0.020935	
0.038753	0.017372	0.050334	0.012918	0.026726	0.010245	0.016481	0.010690	0.029399	0.009354	0.061024	0.007127	0.017817	0.012918	0.020490	0.011581	0.016481	0.010245	0.037862	0.008018	0.009800	0.008018	0.009800	0.007572	0.017372	0.008909	0.024053	0.005345	0.008018	0.007127	0.022717	0.008018	0.026726	0.006682	0.039644	0.008018	0.019154	0.004900	0.014699	0.008463	0.030735	0.010690	0.024053	0.012027	0.011581	0.004454	0.012472	0.008463	0.037862	0.009354	0.007127	0.007572	0.019599	0.006682	0.008463	0.008909	0.020935	0.007127	0.027171	0.007127	0.016927	0.014699	0.013363	0.010245	
0.027171	0.012918	0.068151	0.011581	0.013808	0.009800	0.014254	0.005791	0.025390	0.010690	0.087751	0.011136	0.009800	0.006236	0.009354	0.011136	0.019154	0.005345	0.043207	0.007572	0.005791	0.007127	0.009800	0.007127	0.014254	0.006236	0.026281	0.002673	0.004009	0.007572	0.016036	0.008018	0.021826	0.007127	0.055679	0.013808	0.012027	0.005791	0.013363	0.004900	0.081514	0.007127	0.031626	0.016036	0.004900	0.004009	0.013363	0.009354	0.034744	0.006236	0.006682	0.006682	0.017372	0.007127	0.006236	0.008463	0.028062	0.005791	0.027171	0.008018	0.010245	0.004900	0.009354	0.013808	
0.016927	0.008018	0.068151	0.009800	0.008909	0.004454	0.014699	0.003563	0.028062	0.012027	0.123831	0.009800	0.007127	0.009800	0.015590	0.007127	0.004454	0.005791	0.032962	0.005791	0.005345	0.006236	0.013808	0.004454	0.008909	0.003118	0.024944	0.006682	0.002227	0.004454	0.016481	0.003118	0.030290	0.008909	0.096214	0.013808	0.008463	0.003563	0.013363	0.004454	0.093541	0.012918	0.047661	0.018708	0.010245	0.004900	0.015145	0.007572	0.011581	0.003563	0.007572	0.006236	0.006682	0.003118	0.007572	0.005345	0.014254	0.006236	0.021826	0.005791	0.008909	0.006682	0.015590	0.011136	
0.016927	0.016927	0.019154	0.010245	0.007127	0.004900	0.006236	0.008018	0.048107	0.013363	0.122494	0.020935	0.009800	0.004900	0.008463	0.012472	0.004454	0.006682	0.010245	0.008018	0.006682	0.001782	0.005345	0.003563	0.014699	0.008463	0.021826	0.004454	0.002673	0.006236	0.005791	0.003118	0.030735	0.012918	0.084633	0.016481	0.008909	0.004900	0.012027	0.008463	0.128731	0.016036	0.053898	0.019599	0.010245	0.006682	0.014699	0.009354	0.015145	0.003563	0.002227	0.007572	0.010245	0.002673	0.005345	0.007572	0.024944	0.012472	0.019154	0.006236	0.007127	0.007127	0.006682	0.008018	
0.023608	0.008018	0.020490	0.015145	0.013808	0.006682	0.010245	0.009354	0.037416	0.021381	0.042762	0.014699	0.012472	0.010245	0.005791	0.013808	0.010690	0.006682	0.007572	0.008018	0.003118	0.001336	0.004009	0.005791	0.007572	0.009354	0.007127	0.004900	0.005791	0.005791	0.008909	0.007127	0.050334	0.014699	0.126058	0.025390	0.014254	0.012472	0.015145	0.008463	0.122049	0.020490	0.044989	0.029844	0.015590	0.007127	0.012918	0.015590	0.013363	0.005791	0.004454	0.006236	0.006682	0.006682	0.006236	0.005345	0.012027	0.007127	0.009354	0.007127	0.008463	0.004454	0.008018	0.012027	
0.037862	0.021826	0.014254	0.024053	0.012472	0.005791	0.006236	0.010690	0.050780	0.023608	0.052561	0.031626	0.016481	0.009354	0.011581	0.017372	0.014699	0.007127	0.008018	0.008018	0.009354	0.003118	0.007127	0.007572	0.008909	0.011136	0.008909	0.006682	0.004900	0.004009	0.011136	0.008909	0.053007	0.020490	0.082405	0.023163	0.019154	0.015590	0.013808	0.009800	0.025390	0.014699	0.027617	0.036526	0.014254	0.009800	0.016481	0.016036	0.019599	0.006236	0.005345	0.011136	0.007127	0.007127	0.004454	0.008909	0.012027	0.007572	0.008018	0.008018	0.016036	0.008463	0.008463	0.015590	
0.047661	0.025390	0.026281	0.025835	0.016927	0.010690	0.014699	0.013363	0.028508	0.028508	0.032517	0.020490	0.021826	0.014254	0.015590	0.014699	0.015145	0.012027	0.011136	0.009800	0.008463	0.008018	0.006236	0.008909	0.007127	0.010690	0.007127	0.006682	0.007127	0.007127	0.014254	0.008463	0.039644	0.017817	0.026726	0.012918	0.013808	0.018263	0.008463	0.016481	0.028508	0.024053	0.020935	0.023608	0.021826	0.012027	0.027617	0.021381	0.021826	0.012027	0.006236	0.011581	0.008463	0.005791	0.008018	0.009354	0.018708	0.010690	0.008909	0.009354	0.016927	0.008463	0.007572	0.024944	
0.042762	0.031626	0.023608	0.026281	0.022272	0.017372	0.014699	0.012918	0.025835	0.020490	0.012472	0.011581	0.020045	0.016927	0.004454	0.018708	0.009800	0.010690	0.014699	0.012472	0.007127	0.012027	0.012027	0.011581	0.008463	0.015590	0.009354	0.004009	0.009800	0.008018	0.021826	0.008463	0.028953	0.018263	0.017372	0.018263	0.025390	0.019599	0.017372	0.011581	0.023608	0.021381	0.013808	0.010690	0.016481	0.018263	0.012027	0.013363	0.031626	0.014699	0.006236	0.015145	0.014699	0.009354	0.011136	0.006682	0.021381	0.018263	0.013363	0.012027	0.024499	0.013808	0.010690	0.020490	
0.049889	0.022272	0.022717	0.018263	0.030735	0.015590	0.021826	0.007127	0.024944	0.012027	0.016481	0.008463	0.024944	0.012472	0.016481	0.018263	0.021826	0.010245	0.026281	0.011136	0.020045	0.009800	0.017817	0.010690	0.015590	0.018708	0.011136	0.009800	0.005345	0.008463	0.020935	0.008018	0.035189	0.013363	0.016036	0.014699	0.024499	0.016481	0.026281	0.008463	0.019599	0.011136	0.010690	0.007572	0.008909	0.007572	0.014699	0.007127	0.030735	0.011136	0.012918	0.016036	0.026281	0.008463	0.015590	0.006682	0.021826	0.007127	0.011136	0.008909	0.015145	0.009354	0.016481	0.020045	
0.039198	0.036080	0.025390	0.036971	0.015145	0.016036	0.010245	0.015590	0.015590	0.030290	0.014254	0.017817	0.011136	0.021826	0.008018	0.019154	0.017817	0.031180	0.024053	0.028508	0.008018	0.018263	0.010690	0.013363	0.012918	0.036971	0.011581	0.020045	0.005791	0.007572	0.010245	0.009354	0.023608	0.026281	0.013363	0.018708	0.012472	0.015145	0.008909	0.012472	0.008909	0.017817	0.011136	0.011581	0.008018	0.007572	0.004900	0.014254	0.016036	0.017372	0.005345	0.015590	0.010245	0.010245	0.004454	0.012918	0.017372	0.024499	0.005791	0.020935	0.008909	0.012918	0.010245	0.021381	
0.035635	0.024499	0.018263	0.018263	0.018263	0.035635	0.022717	0.034298	0.016481	0.022272	0.012027	0.017372	0.028062	0.038753	0.000891	0.032071	0.009800	0.013808	0.014699	0.007572	0.005791	0.020490	0.014699	0.018708	0.004009	0.016927	0.006682	0.006682	0.009354	0.010245	0.019154	0.015590	0.017817	0.011581	0.010690	0.014699	0.017817	0.034744	0.023163	0.033853	0.008018	0.017372	0.007127	0.010245	0.014699	0.016927	0.018263	0.020490	0.011581	0.008463	0.003563	0.010245	0.012918	0.014699	0.008018	0.014254	0.006682	0.013363	0.004900	0.008463	0.013808	0.012472	0.009800	0.028062	
0.066815	0.000445	0.006236	0.001336	0.051670	0.000445	0.005345	0.000891	0.041871	0.000445	0.003118	0.001782	0.044543	0.000445	0.004009	0.001782	0.048552	0.000445	0.003563	0.002227	0.093987	0.000445	0.009800	0.001336	0.063252	0.000445	0.003563	0.001336	0.095323	0.000445	0.003563	0.001782	0.028508	0.000445	0.004009	0.002227	0.061470	0.000445	0.006682	0.001336	0.025390	0.000445	0.003118	0.001782	0.037862	0.000445	0.003118	0.001336	0.059243	0.000445	0.004009	0.002227	0.069488	0.000445	0.005791	0.002673	0.045434	0.000445	0.001782	0.000445	0.087305	0.000445	0.005345	0.003118	
0.000445	0.000445	0.000445	0.201782	0.000445	0.000445	0.000445	0.000445	0.000445	0.000445	0.000445	0.016481	0.000445	0.000445	0.000445	0.006682	0.000445	0.000445	0.000445	0.275278	0.000445	0.000445	0.000445	0.000445	0.000445	0.000445	0.000445	0.026281	0.000445	0.000445	0.000445	0.004900	0.000445	0.000445	0.000445	0.174610	0.000445	0.000445	0.000445	0.000445	0.000445	0.000445	0.000445	0.010245	0.000445	0.000445	0.000445	0.004009	0.000445	0.000445	0.000445	0.263697	0.000445	0.000445	0.000445	0.000445	0.000445	0.000445	0.000445	0.014699	0.000445	0.000445	0.000445	0.006682	
0.000445	0.000445	0.000445	0.000445	0.000445	0.000445	0.000445	0.000445	0.000445	0.000445	0.000445	0.000445	0.000445	0.000445	0.914031	0.000445	0.000445	0.000445	0.000445	0.000445	0.000445	0.000445	0.000445	0.000445	0.000445	0.000445	0.000445	0.000445	0.000445	0.000445	0.000445	0.000445	0.000445	0.000445	0.000445	0.000445	0.000445	0.000445	0.000445	0.000445	0.000445	0.000445	0.000445	0.000445	0.000445	0.000445	0.066370	0.000445	0.000445	0.000445	0.000445	0.000445	0.000445	0.000445	0.000445	0.000445	0.000445	0.000445	0.000445	0.000445	0.000445	0.000445	0.020935	0.000445	
0.000445	0.000445	0.000445	0.000445	0.000445	0.000445	0.000445	0.000445	0.000445	0.000445	0.000445	0.000445	0.000445	0.000445	0.000445	0.000445	0.000445	0.000445	0.000445	0.000445	0.000445	0.000445	0.000445	0.000445	0.000445	0.000445	0.000445	0.000445	0.000445	0.000445	0.000445	0.000445	0.000445	0.000445	0.000445	0.000445	0.000445	0.000445	0.000445	0.000445	0.000445	0.000445	0.000445	0.000445	0.000445	0.000445	0.000445	0.000445	0.000445	0.000445	0.000445	0.000445	0.000445	0.000445	0.000445	0.000445	0.458352	0.175501	0.229844	0.138085	0.000445	0.000445	0.000445	0.000445	
0.000445	0.000445	0.000445	0.000445	0.000445	0.000445	0.000445	0.000445	0.000445	0.000445	0.000445	0.000445	0.000445	0.000445	0.000445	0.000445	0.000445	0.000445	0.000445	0.000445	0.000445	0.000445	0.000445	0.000445	0.000445	0.000445	0.000445	0.000445	0.000445	0.000445	0.000445	0.000445	0.193318	0.092205	0.087305	0.086860	0.055234	0.035635	0.040535	0.045434	0.077951	0.098441	0.027171	0.027617	0.012472	0.068151	0.005791	0.053007	0.000445	0.000445	0.000445	0.000445	0.000445	0.000445	0.000445	0.000445	0.000445	0.000445	0.000445	0.000445	0.000445	0.000445	0.000445	0.000445	
0.091314	0.030735	0.024944	0.047661	0.021381	0.033408	0.020935	0.017817	0.005791	0.044989	0.001336	0.036526	0.004454	0.018263	0.040089	0.025390	0.020490	0.007127	0.019599	0.009354	0.010690	0.004009	0.010245	0.012027	0.004900	0.015145	0.004454	0.017372	0.005791	0.008463	0.023608	0.008909	0.029844	0.011581	0.015590	0.022272	0.029844	0.019154	0.025835	0.024944	0.004009	0.009354	0.006682	0.008463	0.007572	0.004454	0.008463	0.008463	0.000445	0.004454	0.000445	0.008463	0.016036	0.018263	0.012472	0.022717	0.000445	0.002227	0.002673	0.001782	0.013363	0.011581	0.010690	0.018708	
0.064143	0.029399	0.027171	0.021381	0.020935	0.008018	0.015590	0.009354	0.021381	0.016927	0.010690	0.011581	0.043653	0.017817	0.013363	0.012918	0.025835	0.020490	0.019154	0.012472	0.025835	0.012027	0.028953	0.008018	0.022717	0.020045	0.014699	0.012027	0.028062	0.010245	0.028508	0.010690	0.004900	0.002673	0.003563	0.004009	0.024499	0.013363	0.024053	0.009800	0.006236	0.004454	0.002227	0.002227	0.027171	0.011581	0.014699	0.010690	0.011136	0.008463	0.006682	0.004900	0.013363	0.008463	0.016036	0.004900	0.038307	0.014254	0.020490	0.009800	0.023608	0.008018	0.020935	0.008909	
0.053452	0.021826	0.009800	0.020935	0.021826	0.010690	0.012027	0.016481	0.022717	0.016927	0.008909	0.008018	0.007127	0.010245	0.004454	0.020935	0.024499	0.020490	0.018263	0.021381	0.016481	0.006236	0.010245	0.008909	0.032962	0.023163	0.009354	0.019154	0.008463	0.008463	0.005345	0.009800	0.032071	0.021826	0.010245	0.024499	0.023608	0.005791	0.008909	0.017372	0.016036	0.012027	0.006682	0.013363	0.005791	0.010245	0.004454	0.015145	0.060134	0.021381	0.005345	0.035635	0.020490	0.006682	0.006236	0.014254	0.041425	0.015145	0.008018	0.012918	0.010690	0.011581	0.002673	0.018263	
0.076169	0.033853	0.033408	0.026726	0.018263	0.024499	0.019599	0.023163	0.010690	0.016036	0.003563	0.013363	0.009354	0.028062	0.021381	0.043653	0.026726	0.010245	0.030290	0.015145	0.006682	0.006236	0.008909	0.007572	0.006682	0.012027	0.003118	0.015590	0.004009	0.011136	0.031180	0.010690	0.038753	0.020935	0.016481	0.036971	0.021381	0.015590	0.019154	0.011136	0.009354	0.008909	0.005345	0.009354	0.010690	0.009354	0.014254	0.019154	0.000445	0.010245	0.000445	0.020935	0.011136	0.008909	0.007572	0.012918	0.000445	0.003563	0.011581	0.001336	0.021826	0.012472	0.009354	0.020490	
0.048107	0.044543	0.028062	0.021381	0.025835	0.021381	0.021381	0.006682	0.024499	0.020490	0.020935	0.014699	0.036526	0.024944	0.018263	0.020045	0.014699	0.015590	0.014699	0.012472	0.013363	0.013363	0.017372	0.011136	0.017372	0.017372	0.009800	0.010690	0.013808	0.011581	0.016927	0.012472	0.009354	0.008909	0.004009	0.004900	0.013363	0.007127	0.011581	0.008463	0.008018	0.006682	0.004454	0.004454	0.016036	0.007127	0.006682	0.009800	0.013808	0.013363	0.010245	0.008463	0.024053	0.011136	0.017372	0.008463	0.031180	0.014254	0.018708	0.012027	0.028953	0.015590	0.024944	0.024499	
0.033408	0.021826	0.005345	0.025390	0.024944	0.015590	0.018708	0.023163	0.015590	0.016481	0.009800	0.015145	0.005791	0.010690	0.004454	0.026281	0.022717	0.020490	0.014254	0.019154	0.009354	0.011136	0.016927	0.015590	0.019154	0.017372	0.009800	0.021381	0.008018	0.007127	0.006236	0.013363	0.032071	0.016036	0.008463	0.024499	0.019599	0.009800	0.010245	0.019154	0.017372	0.016036	0.005791	0.014699	0.005791	0.009354	0.003118	0.023608	0.036080	0.020045	0.009354	0.029844	0.018263	0.014254	0.010690	0.016036	0.028508	0.015145	0.011581	0.011581	0.013363	0.014254	0.003118	0.036080	
0.057906	0.022717	0.020490	0.023163	0.019154	0.030735	0.013808	0.014699	0.008909	0.015145	0.004454	0.008909	0.009800	0.033408	0.015145	0.040535	0.024053	0.008018	0.024944	0.015145	0.014699	0.009800	0.015590	0.010690	0.008463	0.017817	0.005791	0.024499	0.004454	0.016927	0.037862	0.014699	0.032962	0.012472	0.012472	0.022717	0.016927	0.013808	0.018708	0.015590	0.008463	0.015145	0.002673	0.010690	0.014699	0.017372	0.013363	0.017372	0.000445	0.012027	0.000445	0.020045	0.016036	0.008909	0.005345	0.011136	0.000445	0.003563	0.012027	0.000891	0.033853	0.016481	0.017817	0.031180	
0.044098	0.028062	0.023608	0.019599	0.016927	0.012918	0.018708	0.006682	0.020045	0.016481	0.013808	0.008018	0.026281	0.022272	0.016927	0.015590	0.023163	0.018263	0.014254	0.011136	0.019599	0.017817	0.016927	0.008909	0.011581	0.017372	0.013808	0.010690	0.012472	0.011581	0.016481	0.011581	0.008018	0.006236	0.006236	0.005791	0.019154	0.008018	0.017372	0.007127	0.006682	0.008909	0.006682	0.002673	0.011581	0.013808	0.008463	0.011136	0.023163	0.016927	0.012027	0.010690	0.029399	0.010245	0.031626	0.012918	0.027171	0.021826	0.019154	0.016036	0.033853	0.016927	0.029844	0.023163	
0.035189	0.026726	0.007127	0.029399	0.024499	0.013363	0.012027	0.019599	0.023163	0.011136	0.009354	0.012472	0.006682	0.010245	0.006236	0.024053	0.023163	0.024944	0.012027	0.024944	0.009800	0.008909	0.013363	0.016927	0.021381	0.030290	0.010690	0.022272	0.006236	0.007572	0.007127	0.014699	0.020490	0.015590	0.006682	0.022717	0.018708	0.012027	0.008463	0.025390	0.015145	0.016036	0.005791	0.016481	0.004900	0.007572	0.002227	0.022717	0.028953	0.017372	0.006236	0.031626	0.019599	0.009800	0.009800	0.025390	0.028508	0.022717	0.008909	0.011581	0.011136	0.016927	0.004009	0.029399	
0.052561	0.022717	0.012027	0.020490	0.013363	0.036526	0.020045	0.014699	0.006682	0.013808	0.001782	0.009800	0.010245	0.031180	0.020045	0.047216	0.027171	0.012918	0.020045	0.012472	0.008018	0.008909	0.016036	0.011136	0.007572	0.017372	0.003118	0.015590	0.006682	0.016481	0.047661	0.016481	0.034298	0.018708	0.010245	0.024944	0.018708	0.026281	0.016481	0.018708	0.007572	0.012027	0.004454	0.010690	0.008909	0.018708	0.014254	0.020935	0.000445	0.010690	0.000445	0.017372	0.008909	0.012027	0.009354	0.012027	0.000445	0.004009	0.011136	0.004009	0.029399	0.014254	0.011581	0.035635	
0.034744	0.035635	0.027617	0.016481	0.016927	0.018708	0.015145	0.014254	0.012027	0.012027	0.011581	0.007127	0.024499	0.016481	0.020045	0.014254	0.014699	0.015145	0.011136	0.008018	0.019154	0.027171	0.025835	0.011581	0.012918	0.024499	0.014254	0.010245	0.007572	0.018263	0.018263	0.012472	0.008018	0.006236	0.004900	0.003118	0.010245	0.010690	0.018263	0.008018	0.004900	0.008018	0.004900	0.002673	0.014254	0.009800	0.008909	0.007127	0.020490	0.013363	0.011136	0.010245	0.025835	0.015145	0.024944	0.014699	0.032071	0.023163	0.021826	0.016481	0.040535	0.025835	0.030290	0.023608	
0.026726	0.022717	0.005791	0.022717	0.019599	0.014254	0.012918	0.023608	0.012472	0.017372	0.010245	0.014699	0.004454	0.010245	0.002673	0.020490	0.020045	0.019154	0.014254	0.018708	0.015590	0.014699	0.014699	0.026726	0.021826	0.027617	0.012472	0.022272	0.008463	0.009800	0.009800	0.020490	0.019599	0.014254	0.005791	0.022272	0.016927	0.009800	0.011136	0.029844	0.016481	0.015145	0.006682	0.014254	0.003563	0.006236	0.004900	0.021826	0.030735	0.014699	0.004009	0.037416	0.022272	0.012472	0.008463	0.027171	0.025835	0.020045	0.012027	0.019599	0.008463	0.012918	0.004009	0.032071	
0.044989	0.017372	0.016481	0.018263	0.009800	0.030735	0.014254	0.016036	0.005345	0.014254	0.002227	0.008018	0.008909	0.031180	0.016927	0.044098	0.017372	0.017372	0.025835	0.013808	0.007572	0.017372	0.018263	0.008018	0.006236	0.020935	0.004900	0.015145	0.006236	0.017372	0.062361	0.021381	0.024053	0.021381	0.012027	0.019154	0.019599	0.024053	0.021826	0.014699	0.009354	0.012918	0.007572	0.011581	0.016481	0.018708	0.015590	0.020045	0.000445	0.008909	0.000445	0.015145	0.005791	0.013363	0.012472	0.007572	0.000445	0.003118	0.013363	0.004454	0.033853	0.016481	0.013808	0.030735	
0.021381	0.028508	0.023608	0.013363	0.020045	0.016481	0.016036	0.012472	0.012918	0.020045	0.015145	0.006682	0.019599	0.020490	0.017372	0.008909	0.013808	0.011136	0.011581	0.006236	0.020045	0.015590	0.032071	0.017817	0.011581	0.025835	0.017817	0.011581	0.009800	0.012027	0.016927	0.007572	0.003563	0.008463	0.006236	0.003118	0.012027	0.011136	0.019599	0.008463	0.006236	0.010245	0.007127	0.004454	0.015590	0.007127	0.007127	0.009354	0.016481	0.019599	0.018263	0.011136	0.024053	0.013808	0.032071	0.013808	0.034298	0.028508	0.037416	0.008463	0.028062	0.029844	0.037416	0.020935	
0.015145	0.013808	0.006682	0.019599	0.020490	0.012027	0.016927	0.018263	0.019599	0.018263	0.007572	0.014254	0.006682	0.006236	0.002227	0.018708	0.018263	0.017817	0.017372	0.022717	0.015145	0.012027	0.013363	0.016481	0.025835	0.027617	0.017372	0.028953	0.006682	0.009800	0.015590	0.020490	0.016481	0.011581	0.006236	0.030735	0.018263	0.013363	0.019599	0.033408	0.017817	0.026281	0.010245	0.023163	0.004009	0.006236	0.003118	0.017817	0.018708	0.020490	0.005345	0.028508	0.017817	0.011581	0.014699	0.025390	0.024499	0.024053	0.010690	0.019599	0.007572	0.011581	0.004900	0.022717	
0.030290	0.014254	0.008463	0.015590	0.010245	0.030290	0.014699	0.008463	0.002673	0.019599	0.004009	0.009354	0.010690	0.032517	0.020045	0.038307	0.017817	0.013808	0.025390	0.014699	0.012918	0.009800	0.018708	0.007572	0.006236	0.032962	0.004900	0.020490	0.003563	0.019599	0.056125	0.014254	0.031180	0.014254	0.015145	0.027171	0.016927	0.032962	0.026281	0.020045	0.006682	0.015590	0.008909	0.014699	0.017372	0.021826	0.025835	0.020935	0.000445	0.009354	0.000445	0.014699	0.007572	0.013808	0.007572	0.004900	0.000445	0.006236	0.014699	0.004454	0.024053	0.016927	0.011581	0.027171	
0.026726	0.022272	0.020490	0.010245	0.013808	0.014254	0.016036	0.007572	0.009800	0.015590	0.017817	0.006236	0.019154	0.022717	0.017817	0.012472	0.011581	0.013363	0.013363	0.009354	0.020935	0.024499	0.029844	0.011581	0.013808	0.025835	0.016927	0.010690	0.004454	0.010245	0.015590	0.010690	0.005791	0.006236	0.002227	0.001782	0.015145	0.019599	0.030735	0.008909	0.007572	0.010245	0.006682	0.008018	0.014699	0.010245	0.012918	0.011136	0.019599	0.014699	0.011136	0.010245	0.027171	0.010245	0.037416	0.016036	0.035635	0.028508	0.034298	0.015145	0.028953	0.020490	0.030735	0.020490	
0.024053	0.015590	0.004900	0.019154	0.016927	0.007572	0.010245	0.021826	0.013808	0.013808	0.009354	0.010245	0.004009	0.005791	0.005345	0.016481	0.024944	0.016036	0.016036	0.020045	0.017817	0.009354	0.015145	0.026281	0.034744	0.033853	0.020935	0.024499	0.008018	0.008909	0.013363	0.013808	0.020045	0.016036	0.006236	0.024499	0.024053	0.009354	0.014254	0.032517	0.016927	0.028508	0.009354	0.020935	0.003118	0.007127	0.004900	0.024944	0.021381	0.017372	0.004900	0.023608	0.012027	0.009800	0.016927	0.024944	0.033408	0.020045	0.010245	0.013363	0.008463	0.014699	0.003563	0.028062	
0.042762	0.019599	0.009800	0.018263	0.007572	0.028953	0.018263	0.010245	0.002227	0.020045	0.002227	0.007572	0.006236	0.030735	0.016927	0.033408	0.016036	0.009800	0.025835	0.019154	0.005345	0.008909	0.014699	0.007127	0.005345	0.031180	0.006236	0.013808	0.005345	0.016481	0.066815	0.016927	0.028508	0.022717	0.018708	0.028953	0.018263	0.033853	0.028062	0.016036	0.007127	0.022272	0.008909	0.011581	0.012472	0.018708	0.016927	0.020935	0.000445	0.011581	0.000445	0.011136	0.008018	0.014699	0.008463	0.005345	0.000445	0.006236	0.016481	0.004009	0.025835	0.009354	0.018263	0.029844	
0.022717	0.024944	0.029399	0.010690	0.017372	0.014699	0.021826	0.009800	0.012472	0.019154	0.014699	0.008463	0.021826	0.022717	0.017817	0.015145	0.007127	0.007572	0.016481	0.008018	0.021826	0.020490	0.032962	0.011136	0.010690	0.034744	0.015145	0.008909	0.005791	0.007572	0.016481	0.008909	0.004454	0.004454	0.002227	0.004009	0.018708	0.020490	0.025835	0.014699	0.007572	0.012918	0.010245	0.003118	0.007572	0.013363	0.009354	0.006682	0.014699	0.014699	0.012918	0.007572	0.020490	0.010245	0.033408	0.011136	0.033853	0.030735	0.038753	0.015590	0.024499	0.018708	0.039198	0.018708	
0.016036	0.013363	0.006236	0.013363	0.013363	0.008463	0.010245	0.019599	0.019599	0.018263	0.012472	0.010690	0.002673	0.008018	0.004454	0.015145	0.022272	0.016036	0.013808	0.026281	0.016927	0.012918	0.014254	0.021826	0.025835	0.037862	0.028953	0.021381	0.007127	0.009800	0.016036	0.013808	0.018708	0.013808	0.006236	0.025835	0.020045	0.013808	0.020490	0.043207	0.017817	0.022272	0.015145	0.023608	0.004900	0.005791	0.008018	0.017372	0.020045	0.014699	0.003118	0.021826	0.017372	0.014254	0.008463	0.022272	0.030290	0.023163	0.012472	0.016927	0.006682	0.012472	0.004454	0.025835	
0.031626	0.016927	0.011136	0.017372	0.006682	0.030290	0.015590	0.005345	0.003563	0.016927	0.001782	0.007127	0.006682	0.031180	0.018263	0.031180	0.014254	0.011581	0.031180	0.010690	0.008909	0.012027	0.021381	0.007127	0.004900	0.025835	0.007127	0.015590	0.008018	0.012918	0.073942	0.012027	0.029844	0.021826	0.017817	0.024053	0.016481	0.038307	0.032517	0.014254	0.008463	0.035189	0.012918	0.012472	0.012027	0.024944	0.020045	0.015590	0.000445	0.012472	0.000445	0.008018	0.006236	0.012027	0.009800	0.008018	0.000445	0.009800	0.016927	0.005791	0.019154	0.013363	0.012027	0.027617	
0.029844	0.018708	0.019154	0.008463	0.013808	0.015590	0.023163	0.010245	0.016927	0.016927	0.018708	0.008018	0.015145	0.018708	0.017817	0.008463	0.011136	0.011136	0.010690	0.005345	0.019154	0.020935	0.037862	0.014699	0.016036	0.033853	0.023163	0.006236	0.007572	0.007127	0.015590	0.004454	0.005345	0.005791	0.003118	0.003118	0.019154	0.024499	0.031626	0.012472	0.011136	0.013363	0.008463	0.005791	0.013808	0.009354	0.010690	0.007127	0.014254	0.012918	0.009800	0.008909	0.019154	0.015145	0.036971	0.011136	0.024944	0.036080	0.051670	0.011581	0.020935	0.013808	0.033853	0.017817	
0.018708	0.016927	0.006682	0.018263	0.012918	0.008909	0.009800	0.016927	0.013363	0.014254	0.009354	0.005791	0.003118	0.004900	0.004900	0.012918	0.022272	0.010690	0.015145	0.023163	0.012918	0.017817	0.017817	0.027617	0.026281	0.041871	0.036526	0.024944	0.011581	0.011136	0.012918	0.012918	0.020490	0.019154	0.006682	0.022717	0.019599	0.011136	0.021826	0.047661	0.020490	0.035189	0.016927	0.029399	0.007127	0.004454	0.004454	0.015590	0.018263	0.016481	0.004900	0.017817	0.011581	0.010245	0.010690	0.016481	0.024499	0.026726	0.013808	0.012918	0.004009	0.008909	0.004009	0.020935	
0.027171	0.022272	0.012918	0.017372	0.007572	0.030290	0.018263	0.007127	0.004454	0.015590	0.002673	0.010690	0.005345	0.031180	0.014254	0.031180	0.011136	0.007572	0.025835	0.012472	0.005345	0.009800	0.026281	0.006682	0.004009	0.032962	0.007127	0.016036	0.005791	0.015590	0.062361	0.024944	0.028953	0.016036	0.012472	0.027171	0.016927	0.042762	0.040535	0.017817	0.005791	0.040980	0.009800	0.020045	0.012472	0.024499	0.019599	0.016481	0.000445	0.010690	0.000445	0.014254	0.007127	0.008018	0.010690	0.003563	0.000445	0.006236	0.016481	0.003118	0.018708	0.010690	0.011136	0.021826	
0.020490	0.017817	0.021826	0.007572	0.011136	0.013808	0.017372	0.014254	0.009800	0.014254	0.018263	0.009354	0.016036	0.020045	0.024053	0.011136	0.008463	0.009800	0.010245	0.008463	0.016036	0.020935	0.041871	0.012027	0.016036	0.039198	0.029844	0.010690	0.007127	0.008909	0.011136	0.008018	0.003118	0.004009	0.003563	0.004009	0.019154	0.023608	0.042762	0.010245	0.007572	0.015590	0.009354	0.003563	0.009354	0.011136	0.016481	0.012918	0.010690	0.010690	0.013363	0.007572	0.024944	0.010690	0.029844	0.016481	0.032071	0.031180	0.031626	0.012472	0.023163	0.015145	0.036080	0.020045	
0.019154	0.008463	0.003118	0.012027	0.008463	0.006236	0.011581	0.016036	0.016481	0.010690	0.009354	0.012472	0.005345	0.003563	0.005345	0.013363	0.018263	0.016927	0.013808	0.022272	0.020045	0.012027	0.017372	0.019599	0.032962	0.040535	0.032962	0.025390	0.013363	0.007572	0.016927	0.015145	0.017372	0.012472	0.007127	0.028508	0.020490	0.017372	0.016036	0.046325	0.016927	0.028508	0.014699	0.028953	0.003563	0.006236	0.008018	0.018263	0.017817	0.012472	0.003563	0.021826	0.013808	0.011581	0.010690	0.019154	0.028953	0.023608	0.021381	0.013808	0.005345	0.014699	0.004900	0.027171	
0.027171	0.017817	0.013808	0.013808	0.003563	0.026726	0.014254	0.005791	0.003118	0.016927	0.001336	0.006236	0.007572	0.033408	0.016927	0.026726	0.012027	0.013808	0.028953	0.008018	0.006236	0.008909	0.025390	0.006682	0.005345	0.028953	0.006682	0.014699	0.005791	0.018263	0.059688	0.017372	0.028508	0.026281	0.016036	0.024499	0.013808	0.040089	0.036080	0.013363	0.010690	0.036971	0.014699	0.016036	0.012027	0.025390	0.028953	0.014254	0.000445	0.010245	0.000445	0.016481	0.007127	0.011136	0.008018	0.005791	0.000445	0.011581	0.018708	0.004454	0.013808	0.018708	0.012918	0.028508	
