>NC_003062
0.018235	0.016047	0.017505	0.016047	0.008023	0.012400	0.014588	0.008753	0.010941	0.014588	0.010212	0.009482	0.015317	0.018964	0.020423	0.016776	0.018964	0.009482	0.013858	0.016047	0.010212	0.012400	0.024070	0.019694	0.022611	0.042305	0.035740	0.013858	0.005106	0.015317	0.018235	0.015317	0.024799	0.021152	0.012400	0.012400	0.026988	0.027717	0.024799	0.015317	0.014588	0.029905	0.011670	0.013129	0.004376	0.017505	0.011670	0.010941	0.012400	0.008023	0.007294	0.013858	0.014588	0.024070	0.018964	0.013129	0.010212	0.020423	0.011670	0.010941	0.015317	0.018235	0.015317	0.031364	
0.021882	0.013858	0.019694	0.018964	0.018235	0.018235	0.013129	0.005106	0.010212	0.017505	0.016776	0.006565	0.008023	0.019694	0.013858	0.016776	0.018235	0.009482	0.013858	0.018235	0.010941	0.020423	0.031364	0.013858	0.016047	0.025529	0.026988	0.013858	0.006565	0.011670	0.020423	0.018235	0.024799	0.013858	0.008023	0.011670	0.020423	0.041575	0.035011	0.010212	0.011670	0.029905	0.017505	0.010212	0.005106	0.010941	0.015317	0.016047	0.015317	0.007294	0.006565	0.010941	0.013858	0.021882	0.022611	0.011670	0.018235	0.018964	0.016047	0.012400	0.010941	0.022611	0.020423	0.020423	
0.031364	0.021152	0.013129	0.014588	0.010941	0.013129	0.012400	0.008023	0.010941	0.015317	0.015317	0.006565	0.014588	0.016776	0.016776	0.011670	0.024070	0.011670	0.016047	0.011670	0.025529	0.021882	0.028446	0.026258	0.017505	0.039387	0.033552	0.011670	0.005106	0.013129	0.011670	0.010941	0.015317	0.016776	0.011670	0.012400	0.016776	0.027717	0.027717	0.019694	0.016776	0.025529	0.019694	0.015317	0.006565	0.015317	0.007294	0.013858	0.008753	0.007294	0.003647	0.010941	0.016047	0.013858	0.016776	0.018235	0.020423	0.022611	0.016047	0.010941	0.009482	0.026258	0.014588	0.021152	
0.026988	0.018235	0.018235	0.016047	0.018964	0.014588	0.016047	0.007294	0.007294	0.016047	0.014588	0.006565	0.009482	0.016047	0.010941	0.013129	0.016776	0.013129	0.017505	0.021882	0.016047	0.014588	0.027717	0.018235	0.020423	0.029176	0.023341	0.012400	0.010212	0.021152	0.018235	0.022611	0.018235	0.010212	0.010212	0.026988	0.025529	0.026988	0.030635	0.019694	0.017505	0.035740	0.016047	0.015317	0.005835	0.009482	0.016047	0.013129	0.013129	0.006565	0.005835	0.010212	0.013858	0.019694	0.020423	0.017505	0.016047	0.009482	0.010212	0.014588	0.007294	0.018235	0.013129	0.018964	
0.018235	0.020423	0.021882	0.014588	0.010941	0.016047	0.013858	0.007294	0.018964	0.014588	0.013129	0.005106	0.009482	0.029176	0.021152	0.015317	0.027717	0.010212	0.019694	0.016776	0.014588	0.015317	0.028446	0.017505	0.018964	0.029905	0.032823	0.013129	0.005835	0.015317	0.021882	0.019694	0.028446	0.008023	0.010941	0.013858	0.019694	0.024799	0.032823	0.013129	0.012400	0.032823	0.010212	0.008753	0.005106	0.018964	0.014588	0.010212	0.010941	0.006565	0.005835	0.009482	0.016047	0.028446	0.010941	0.009482	0.018235	0.013129	0.013858	0.013129	0.006565	0.022611	0.016776	0.021882	
0.016047	0.024799	0.017505	0.026988	0.013129	0.010212	0.015317	0.006565	0.018964	0.018964	0.015317	0.005106	0.008753	0.016776	0.016776	0.012400	0.020423	0.010212	0.015317	0.015317	0.021152	0.018964	0.024799	0.019694	0.028446	0.026258	0.018235	0.013129	0.007294	0.013858	0.013858	0.012400	0.026988	0.012400	0.010941	0.018235	0.020423	0.027717	0.028446	0.013858	0.018964	0.021152	0.017505	0.012400	0.007294	0.015317	0.009482	0.008023	0.010212	0.006565	0.002188	0.008023	0.022611	0.019694	0.029905	0.013858	0.024799	0.026258	0.013858	0.009482	0.007294	0.023341	0.020423	0.016047	
0.031364	0.015317	0.010941	0.016047	0.015317	0.016047	0.016047	0.006565	0.014588	0.016047	0.008753	0.006565	0.013129	0.021882	0.011670	0.021882	0.025529	0.015317	0.013129	0.023341	0.017505	0.020423	0.024799	0.013858	0.021152	0.024070	0.030635	0.022611	0.002918	0.015317	0.020423	0.015317	0.031364	0.021152	0.015317	0.023341	0.029905	0.018235	0.028446	0.016047	0.016047	0.026258	0.010941	0.011670	0.008023	0.010941	0.008023	0.013129	0.011670	0.004376	0.002918	0.011670	0.021882	0.019694	0.014588	0.013129	0.017505	0.014588	0.018964	0.009482	0.006565	0.013129	0.010212	0.018964	
0.033552	0.023341	0.025529	0.017505	0.016776	0.016047	0.015317	0.008023	0.010212	0.017505	0.011670	0.002918	0.009482	0.023341	0.019694	0.021882	0.026258	0.018235	0.021152	0.018964	0.018964	0.017505	0.026988	0.010941	0.019694	0.026258	0.023341	0.014588	0.006565	0.015317	0.016047	0.011670	0.026258	0.013858	0.010941	0.018235	0.018964	0.021152	0.029905	0.010941	0.018964	0.026988	0.011670	0.011670	0.005106	0.019694	0.008753	0.016776	0.008753	0.005835	0.002918	0.013129	0.016047	0.015317	0.017505	0.012400	0.015317	0.014588	0.013858	0.006565	0.011670	0.019694	0.017505	0.020423	
0.032823	0.020423	0.023341	0.018235	0.016047	0.013858	0.020423	0.010941	0.021882	0.017505	0.018235	0.002918	0.012400	0.018964	0.013858	0.022611	0.021882	0.010941	0.019694	0.018235	0.016047	0.018235	0.024799	0.010941	0.016047	0.021152	0.035011	0.017505	0.006565	0.013858	0.013129	0.008753	0.018964	0.013858	0.010941	0.020423	0.023341	0.023341	0.018964	0.019694	0.018235	0.022611	0.008753	0.010941	0.005106	0.008753	0.008753	0.013129	0.010212	0.008023	0.005835	0.008753	0.016047	0.021152	0.021152	0.019694	0.021152	0.013858	0.017505	0.009482	0.010212	0.021152	0.013858	0.025529	
0.029176	0.018235	0.013129	0.023341	0.012400	0.015317	0.016776	0.008753	0.018235	0.023341	0.013858	0.004376	0.014588	0.021152	0.015317	0.014588	0.026988	0.008023	0.020423	0.016047	0.018235	0.013129	0.028446	0.016776	0.024799	0.023341	0.021152	0.016047	0.009482	0.011670	0.020423	0.019694	0.025529	0.020423	0.007294	0.024070	0.019694	0.016047	0.025529	0.013858	0.019694	0.028446	0.013858	0.017505	0.005835	0.011670	0.008753	0.014588	0.008753	0.007294	0.005106	0.013129	0.013129	0.021152	0.016047	0.012400	0.016776	0.010941	0.010212	0.011670	0.005106	0.021882	0.015317	0.027717	
0.034282	0.016047	0.022611	0.017505	0.017505	0.009482	0.016047	0.010941	0.014588	0.014588	0.010941	0.005835	0.016776	0.018235	0.026988	0.014588	0.020423	0.011670	0.020423	0.010941	0.017505	0.009482	0.024799	0.013858	0.023341	0.024070	0.027717	0.011670	0.009482	0.007294	0.019694	0.015317	0.031364	0.019694	0.010212	0.018235	0.023341	0.024070	0.026258	0.012400	0.016047	0.026258	0.009482	0.007294	0.010941	0.012400	0.013129	0.013129	0.010212	0.006565	0.000729	0.017505	0.015317	0.013129	0.019694	0.018235	0.017505	0.013858	0.018964	0.009482	0.007294	0.021882	0.018235	0.029176	
0.031364	0.024070	0.021152	0.019694	0.024070	0.010941	0.011670	0.007294	0.018964	0.014588	0.012400	0.008023	0.013858	0.016776	0.015317	0.018235	0.026988	0.010941	0.020423	0.015317	0.013858	0.015317	0.019694	0.007294	0.025529	0.018235	0.029905	0.013129	0.004376	0.016047	0.018964	0.016047	0.027717	0.017505	0.011670	0.014588	0.026258	0.020423	0.020423	0.011670	0.019694	0.025529	0.015317	0.006565	0.005106	0.009482	0.008753	0.010941	0.019694	0.010212	0.005106	0.009482	0.019694	0.010212	0.013858	0.016047	0.035740	0.016776	0.016047	0.009482	0.010212	0.023341	0.017505	0.021152	
0.040117	0.021882	0.025529	0.018235	0.018964	0.015317	0.019694	0.008753	0.023341	0.011670	0.017505	0.005835	0.012400	0.009482	0.018964	0.018235	0.027717	0.013858	0.023341	0.018964	0.013129	0.012400	0.022611	0.008753	0.017505	0.021152	0.019694	0.007294	0.004376	0.004376	0.018964	0.014588	0.034282	0.019694	0.016776	0.029176	0.018235	0.018235	0.022611	0.016047	0.023341	0.024799	0.013858	0.011670	0.007294	0.008753	0.008023	0.013129	0.010212	0.004376	0.010941	0.008023	0.010212	0.017505	0.018235	0.019694	0.022611	0.018964	0.012400	0.006565	0.009482	0.019694	0.016047	0.021152	
0.045222	0.020423	0.029176	0.017505	0.020423	0.010212	0.018235	0.010941	0.026988	0.018235	0.022611	0.008753	0.018235	0.018235	0.020423	0.017505	0.021152	0.006565	0.018964	0.013858	0.018964	0.011670	0.019694	0.013129	0.018235	0.019694	0.032823	0.012400	0.005835	0.011670	0.017505	0.018235	0.027717	0.017505	0.018235	0.023341	0.026258	0.018235	0.021152	0.010941	0.015317	0.018964	0.016776	0.012400	0.007294	0.006565	0.006565	0.010941	0.010212	0.008023	0.008753	0.006565	0.010212	0.013858	0.011670	0.006565	0.021152	0.018235	0.009482	0.013129	0.010212	0.018235	0.021152	0.017505	
0.043034	0.018235	0.029905	0.013129	0.016776	0.007294	0.021152	0.007294	0.018235	0.018964	0.029176	0.008753	0.011670	0.013858	0.019694	0.016047	0.027717	0.013858	0.022611	0.011670	0.017505	0.008023	0.017505	0.010941	0.016047	0.015317	0.029905	0.009482	0.006565	0.006565	0.013129	0.015317	0.027717	0.015317	0.021882	0.016776	0.021152	0.021882	0.023341	0.008753	0.028446	0.022611	0.020423	0.010212	0.010941	0.012400	0.013129	0.010212	0.012400	0.006565	0.007294	0.015317	0.018964	0.013129	0.011670	0.010941	0.021882	0.013129	0.019694	0.010941	0.008753	0.015317	0.013129	0.026988	
0.041575	0.021152	0.029905	0.018235	0.016047	0.010941	0.023341	0.003647	0.027717	0.010941	0.037199	0.005835	0.016047	0.013858	0.014588	0.012400	0.024799	0.013858	0.020423	0.015317	0.015317	0.012400	0.016047	0.006565	0.020423	0.018964	0.027717	0.006565	0.007294	0.011670	0.011670	0.007294	0.032093	0.016776	0.021152	0.014588	0.018235	0.015317	0.024799	0.011670	0.035740	0.020423	0.025529	0.017505	0.006565	0.009482	0.011670	0.011670	0.015317	0.003647	0.006565	0.012400	0.013858	0.010212	0.018235	0.005835	0.020423	0.010941	0.018964	0.008753	0.010212	0.015317	0.018964	0.024070	
0.043764	0.015317	0.043034	0.011670	0.016776	0.008753	0.020423	0.009482	0.020423	0.010212	0.044493	0.002918	0.008753	0.012400	0.024799	0.014588	0.027717	0.002188	0.024070	0.009482	0.015317	0.008023	0.018235	0.007294	0.026988	0.013129	0.037199	0.005106	0.004376	0.005106	0.011670	0.006565	0.040117	0.017505	0.036470	0.010212	0.023341	0.011670	0.018235	0.008023	0.042305	0.018235	0.040846	0.008023	0.005106	0.009482	0.013129	0.010941	0.015317	0.002918	0.011670	0.010212	0.014588	0.010941	0.016776	0.008023	0.023341	0.008753	0.018964	0.005835	0.006565	0.013129	0.015317	0.020423	
0.037199	0.011670	0.067834	0.010212	0.014588	0.005106	0.016047	0.002188	0.026258	0.010941	0.072210	0.005835	0.010212	0.015317	0.010212	0.005835	0.025529	0.007294	0.023341	0.013858	0.014588	0.002188	0.017505	0.005106	0.021152	0.010941	0.036470	0.005106	0.003647	0.008023	0.014588	0.006565	0.042305	0.015317	0.043764	0.011670	0.014588	0.008023	0.020423	0.007294	0.068563	0.019694	0.042305	0.010941	0.004376	0.003647	0.006565	0.007294	0.009482	0.005835	0.004376	0.005106	0.015317	0.005835	0.012400	0.006565	0.024799	0.006565	0.029176	0.004376	0.005106	0.011670	0.021152	0.014588	
0.032093	0.010941	0.059810	0.011670	0.012400	0.009482	0.013858	0.004376	0.029176	0.010212	0.089716	0.010212	0.012400	0.006565	0.011670	0.010212	0.016047	0.002188	0.034282	0.006565	0.002188	0.003647	0.012400	0.002918	0.014588	0.008753	0.037199	0.005835	0.001459	0.003647	0.012400	0.003647	0.033552	0.019694	0.075128	0.012400	0.010212	0.008023	0.021152	0.008753	0.095551	0.017505	0.053975	0.013129	0.006565	0.004376	0.009482	0.005835	0.004376	0.002918	0.010941	0.005106	0.013129	0.010212	0.012400	0.002918	0.013129	0.005106	0.033552	0.000729	0.005835	0.008023	0.010941	0.009482	
0.018964	0.012400	0.044493	0.010212	0.009482	0.008023	0.014588	0.003647	0.027717	0.023341	0.118162	0.010941	0.009482	0.007294	0.013858	0.005106	0.008023	0.004376	0.018964	0.006565	0.008023	0.003647	0.013858	0.005835	0.010941	0.009482	0.034282	0.005106	0.001459	0.003647	0.009482	0.004376	0.029176	0.015317	0.089716	0.018235	0.011670	0.002918	0.022611	0.004376	0.106492	0.019694	0.070022	0.018235	0.004376	0.004376	0.014588	0.006565	0.005835	0.005835	0.006565	0.008023	0.005835	0.003647	0.008753	0.004376	0.008023	0.002918	0.028446	0.005106	0.002188	0.005106	0.008753	0.013129	
0.015317	0.013129	0.021882	0.011670	0.013858	0.007294	0.008753	0.008023	0.041575	0.021152	0.078775	0.018235	0.009482	0.012400	0.008023	0.013129	0.008753	0.005835	0.014588	0.005835	0.003647	0.002918	0.007294	0.004376	0.010941	0.014588	0.024070	0.010212	0.002918	0.003647	0.008023	0.003647	0.041575	0.018964	0.072210	0.020423	0.018235	0.011670	0.017505	0.008023	0.143691	0.023341	0.062728	0.021152	0.011670	0.003647	0.015317	0.008753	0.006565	0.004376	0.003647	0.002918	0.004376	0.005106	0.008023	0.002918	0.016047	0.010212	0.018235	0.002188	0.004376	0.005835	0.008753	0.010212	
0.024799	0.013858	0.019694	0.013858	0.010212	0.011670	0.016047	0.004376	0.032823	0.023341	0.036470	0.019694	0.012400	0.009482	0.008023	0.010941	0.008753	0.004376	0.013858	0.013129	0.006565	0.004376	0.007294	0.008753	0.011670	0.012400	0.010212	0.007294	0.000729	0.003647	0.011670	0.007294	0.040117	0.023341	0.113056	0.035740	0.016047	0.021152	0.016047	0.016047	0.072210	0.029176	0.048869	0.033552	0.011670	0.008023	0.018964	0.013129	0.010941	0.003647	0.006565	0.007294	0.005106	0.007294	0.008023	0.005106	0.018964	0.009482	0.008753	0.002918	0.005106	0.008023	0.010212	0.012400	
0.032823	0.018235	0.016047	0.017505	0.014588	0.011670	0.012400	0.006565	0.056893	0.023341	0.053246	0.019694	0.018235	0.018235	0.019694	0.013858	0.010941	0.002188	0.013858	0.010941	0.008753	0.009482	0.018235	0.008023	0.014588	0.008023	0.018235	0.006565	0.005106	0.005835	0.016776	0.006565	0.057622	0.019694	0.037929	0.020423	0.019694	0.016047	0.028446	0.010212	0.032093	0.022611	0.026258	0.023341	0.016776	0.008023	0.025529	0.013129	0.008753	0.006565	0.006565	0.008023	0.011670	0.005106	0.008753	0.003647	0.013129	0.013858	0.015317	0.006565	0.005106	0.014588	0.010212	0.013858	
0.052516	0.023341	0.021152	0.013129	0.019694	0.007294	0.011670	0.008023	0.024799	0.016776	0.021882	0.010941	0.015317	0.017505	0.011670	0.012400	0.013858	0.010212	0.014588	0.016047	0.010212	0.008023	0.015317	0.008753	0.018235	0.022611	0.013858	0.013129	0.003647	0.005106	0.011670	0.008023	0.046681	0.033552	0.016776	0.019694	0.023341	0.011670	0.016047	0.016776	0.050328	0.027717	0.018235	0.016776	0.008753	0.009482	0.018235	0.019694	0.013858	0.007294	0.006565	0.017505	0.009482	0.012400	0.012400	0.012400	0.029176	0.018235	0.013858	0.010941	0.006565	0.010212	0.013129	0.017505	
0.037929	0.028446	0.037199	0.023341	0.021882	0.010941	0.024799	0.016776	0.025529	0.016047	0.009482	0.008023	0.016047	0.021152	0.016047	0.013129	0.015317	0.012400	0.020423	0.014588	0.008753	0.009482	0.010212	0.010941	0.011670	0.018235	0.012400	0.013129	0.007294	0.005835	0.017505	0.015317	0.036470	0.035011	0.022611	0.028446	0.021152	0.032093	0.020423	0.011670	0.022611	0.021882	0.011670	0.011670	0.007294	0.015317	0.010941	0.018235	0.008023	0.008023	0.006565	0.011670	0.008753	0.008023	0.014588	0.010941	0.020423	0.015317	0.007294	0.011670	0.008753	0.014588	0.010941	0.023341	
0.042305	0.020423	0.023341	0.011670	0.026988	0.021882	0.029905	0.005106	0.034282	0.017505	0.026988	0.008023	0.013129	0.021882	0.026988	0.016047	0.017505	0.010941	0.023341	0.008753	0.018235	0.010212	0.021882	0.010212	0.026258	0.015317	0.021882	0.006565	0.003647	0.010212	0.022611	0.013858	0.026988	0.021882	0.018235	0.013129	0.022611	0.016776	0.023341	0.008753	0.012400	0.015317	0.008753	0.004376	0.009482	0.011670	0.016776	0.006565	0.009482	0.010212	0.008023	0.011670	0.016776	0.011670	0.021152	0.007294	0.022611	0.013858	0.013129	0.005835	0.008753	0.023341	0.018964	0.018964	
0.026988	0.036470	0.016047	0.016776	0.019694	0.021882	0.010212	0.011670	0.026258	0.028446	0.011670	0.006565	0.007294	0.013129	0.013858	0.010941	0.018964	0.027717	0.011670	0.026258	0.010212	0.021152	0.016047	0.013129	0.028446	0.022611	0.025529	0.019694	0.005835	0.004376	0.010941	0.010212	0.021152	0.038658	0.013129	0.022611	0.015317	0.019694	0.013129	0.013858	0.024070	0.022611	0.014588	0.009482	0.002918	0.008023	0.007294	0.006565	0.010212	0.004376	0.008753	0.011670	0.018964	0.019694	0.018964	0.009482	0.031364	0.023341	0.013858	0.016776	0.005106	0.018964	0.008753	0.022611	
0.024070	0.020423	0.016776	0.016047	0.016776	0.053246	0.032823	0.004376	0.017505	0.020423	0.005106	0.006565	0.008023	0.041575	0.008753	0.018964	0.012400	0.017505	0.019694	0.014588	0.015317	0.035011	0.022611	0.009482	0.008023	0.035011	0.011670	0.003647	0.002918	0.013129	0.021882	0.010212	0.026258	0.050328	0.013858	0.019694	0.016776	0.049599	0.024070	0.006565	0.018964	0.035740	0.006565	0.004376	0.008753	0.021152	0.012400	0.010212	0.007294	0.002918	0.007294	0.003647	0.004376	0.024070	0.012400	0.003647	0.014588	0.017505	0.005106	0.003647	0.004376	0.031364	0.007294	0.007294	
0.056893	0.000729	0.007294	0.005106	0.084610	0.000729	0.004376	0.001459	0.050328	0.000729	0.003647	0.002918	0.043034	0.000729	0.007294	0.002918	0.045952	0.000729	0.003647	0.002918	0.145150	0.000729	0.010212	0.005835	0.080963	0.000729	0.007294	0.002918	0.016776	0.000729	0.004376	0.002188	0.051787	0.000729	0.004376	0.002188	0.095551	0.000729	0.006565	0.005835	0.021882	0.000729	0.002918	0.002918	0.011670	0.000729	0.002188	0.003647	0.020423	0.000729	0.000729	0.002188	0.097009	0.000729	0.008023	0.001459	0.046681	0.000729	0.001459	0.001459	0.034282	0.000729	0.002918	0.008753	
0.000729	0.000729	0.000729	0.172867	0.000729	0.000729	0.000729	0.000729	0.000729	0.000729	0.000729	0.013858	0.000729	0.000729	0.000729	0.010212	0.000729	0.000729	0.000729	0.420131	0.000729	0.000729	0.000729	0.000729	0.000729	0.000729	0.000729	0.026988	0.000729	0.000729	0.000729	0.012400	0.000729	0.000729	0.000729	0.197666	0.000729	0.000729	0.000729	0.000729	0.000729	0.000729	0.000729	0.013129	0.000729	0.000729	0.000729	0.008023	0.000729	0.000729	0.000729	0.103574	0.000729	0.000729	0.000729	0.000729	0.000729	0.000729	0.000729	0.014588	0.000729	0.000729	0.000729	0.015317	
0.000729	0.000729	0.000729	0.000729	0.000729	0.000729	0.000729	0.000729	0.000729	0.000729	0.000729	0.000729	0.000729	0.000729	0.892050	0.000729	0.000729	0.000729	0.000729	0.000729	0.000729	0.000729	0.000729	0.000729	0.000729	0.000729	0.000729	0.000729	0.000729	0.000729	0.000729	0.000729	0.000729	0.000729	0.000729	0.000729	0.000729	0.000729	0.000729	0.000729	0.000729	0.000729	0.000729	0.000729	0.000729	0.000729	0.066375	0.000729	0.000729	0.000729	0.000729	0.000729	0.000729	0.000729	0.000729	0.000729	0.000729	0.000729	0.000729	0.000729	0.000729	0.000729	0.043764	0.000729	
0.000729	0.000729	0.000729	0.000729	0.000729	0.000729	0.000729	0.000729	0.000729	0.000729	0.000729	0.000729	0.000729	0.000729	0.000729	0.000729	0.000729	0.000729	0.000729	0.000729	0.000729	0.000729	0.000729	0.000729	0.000729	0.000729	0.000729	0.000729	0.000729	0.000729	0.000729	0.000729	0.000729	0.000729	0.000729	0.000729	0.000729	0.000729	0.000729	0.000729	0.000729	0.000729	0.000729	0.000729	0.000729	0.000729	0.000729	0.000729	0.000729	0.000729	0.000729	0.000729	0.000729	0.000729	0.000729	0.000729	0.451495	0.182349	0.241430	0.127644	0.000729	0.000729	0.000729	0.000729	
0.000729	0.000729	0.000729	0.000729	0.000729	0.000729	0.000729	0.000729	0.000729	0.000729	0.000729	0.000729	0.000729	0.000729	0.000729	0.000729	0.000729	0.000729	0.000729	0.000729	0.000729	0.000729	0.000729	0.000729	0.000729	0.000729	0.000729	0.000729	0.000729	0.000729	0.000729	0.000729	0.148067	0.145879	0.086069	0.073669	0.043764	0.053975	0.047411	0.039387	0.063457	0.115244	0.029905	0.035011	0.011670	0.064916	0.006565	0.046681	0.000729	0.000729	0.000729	0.000729	0.000729	0.000729	0.000729	0.000729	0.000729	0.000729	0.000729	0.000729	0.000729	0.000729	0.000729	0.000729	
0.048869	0.044493	0.035011	0.021882	0.026988	0.056893	0.041575	0.022611	0.008753	0.059810	0.005106	0.014588	0.009482	0.039387	0.017505	0.009482	0.012400	0.008753	0.016047	0.008753	0.011670	0.017505	0.017505	0.009482	0.007294	0.018964	0.007294	0.016047	0.000729	0.008023	0.025529	0.007294	0.025529	0.016047	0.010941	0.013129	0.040117	0.030635	0.026988	0.019694	0.004376	0.016047	0.002188	0.009482	0.007294	0.008023	0.013129	0.008753	0.000729	0.006565	0.000729	0.005835	0.005106	0.025529	0.019694	0.016776	0.000729	0.002188	0.004376	0.001459	0.003647	0.018235	0.011670	0.015317	
0.035011	0.021882	0.018235	0.012400	0.029905	0.015317	0.026258	0.004376	0.024070	0.013129	0.016776	0.008753	0.013858	0.006565	0.018235	0.010941	0.025529	0.016776	0.024799	0.016776	0.040117	0.024799	0.052516	0.013129	0.036470	0.029905	0.031364	0.008023	0.007294	0.013129	0.035740	0.012400	0.008753	0.006565	0.002918	0.002918	0.032823	0.016776	0.039387	0.008023	0.009482	0.005835	0.002918	0.000729	0.009482	0.006565	0.013129	0.012400	0.008023	0.001459	0.006565	0.005106	0.021152	0.016047	0.027717	0.008753	0.025529	0.010941	0.020423	0.010941	0.007294	0.007294	0.011670	0.014588	
0.037929	0.015317	0.010941	0.013129	0.016776	0.010212	0.008753	0.010941	0.018964	0.014588	0.009482	0.009482	0.002918	0.013129	0.001459	0.019694	0.041575	0.026258	0.019694	0.036470	0.016047	0.012400	0.026258	0.018235	0.060540	0.037199	0.021152	0.026988	0.006565	0.007294	0.005106	0.015317	0.037929	0.029176	0.012400	0.016047	0.015317	0.010941	0.015317	0.018235	0.032823	0.015317	0.013129	0.010212	0.002188	0.011670	0.003647	0.010941	0.013129	0.008023	0.003647	0.013129	0.007294	0.003647	0.008753	0.013858	0.033552	0.014588	0.016776	0.013858	0.008023	0.019694	0.004376	0.018235	
0.036470	0.025529	0.043764	0.024799	0.021152	0.027717	0.017505	0.012400	0.012400	0.020423	0.003647	0.010212	0.006565	0.032823	0.016047	0.023341	0.012400	0.009482	0.020423	0.013129	0.003647	0.007294	0.015317	0.010941	0.006565	0.028446	0.010212	0.013858	0.001459	0.015317	0.025529	0.018964	0.053246	0.040846	0.020423	0.031364	0.019694	0.023341	0.019694	0.018964	0.014588	0.024070	0.010212	0.011670	0.008023	0.019694	0.014588	0.018235	0.000729	0.009482	0.000729	0.008753	0.013129	0.013858	0.013129	0.011670	0.000729	0.003647	0.007294	0.002918	0.003647	0.023341	0.018964	0.018235	
0.040846	0.025529	0.022611	0.013858	0.026258	0.020423	0.032093	0.006565	0.035011	0.019694	0.020423	0.010212	0.025529	0.016047	0.016776	0.019694	0.014588	0.016047	0.013129	0.013858	0.026258	0.013858	0.021882	0.010212	0.019694	0.016776	0.021882	0.007294	0.013129	0.010941	0.016776	0.013129	0.012400	0.008753	0.005106	0.008023	0.032093	0.013129	0.021882	0.009482	0.008753	0.009482	0.008023	0.005106	0.008023	0.007294	0.010212	0.013129	0.008753	0.003647	0.003647	0.003647	0.041575	0.007294	0.029905	0.012400	0.033552	0.018964	0.014588	0.008023	0.008023	0.021882	0.023341	0.025529	
0.027717	0.018235	0.010941	0.019694	0.011670	0.011670	0.015317	0.015317	0.016776	0.015317	0.004376	0.008023	0.002918	0.012400	0.002918	0.021152	0.040117	0.035011	0.016047	0.035011	0.010941	0.010212	0.016776	0.016776	0.040846	0.026988	0.016047	0.021882	0.010212	0.007294	0.005106	0.016047	0.035011	0.026258	0.007294	0.028446	0.018964	0.016776	0.010212	0.018964	0.021152	0.021882	0.005835	0.016047	0.002188	0.008023	0.002918	0.017505	0.010941	0.013858	0.005835	0.024070	0.011670	0.016047	0.009482	0.018964	0.022611	0.019694	0.010941	0.013858	0.008753	0.025529	0.005106	0.032093	
0.043034	0.027717	0.026258	0.016776	0.026258	0.022611	0.030635	0.013858	0.010212	0.017505	0.006565	0.005835	0.014588	0.051787	0.022611	0.018235	0.013858	0.008753	0.017505	0.013129	0.013858	0.024070	0.009482	0.007294	0.006565	0.019694	0.010212	0.015317	0.001459	0.024070	0.027717	0.016776	0.034282	0.023341	0.013858	0.029905	0.024799	0.030635	0.018235	0.010212	0.008753	0.013129	0.005106	0.010212	0.010212	0.021882	0.010941	0.016776	0.000729	0.005835	0.000729	0.016776	0.014588	0.020423	0.011670	0.006565	0.000729	0.004376	0.007294	0.003647	0.008753	0.033552	0.014588	0.029905	
0.032093	0.021152	0.019694	0.018964	0.020423	0.016047	0.023341	0.005835	0.024799	0.013129	0.015317	0.005106	0.024799	0.021152	0.013858	0.016776	0.024070	0.015317	0.023341	0.016776	0.030635	0.013858	0.033552	0.019694	0.020423	0.023341	0.022611	0.003647	0.008753	0.010212	0.010212	0.008753	0.012400	0.006565	0.002918	0.004376	0.016047	0.015317	0.019694	0.003647	0.008753	0.010212	0.007294	0.002918	0.007294	0.010941	0.005106	0.011670	0.008753	0.006565	0.009482	0.010212	0.036470	0.022611	0.056893	0.015317	0.025529	0.022611	0.016776	0.010941	0.008753	0.028446	0.021152	0.023341	
0.026988	0.021882	0.007294	0.021152	0.011670	0.013129	0.015317	0.009482	0.021882	0.011670	0.010941	0.010941	0.006565	0.022611	0.004376	0.016776	0.032823	0.025529	0.016047	0.029176	0.016047	0.010212	0.024799	0.016776	0.047411	0.037199	0.018235	0.030635	0.005106	0.013129	0.008023	0.018235	0.017505	0.018964	0.009482	0.033552	0.010212	0.021882	0.014588	0.022611	0.021152	0.019694	0.005106	0.016047	0.001459	0.009482	0.001459	0.010212	0.010212	0.014588	0.005106	0.019694	0.016776	0.013129	0.015317	0.025529	0.018964	0.016047	0.007294	0.008023	0.010941	0.021152	0.006565	0.021882	
0.029905	0.016047	0.021152	0.020423	0.017505	0.028446	0.026988	0.008023	0.010941	0.012400	0.004376	0.010212	0.010941	0.041575	0.020423	0.030635	0.011670	0.008023	0.019694	0.015317	0.010212	0.014588	0.022611	0.010941	0.005106	0.033552	0.013858	0.017505	0.002918	0.017505	0.027717	0.026258	0.038658	0.026988	0.015317	0.028446	0.027717	0.021882	0.025529	0.009482	0.007294	0.020423	0.007294	0.006565	0.008753	0.021882	0.012400	0.022611	0.000729	0.013129	0.000729	0.009482	0.010212	0.032823	0.011670	0.011670	0.000729	0.006565	0.010212	0.002918	0.005106	0.026988	0.011670	0.023341	
0.034282	0.019694	0.016776	0.010212	0.023341	0.010941	0.024799	0.005106	0.025529	0.011670	0.015317	0.004376	0.021152	0.020423	0.018235	0.013858	0.016047	0.011670	0.027717	0.010212	0.033552	0.018235	0.032823	0.013129	0.029176	0.023341	0.024799	0.009482	0.005106	0.009482	0.014588	0.010941	0.009482	0.006565	0.003647	0.004376	0.029176	0.016047	0.021152	0.006565	0.013129	0.009482	0.007294	0.005835	0.003647	0.008753	0.014588	0.010212	0.008753	0.008753	0.006565	0.003647	0.041575	0.013858	0.035011	0.017505	0.026988	0.018235	0.017505	0.009482	0.016047	0.030635	0.021152	0.035011	
0.024799	0.014588	0.010212	0.018964	0.009482	0.012400	0.010941	0.013858	0.011670	0.021152	0.010212	0.011670	0.002188	0.008753	0.005835	0.011670	0.040846	0.035011	0.013858	0.037929	0.012400	0.008023	0.017505	0.021152	0.035740	0.028446	0.022611	0.026988	0.006565	0.014588	0.006565	0.014588	0.029176	0.029905	0.008023	0.027717	0.013129	0.018235	0.013129	0.018235	0.022611	0.021882	0.005835	0.014588	0.001459	0.016047	0.003647	0.008023	0.012400	0.009482	0.001459	0.022611	0.012400	0.017505	0.011670	0.027717	0.021882	0.022611	0.008753	0.015317	0.010941	0.024070	0.003647	0.031364	
0.033552	0.019694	0.025529	0.028446	0.019694	0.033552	0.027717	0.008023	0.006565	0.017505	0.003647	0.005835	0.012400	0.047411	0.020423	0.026988	0.010212	0.007294	0.022611	0.007294	0.006565	0.017505	0.025529	0.006565	0.008753	0.021882	0.010941	0.011670	0.002918	0.032093	0.028446	0.017505	0.032093	0.018964	0.016047	0.024799	0.024799	0.035011	0.024070	0.010212	0.011670	0.021152	0.007294	0.007294	0.013858	0.022611	0.016776	0.015317	0.000729	0.009482	0.000729	0.010212	0.011670	0.026988	0.014588	0.010212	0.000729	0.005835	0.010941	0.002188	0.005835	0.024799	0.015317	0.019694	
0.036470	0.019694	0.012400	0.008023	0.016047	0.008753	0.027717	0.002918	0.021882	0.013858	0.020423	0.008753	0.021152	0.023341	0.012400	0.013858	0.023341	0.012400	0.015317	0.011670	0.031364	0.028446	0.039387	0.013858	0.029905	0.032093	0.022611	0.007294	0.004376	0.007294	0.010941	0.012400	0.009482	0.006565	0.004376	0.007294	0.016047	0.020423	0.020423	0.009482	0.011670	0.007294	0.008023	0.005835	0.004376	0.005835	0.010212	0.006565	0.008753	0.006565	0.010212	0.009482	0.043034	0.027717	0.037929	0.018235	0.027717	0.021152	0.022611	0.009482	0.014588	0.018235	0.023341	0.023341	
0.032823	0.020423	0.005835	0.018964	0.007294	0.011670	0.012400	0.013858	0.015317	0.016047	0.002918	0.008023	0.004376	0.011670	0.002188	0.018235	0.034282	0.021152	0.014588	0.036470	0.018235	0.015317	0.029905	0.021882	0.040117	0.037929	0.020423	0.026988	0.010212	0.013129	0.008753	0.012400	0.031364	0.029905	0.008023	0.021882	0.010212	0.017505	0.020423	0.026258	0.021152	0.029905	0.011670	0.010941	0.001459	0.008753	0.003647	0.017505	0.008753	0.011670	0.002918	0.021152	0.013129	0.010212	0.008023	0.023341	0.025529	0.014588	0.008753	0.008023	0.008753	0.018964	0.003647	0.024799	
0.035011	0.021152	0.030635	0.020423	0.013129	0.037929	0.023341	0.008753	0.006565	0.016047	0.005106	0.003647	0.008753	0.042305	0.022611	0.024799	0.009482	0.006565	0.017505	0.015317	0.008023	0.020423	0.016047	0.010212	0.008753	0.037199	0.011670	0.013129	0.002188	0.024799	0.028446	0.029905	0.032093	0.028446	0.020423	0.021152	0.022611	0.037199	0.024799	0.013858	0.007294	0.021152	0.005835	0.009482	0.008023	0.018964	0.011670	0.015317	0.000729	0.009482	0.000729	0.013858	0.006565	0.018964	0.018235	0.008753	0.000729	0.007294	0.006565	0.003647	0.005106	0.028446	0.010941	0.028446	
0.031364	0.017505	0.013858	0.014588	0.021882	0.016776	0.022611	0.004376	0.022611	0.021152	0.018235	0.007294	0.020423	0.016776	0.019694	0.013858	0.017505	0.011670	0.013129	0.008023	0.028446	0.024070	0.047411	0.014588	0.022611	0.026988	0.024070	0.008753	0.007294	0.012400	0.011670	0.010212	0.010212	0.006565	0.002918	0.003647	0.027717	0.015317	0.026988	0.011670	0.009482	0.008753	0.008753	0.002188	0.003647	0.008023	0.006565	0.011670	0.010212	0.004376	0.004376	0.005106	0.034282	0.016047	0.045952	0.018235	0.021152	0.029905	0.015317	0.007294	0.016776	0.024070	0.028446	0.029176	
0.021152	0.019694	0.006565	0.021882	0.006565	0.009482	0.010941	0.013129	0.012400	0.012400	0.005106	0.004376	0.002188	0.010941	0.004376	0.013858	0.028446	0.029176	0.016047	0.038658	0.013858	0.014588	0.021152	0.022611	0.046681	0.037199	0.022611	0.036470	0.009482	0.016047	0.008753	0.014588	0.029176	0.019694	0.009482	0.017505	0.014588	0.026988	0.015317	0.029905	0.020423	0.021882	0.011670	0.012400	0.002918	0.008023	0.002918	0.011670	0.008023	0.009482	0.003647	0.026988	0.012400	0.011670	0.010212	0.026988	0.016776	0.022611	0.011670	0.015317	0.005835	0.028446	0.002918	0.027717	
0.026988	0.020423	0.021152	0.018235	0.016776	0.032093	0.024799	0.004376	0.008023	0.018964	0.004376	0.004376	0.009482	0.050328	0.024070	0.021152	0.009482	0.008023	0.021882	0.008023	0.005835	0.018235	0.025529	0.013129	0.006565	0.029176	0.011670	0.010212	0.005106	0.030635	0.029905	0.026988	0.032823	0.025529	0.013858	0.024070	0.015317	0.040846	0.029176	0.008753	0.007294	0.026258	0.007294	0.010212	0.008753	0.028446	0.016047	0.015317	0.000729	0.010941	0.000729	0.008023	0.011670	0.027717	0.017505	0.006565	0.000729	0.005835	0.010941	0.001459	0.002918	0.033552	0.013129	0.018235	
0.027717	0.014588	0.018235	0.009482	0.017505	0.012400	0.030635	0.004376	0.012400	0.017505	0.023341	0.004376	0.016047	0.015317	0.016776	0.010212	0.010212	0.010941	0.018964	0.009482	0.028446	0.023341	0.046681	0.020423	0.018235	0.031364	0.035740	0.011670	0.004376	0.009482	0.010212	0.008753	0.007294	0.005835	0.004376	0.005106	0.016047	0.021152	0.029176	0.013858	0.008023	0.012400	0.009482	0.004376	0.007294	0.007294	0.007294	0.004376	0.009482	0.005835	0.005106	0.005835	0.041575	0.029176	0.054705	0.017505	0.025529	0.026258	0.022611	0.008753	0.005106	0.028446	0.026988	0.021152	
0.014588	0.016776	0.008023	0.015317	0.010941	0.005835	0.010941	0.009482	0.016047	0.017505	0.005835	0.007294	0.002188	0.005106	0.002918	0.019694	0.028446	0.019694	0.016047	0.039387	0.014588	0.016776	0.024070	0.030635	0.042305	0.044493	0.039387	0.035011	0.006565	0.012400	0.012400	0.024799	0.018964	0.014588	0.008023	0.022611	0.016047	0.018235	0.020423	0.032823	0.026988	0.033552	0.013858	0.016776	0.002918	0.011670	0.004376	0.010212	0.009482	0.005835	0.001459	0.016047	0.012400	0.010941	0.008753	0.028446	0.016776	0.020423	0.008753	0.015317	0.002918	0.016047	0.004376	0.021152	
0.027717	0.012400	0.015317	0.016047	0.008023	0.026258	0.018964	0.003647	0.005835	0.013129	0.007294	0.007294	0.004376	0.051058	0.016047	0.021882	0.005106	0.010941	0.028446	0.009482	0.006565	0.026988	0.012400	0.005835	0.010212	0.029176	0.010212	0.014588	0.002918	0.026988	0.045222	0.026258	0.028446	0.031364	0.022611	0.019694	0.019694	0.047411	0.035011	0.013858	0.011670	0.037199	0.008753	0.010212	0.010212	0.029176	0.014588	0.020423	0.000729	0.004376	0.000729	0.008753	0.007294	0.016776	0.013129	0.008023	0.000729	0.003647	0.014588	0.005106	0.004376	0.034282	0.016776	0.020423	
0.023341	0.010941	0.016047	0.011670	0.018964	0.017505	0.016776	0.005835	0.018235	0.021152	0.024799	0.002918	0.006565	0.017505	0.022611	0.007294	0.010212	0.008753	0.014588	0.008023	0.021152	0.020423	0.056163	0.019694	0.012400	0.029905	0.026258	0.010941	0.002918	0.005835	0.015317	0.007294	0.009482	0.005835	0.004376	0.008753	0.018964	0.018235	0.032093	0.013858	0.008023	0.014588	0.012400	0.005835	0.005835	0.011670	0.013858	0.005835	0.003647	0.005106	0.005106	0.008023	0.038658	0.022611	0.061269	0.018964	0.030635	0.019694	0.034282	0.008023	0.009482	0.024799	0.034282	0.020423	
0.020423	0.013129	0.003647	0.009482	0.005106	0.007294	0.008023	0.010212	0.018235	0.010941	0.006565	0.004376	0.003647	0.010941	0.003647	0.018235	0.030635	0.023341	0.015317	0.028446	0.013858	0.010212	0.021882	0.032823	0.040846	0.048140	0.041575	0.035740	0.008023	0.018235	0.012400	0.019694	0.021882	0.019694	0.010212	0.017505	0.015317	0.021882	0.022611	0.025529	0.029176	0.040117	0.014588	0.013858	0.000729	0.009482	0.005106	0.012400	0.005106	0.005106	0.001459	0.013129	0.013129	0.012400	0.011670	0.022611	0.023341	0.032823	0.014588	0.015317	0.003647	0.012400	0.005106	0.019694	
0.026258	0.016047	0.022611	0.013129	0.010941	0.024070	0.021882	0.004376	0.004376	0.015317	0.007294	0.003647	0.005106	0.033552	0.013858	0.016047	0.005835	0.006565	0.025529	0.009482	0.002918	0.021152	0.021882	0.005835	0.006565	0.032823	0.014588	0.010212	0.003647	0.019694	0.043034	0.024799	0.032093	0.030635	0.020423	0.028446	0.021882	0.051787	0.035740	0.022611	0.011670	0.040117	0.006565	0.018964	0.002918	0.025529	0.021882	0.018964	0.000729	0.005835	0.000729	0.008753	0.005835	0.027717	0.012400	0.005106	0.000729	0.009482	0.013129	0.002918	0.004376	0.023341	0.021152	0.021152	
0.023341	0.011670	0.018964	0.010941	0.016776	0.014588	0.022611	0.005106	0.018964	0.016047	0.026988	0.007294	0.008023	0.017505	0.024070	0.010212	0.008753	0.010941	0.013858	0.008023	0.029905	0.020423	0.051058	0.023341	0.023341	0.028446	0.030635	0.009482	0.003647	0.010212	0.016047	0.008023	0.007294	0.005106	0.006565	0.004376	0.025529	0.023341	0.043764	0.005106	0.010212	0.012400	0.013129	0.005835	0.003647	0.012400	0.010212	0.009482	0.005106	0.004376	0.002918	0.003647	0.032823	0.018964	0.039387	0.010941	0.028446	0.032093	0.029905	0.009482	0.005835	0.030635	0.026988	0.017505	
0.016776	0.010941	0.007294	0.009482	0.006565	0.006565	0.009482	0.009482	0.013858	0.015317	0.009482	0.003647	0.005835	0.010212	0.001459	0.009482	0.032093	0.026258	0.012400	0.034282	0.019694	0.010941	0.025529	0.021152	0.053246	0.048140	0.030635	0.024799	0.008023	0.009482	0.013129	0.013858	0.021882	0.019694	0.007294	0.032093	0.013129	0.018235	0.024070	0.033552	0.026258	0.036470	0.018964	0.018964	0.000729	0.013129	0.006565	0.011670	0.002918	0.006565	0.001459	0.010212	0.009482	0.009482	0.012400	0.039387	0.015317	0.027717	0.017505	0.016776	0.008023	0.015317	0.002918	0.018964	
0.019694	0.015317	0.024799	0.013858	0.014588	0.022611	0.019694	0.006565	0.005106	0.011670	0.007294	0.004376	0.003647	0.039387	0.022611	0.020423	0.009482	0.013129	0.018235	0.008023	0.005835	0.016047	0.017505	0.005835	0.003647	0.042305	0.015317	0.010212	0.002918	0.035011	0.040846	0.024799	0.027717	0.032093	0.020423	0.028446	0.028446	0.047411	0.034282	0.017505	0.008753	0.040117	0.008023	0.019694	0.007294	0.024799	0.014588	0.017505	0.000729	0.008023	0.000729	0.013129	0.005106	0.012400	0.020423	0.010212	0.000729	0.008753	0.010941	0.003647	0.002918	0.021152	0.009482	0.020423	
