>NC_006085
0.006999	0.014873	0.011374	0.011374	0.015748	0.020997	0.019248	0.014873	0.013998	0.015748	0.016623	0.014873	0.004374	0.020122	0.012248	0.010499	0.015748	0.021872	0.008749	0.021872	0.020997	0.024497	0.024497	0.017498	0.029746	0.025372	0.029746	0.020122	0.005249	0.020122	0.017498	0.013123	0.008749	0.014873	0.016623	0.020997	0.016623	0.015748	0.021872	0.019248	0.020122	0.026247	0.020122	0.027122	0.008749	0.017498	0.016623	0.023622	0.004374	0.009624	0.013123	0.011374	0.015748	0.015748	0.022747	0.014873	0.031496	0.016623	0.015748	0.017498	0.003500	0.011374	0.008749	0.007874	
0.011374	0.016623	0.004374	0.003500	0.008749	0.027122	0.013123	0.012248	0.013123	0.016623	0.009624	0.010499	0.006999	0.023622	0.024497	0.010499	0.019248	0.016623	0.013123	0.020122	0.013998	0.020122	0.021872	0.020997	0.025372	0.020997	0.020122	0.021872	0.008749	0.017498	0.024497	0.015748	0.014873	0.034996	0.020997	0.024497	0.016623	0.032371	0.018373	0.016623	0.017498	0.028871	0.020122	0.015748	0.011374	0.026247	0.030621	0.011374	0.001750	0.006999	0.004374	0.008749	0.016623	0.015748	0.022747	0.013998	0.012248	0.013123	0.017498	0.012248	0.006124	0.015748	0.021872	0.011374	
0.011374	0.016623	0.011374	0.007874	0.017498	0.023622	0.025372	0.008749	0.014873	0.011374	0.010499	0.006124	0.006999	0.018373	0.020997	0.010499	0.007874	0.022747	0.012248	0.013123	0.022747	0.021872	0.031496	0.019248	0.017498	0.024497	0.017498	0.016623	0.014873	0.012248	0.025372	0.011374	0.016623	0.025372	0.012248	0.013998	0.013998	0.017498	0.031496	0.016623	0.015748	0.021872	0.018373	0.011374	0.010499	0.021872	0.014873	0.013123	0.005249	0.009624	0.007874	0.010499	0.025372	0.017498	0.027997	0.012248	0.026247	0.027997	0.027997	0.019248	0.003500	0.015748	0.019248	0.010499	
0.006124	0.010499	0.012248	0.012248	0.019248	0.020997	0.022747	0.011374	0.006124	0.015748	0.011374	0.010499	0.006999	0.020122	0.006999	0.011374	0.018373	0.024497	0.013123	0.023622	0.017498	0.026247	0.022747	0.013998	0.043745	0.025372	0.025372	0.021872	0.007874	0.014873	0.019248	0.014873	0.016623	0.023622	0.014873	0.019248	0.018373	0.026247	0.024497	0.016623	0.015748	0.023622	0.016623	0.018373	0.004374	0.021872	0.016623	0.010499	0.005249	0.013998	0.008749	0.007874	0.022747	0.015748	0.019248	0.010499	0.021872	0.023622	0.020122	0.014873	0.005249	0.012248	0.018373	0.009624	
0.012248	0.010499	0.010499	0.013123	0.016623	0.025372	0.015748	0.014873	0.007874	0.013998	0.016623	0.010499	0.011374	0.021872	0.015748	0.013998	0.013123	0.027997	0.020122	0.016623	0.023622	0.023622	0.024497	0.017498	0.018373	0.020122	0.024497	0.026247	0.006999	0.015748	0.018373	0.011374	0.014873	0.034996	0.021872	0.015748	0.018373	0.034121	0.020997	0.014873	0.008749	0.026247	0.020122	0.018373	0.006124	0.024497	0.017498	0.017498	0.004374	0.007874	0.006124	0.006124	0.016623	0.016623	0.021872	0.013998	0.015748	0.013998	0.014873	0.016623	0.005249	0.017498	0.015748	0.007874	
0.006999	0.018373	0.011374	0.007874	0.019248	0.024497	0.027997	0.009624	0.013998	0.018373	0.014873	0.011374	0.007874	0.016623	0.015748	0.011374	0.012248	0.024497	0.016623	0.021872	0.027997	0.029746	0.031496	0.010499	0.027997	0.015748	0.024497	0.014873	0.008749	0.018373	0.027997	0.006124	0.007874	0.019248	0.009624	0.013998	0.020997	0.021872	0.023622	0.007874	0.018373	0.020997	0.019248	0.017498	0.010499	0.027122	0.018373	0.015748	0.007874	0.006124	0.008749	0.006999	0.022747	0.026247	0.021872	0.008749	0.012248	0.013998	0.021872	0.019248	0.006124	0.014873	0.019248	0.010499	
0.006999	0.009624	0.010499	0.007874	0.016623	0.021872	0.020122	0.009624	0.012248	0.013123	0.006999	0.013998	0.005249	0.020997	0.013123	0.011374	0.020122	0.033246	0.019248	0.018373	0.033246	0.022747	0.027122	0.019248	0.040245	0.020997	0.022747	0.020997	0.005249	0.009624	0.013123	0.008749	0.012248	0.027122	0.018373	0.014873	0.009624	0.020997	0.019248	0.019248	0.012248	0.027122	0.019248	0.021872	0.010499	0.015748	0.019248	0.017498	0.010499	0.010499	0.006999	0.005249	0.013123	0.017498	0.030621	0.015748	0.026247	0.022747	0.015748	0.016623	0.007874	0.014873	0.013123	0.007874	
0.012248	0.017498	0.006124	0.013998	0.016623	0.029746	0.021872	0.012248	0.012248	0.019248	0.014873	0.008749	0.006999	0.020997	0.013123	0.005249	0.012248	0.028871	0.014873	0.016623	0.021872	0.021872	0.021872	0.017498	0.028871	0.032371	0.020122	0.015748	0.009624	0.016623	0.022747	0.014873	0.015748	0.034121	0.016623	0.024497	0.023622	0.027122	0.018373	0.014873	0.012248	0.023622	0.011374	0.017498	0.010499	0.020122	0.022747	0.020122	0.003500	0.007874	0.008749	0.008749	0.018373	0.013123	0.020122	0.009624	0.018373	0.011374	0.017498	0.011374	0.005249	0.015748	0.014873	0.009624	
0.012248	0.010499	0.007874	0.013123	0.026247	0.027122	0.022747	0.012248	0.010499	0.016623	0.013998	0.005249	0.007874	0.033246	0.013123	0.009624	0.015748	0.027122	0.023622	0.013998	0.018373	0.032371	0.024497	0.016623	0.028871	0.016623	0.020997	0.015748	0.007874	0.015748	0.018373	0.012248	0.016623	0.023622	0.015748	0.015748	0.020122	0.021872	0.029746	0.014873	0.016623	0.025372	0.013998	0.007874	0.008749	0.020997	0.012248	0.011374	0.007874	0.009624	0.008749	0.006124	0.021872	0.013998	0.027122	0.010499	0.024497	0.019248	0.015748	0.013998	0.008749	0.018373	0.013998	0.008749	
0.010499	0.021872	0.009624	0.010499	0.021872	0.019248	0.019248	0.010499	0.010499	0.018373	0.016623	0.010499	0.006124	0.018373	0.016623	0.007874	0.015748	0.027997	0.020997	0.021872	0.022747	0.025372	0.026247	0.020997	0.034996	0.028871	0.013998	0.026247	0.007874	0.014873	0.017498	0.013998	0.013123	0.030621	0.018373	0.018373	0.018373	0.019248	0.023622	0.016623	0.012248	0.021872	0.015748	0.014873	0.002625	0.021872	0.008749	0.009624	0.009624	0.012248	0.004374	0.006999	0.020997	0.020122	0.027122	0.020122	0.020122	0.013998	0.013123	0.010499	0.003500	0.018373	0.013123	0.006999	
0.005249	0.015748	0.019248	0.008749	0.020997	0.034121	0.027122	0.010499	0.014873	0.013123	0.012248	0.013123	0.003500	0.027122	0.012248	0.014873	0.015748	0.029746	0.013123	0.025372	0.024497	0.019248	0.025372	0.014873	0.031496	0.025372	0.020122	0.019248	0.006124	0.022747	0.026247	0.013123	0.018373	0.021872	0.020997	0.016623	0.021872	0.025372	0.016623	0.019248	0.013998	0.022747	0.013998	0.008749	0.006999	0.022747	0.016623	0.015748	0.005249	0.006999	0.002625	0.005249	0.015748	0.015748	0.026247	0.015748	0.016623	0.016623	0.009624	0.013123	0.003500	0.016623	0.013123	0.005249	
0.004374	0.019248	0.013123	0.007874	0.020122	0.018373	0.028871	0.006999	0.013123	0.016623	0.017498	0.008749	0.011374	0.021872	0.012248	0.010499	0.014873	0.029746	0.022747	0.015748	0.022747	0.027997	0.025372	0.018373	0.031496	0.025372	0.022747	0.015748	0.010499	0.016623	0.019248	0.013998	0.013998	0.024497	0.020122	0.018373	0.019248	0.020122	0.019248	0.019248	0.012248	0.016623	0.013123	0.013998	0.006124	0.020997	0.019248	0.007874	0.004374	0.009624	0.004374	0.001750	0.024497	0.021872	0.027997	0.014873	0.023622	0.013123	0.019248	0.012248	0.006124	0.013123	0.015748	0.013998	
0.007874	0.012248	0.011374	0.006124	0.013123	0.016623	0.037620	0.015748	0.013123	0.016623	0.014873	0.015748	0.006124	0.013123	0.012248	0.012248	0.017498	0.033246	0.017498	0.018373	0.016623	0.023622	0.032371	0.015748	0.033246	0.020997	0.022747	0.024497	0.005249	0.025372	0.019248	0.009624	0.022747	0.023622	0.015748	0.018373	0.020997	0.022747	0.014873	0.013123	0.019248	0.018373	0.016623	0.018373	0.006124	0.018373	0.018373	0.007874	0.006124	0.006124	0.008749	0.013123	0.020122	0.016623	0.024497	0.011374	0.020997	0.011374	0.019248	0.014873	0.008749	0.017498	0.008749	0.011374	
0.009624	0.016623	0.014873	0.013123	0.015748	0.026247	0.020122	0.013123	0.010499	0.013998	0.018373	0.010499	0.009624	0.021872	0.016623	0.007874	0.017498	0.021872	0.013998	0.017498	0.014873	0.016623	0.023622	0.024497	0.034121	0.018373	0.026247	0.030621	0.004374	0.011374	0.027122	0.013123	0.025372	0.024497	0.020997	0.015748	0.019248	0.016623	0.015748	0.015748	0.015748	0.017498	0.020997	0.019248	0.011374	0.023622	0.021872	0.016623	0.004374	0.007874	0.007874	0.006124	0.015748	0.015748	0.031496	0.011374	0.017498	0.012248	0.018373	0.010499	0.008749	0.011374	0.008749	0.012248	
0.009624	0.014873	0.022747	0.009624	0.015748	0.019248	0.026247	0.009624	0.014873	0.012248	0.021872	0.008749	0.007874	0.013998	0.020122	0.010499	0.015748	0.019248	0.017498	0.013123	0.021872	0.015748	0.027122	0.010499	0.028871	0.013998	0.029746	0.018373	0.007874	0.014873	0.032371	0.009624	0.020997	0.018373	0.027122	0.011374	0.022747	0.009624	0.020122	0.009624	0.022747	0.017498	0.024497	0.019248	0.006124	0.025372	0.026247	0.013123	0.005249	0.008749	0.011374	0.008749	0.016623	0.011374	0.028871	0.011374	0.021872	0.013123	0.028871	0.010499	0.008749	0.015748	0.017498	0.007874	
0.020122	0.012248	0.013123	0.006124	0.011374	0.016623	0.017498	0.015748	0.020122	0.009624	0.041120	0.007874	0.008749	0.017498	0.011374	0.005249	0.020997	0.019248	0.019248	0.017498	0.013998	0.013123	0.017498	0.011374	0.037620	0.012248	0.032371	0.020122	0.010499	0.005249	0.018373	0.006999	0.027997	0.017498	0.027122	0.015748	0.010499	0.017498	0.018373	0.010499	0.034996	0.020122	0.018373	0.031496	0.010499	0.014873	0.020997	0.010499	0.006999	0.007874	0.010499	0.005249	0.016623	0.013123	0.027997	0.012248	0.041120	0.015748	0.028871	0.010499	0.006124	0.012248	0.013123	0.009624	
0.019248	0.012248	0.036745	0.007874	0.013998	0.010499	0.018373	0.013998	0.017498	0.009624	0.036745	0.006124	0.010499	0.010499	0.012248	0.011374	0.013998	0.009624	0.020122	0.008749	0.017498	0.010499	0.019248	0.013123	0.027122	0.011374	0.024497	0.018373	0.011374	0.011374	0.017498	0.009624	0.036745	0.020122	0.053368	0.023622	0.012248	0.016623	0.020122	0.008749	0.044619	0.017498	0.030621	0.027997	0.023622	0.017498	0.018373	0.010499	0.006999	0.009624	0.010499	0.008749	0.011374	0.008749	0.018373	0.011374	0.021872	0.008749	0.024497	0.008749	0.005249	0.006999	0.014873	0.005249	
0.020122	0.011374	0.038495	0.006999	0.016623	0.011374	0.018373	0.005249	0.025372	0.010499	0.078740	0.006124	0.017498	0.008749	0.014873	0.007874	0.018373	0.011374	0.016623	0.008749	0.013998	0.005249	0.018373	0.008749	0.023622	0.007874	0.033246	0.011374	0.021872	0.006999	0.012248	0.006124	0.032371	0.016623	0.049869	0.012248	0.019248	0.007874	0.011374	0.008749	0.048119	0.007874	0.046369	0.013998	0.027997	0.007874	0.019248	0.006124	0.016623	0.004374	0.024497	0.005249	0.017498	0.003500	0.013123	0.012248	0.020997	0.007874	0.025372	0.008749	0.011374	0.007874	0.013123	0.004374	
0.020122	0.007874	0.048994	0.010499	0.017498	0.006999	0.012248	0.006999	0.027122	0.012248	0.076990	0.013123	0.006999	0.012248	0.007874	0.006124	0.020997	0.011374	0.022747	0.012248	0.008749	0.006999	0.008749	0.003500	0.020997	0.005249	0.028871	0.006124	0.003500	0.011374	0.014873	0.005249	0.034121	0.017498	0.053368	0.013123	0.008749	0.008749	0.012248	0.004374	0.092738	0.015748	0.050744	0.024497	0.003500	0.014873	0.016623	0.005249	0.010499	0.013998	0.043745	0.010499	0.009624	0.007874	0.009624	0.004374	0.020122	0.008749	0.027122	0.003500	0.006124	0.007874	0.007874	0.002625	
0.012248	0.006999	0.062117	0.004374	0.010499	0.011374	0.020122	0.008749	0.031496	0.013998	0.109361	0.013998	0.007874	0.017498	0.013123	0.007874	0.008749	0.006124	0.022747	0.006999	0.005249	0.005249	0.013998	0.006124	0.013123	0.006999	0.018373	0.004374	0.004374	0.003500	0.009624	0.001750	0.022747	0.019248	0.103237	0.015748	0.009624	0.007874	0.014873	0.009624	0.088364	0.014873	0.052493	0.027997	0.006999	0.006124	0.027997	0.006124	0.004374	0.004374	0.008749	0.002625	0.007874	0.011374	0.020997	0.006124	0.018373	0.010499	0.014873	0.003500	0.001750	0.004374	0.012248	0.000875	
0.006999	0.008749	0.025372	0.006999	0.003500	0.008749	0.010499	0.013998	0.024497	0.014873	0.141732	0.015748	0.002625	0.010499	0.008749	0.007874	0.006999	0.006999	0.013998	0.005249	0.004374	0.009624	0.013123	0.008749	0.020997	0.008749	0.027122	0.013123	0.006124	0.004374	0.013123	0.006999	0.028871	0.027997	0.085739	0.008749	0.009624	0.013998	0.013998	0.008749	0.084864	0.026247	0.055993	0.027997	0.006124	0.011374	0.021872	0.010499	0.004374	0.006999	0.004374	0.005249	0.008749	0.005249	0.014873	0.002625	0.017498	0.003500	0.030621	0.011374	0.003500	0.004374	0.004374	0.004374	
0.005249	0.003500	0.027122	0.011374	0.008749	0.009624	0.013123	0.019248	0.018373	0.013998	0.082240	0.014873	0.002625	0.007874	0.010499	0.005249	0.005249	0.007874	0.007874	0.005249	0.007874	0.009624	0.006999	0.013123	0.009624	0.009624	0.020997	0.012248	0.002625	0.012248	0.012248	0.006999	0.024497	0.019248	0.074366	0.029746	0.010499	0.013123	0.006999	0.022747	0.125984	0.035871	0.041120	0.052493	0.006999	0.013998	0.032371	0.014873	0.001750	0.005249	0.007874	0.003500	0.007874	0.005249	0.007874	0.009624	0.019248	0.007874	0.013998	0.006999	0.005249	0.008749	0.008749	0.006999	
0.006124	0.015748	0.010499	0.004374	0.008749	0.013123	0.008749	0.005249	0.024497	0.015748	0.057743	0.019248	0.007874	0.013998	0.020122	0.007874	0.007874	0.009624	0.013123	0.004374	0.005249	0.012248	0.009624	0.010499	0.006999	0.006999	0.006999	0.013998	0.010499	0.007874	0.034121	0.012248	0.025372	0.031496	0.091864	0.024497	0.013123	0.021872	0.017498	0.014873	0.059493	0.027997	0.034996	0.035871	0.013123	0.014873	0.041120	0.017498	0.003500	0.004374	0.002625	0.006999	0.008749	0.013123	0.011374	0.009624	0.025372	0.006124	0.020997	0.011374	0.005249	0.008749	0.013998	0.006124	
0.005249	0.015748	0.013998	0.007874	0.013998	0.024497	0.011374	0.011374	0.038495	0.014873	0.047244	0.017498	0.003500	0.010499	0.013123	0.013123	0.006124	0.012248	0.011374	0.006124	0.017498	0.020997	0.013998	0.007874	0.016623	0.012248	0.010499	0.007874	0.003500	0.012248	0.016623	0.007874	0.024497	0.035871	0.027997	0.027997	0.017498	0.021872	0.009624	0.007874	0.041120	0.028871	0.019248	0.031496	0.009624	0.023622	0.027122	0.020122	0.009624	0.006999	0.014873	0.005249	0.012248	0.006124	0.015748	0.011374	0.038495	0.016623	0.039370	0.014873	0.008749	0.011374	0.014873	0.008749	
0.005249	0.015748	0.012248	0.012248	0.016623	0.019248	0.020997	0.013998	0.020997	0.017498	0.017498	0.012248	0.007874	0.017498	0.011374	0.010499	0.016623	0.021872	0.011374	0.011374	0.027122	0.013998	0.014873	0.017498	0.016623	0.010499	0.009624	0.013998	0.007874	0.011374	0.012248	0.006999	0.038495	0.039370	0.020997	0.035871	0.013998	0.020997	0.019248	0.018373	0.041120	0.027997	0.024497	0.022747	0.015748	0.025372	0.017498	0.013123	0.007874	0.006999	0.005249	0.005249	0.018373	0.013123	0.016623	0.009624	0.024497	0.020997	0.011374	0.014873	0.006999	0.020122	0.011374	0.011374	
0.013123	0.024497	0.023622	0.006999	0.021872	0.024497	0.026247	0.011374	0.013123	0.012248	0.019248	0.005249	0.004374	0.016623	0.034121	0.009624	0.014873	0.014873	0.031496	0.014873	0.017498	0.015748	0.020997	0.013123	0.020122	0.014873	0.019248	0.017498	0.006999	0.009624	0.032371	0.010499	0.024497	0.033246	0.021872	0.023622	0.022747	0.021872	0.024497	0.007874	0.020122	0.018373	0.019248	0.005249	0.008749	0.012248	0.026247	0.016623	0.006124	0.013998	0.010499	0.007874	0.021872	0.016623	0.029746	0.006124	0.024497	0.008749	0.010499	0.008749	0.003500	0.015748	0.013123	0.009624	
0.014873	0.022747	0.008749	0.012248	0.014873	0.032371	0.014873	0.024497	0.017498	0.028871	0.022747	0.018373	0.005249	0.026247	0.005249	0.016623	0.006999	0.043745	0.013123	0.020122	0.019248	0.030621	0.012248	0.016623	0.030621	0.034121	0.015748	0.020997	0.003500	0.016623	0.007874	0.010499	0.013998	0.030621	0.013123	0.020122	0.013998	0.018373	0.006124	0.015748	0.012248	0.023622	0.013123	0.019248	0.003500	0.016623	0.004374	0.012248	0.003500	0.007874	0.008749	0.003500	0.013123	0.020997	0.006999	0.013123	0.033246	0.024497	0.024497	0.023622	0.004374	0.019248	0.012248	0.010499	
0.007874	0.016623	0.006124	0.008749	0.021872	0.048994	0.025372	0.008749	0.009624	0.012248	0.012248	0.009624	0.005249	0.034996	0.013123	0.002625	0.006999	0.023622	0.015748	0.014873	0.020997	0.041120	0.027997	0.012248	0.008749	0.013123	0.010499	0.007874	0.008749	0.032371	0.025372	0.003500	0.011374	0.034121	0.023622	0.024497	0.016623	0.047244	0.029746	0.017498	0.014873	0.031496	0.013123	0.016623	0.004374	0.050744	0.017498	0.009624	0.001750	0.005249	0.005249	0.004374	0.015748	0.027997	0.023622	0.011374	0.010499	0.010499	0.004374	0.004374	0.004374	0.027122	0.013998	0.004374	
0.013123	0.000875	0.008749	0.005249	0.058618	0.000875	0.018373	0.001750	0.035871	0.000875	0.011374	0.002625	0.034121	0.000875	0.013123	0.004374	0.042870	0.000875	0.026247	0.005249	0.121610	0.000875	0.032371	0.010499	0.081365	0.000875	0.022747	0.001750	0.031496	0.000875	0.014873	0.002625	0.025372	0.000875	0.012248	0.005249	0.045494	0.000875	0.017498	0.003500	0.022747	0.000875	0.012248	0.004374	0.017498	0.000875	0.017498	0.002625	0.013998	0.000875	0.006124	0.001750	0.103237	0.000875	0.032371	0.008749	0.054243	0.000875	0.011374	0.003500	0.011374	0.000875	0.006999	0.000875	
0.000875	0.000875	0.000875	0.092738	0.000875	0.000875	0.000875	0.000875	0.000875	0.000875	0.000875	0.050744	0.000875	0.000875	0.000875	0.014873	0.000875	0.000875	0.000875	0.326334	0.000875	0.000875	0.000875	0.000875	0.000875	0.000875	0.000875	0.097988	0.000875	0.000875	0.000875	0.021872	0.000875	0.000875	0.000875	0.191601	0.000875	0.000875	0.000875	0.000875	0.000875	0.000875	0.000875	0.055118	0.000875	0.000875	0.000875	0.009624	0.000875	0.000875	0.000875	0.091864	0.000875	0.000875	0.000875	0.000875	0.000875	0.000875	0.000875	0.049869	0.000875	0.000875	0.000875	0.007874	
0.000875	0.000875	0.000875	0.000875	0.000875	0.000875	0.000875	0.000875	0.000875	0.000875	0.000875	0.000875	0.000875	0.000875	0.699913	0.000875	0.000875	0.000875	0.000875	0.000875	0.000875	0.000875	0.000875	0.000875	0.000875	0.000875	0.000875	0.000875	0.000875	0.000875	0.000875	0.000875	0.000875	0.000875	0.000875	0.000875	0.000875	0.000875	0.000875	0.000875	0.000875	0.000875	0.000875	0.000875	0.000875	0.000875	0.251094	0.000875	0.000875	0.000875	0.000875	0.000875	0.000875	0.000875	0.000875	0.000875	0.000875	0.000875	0.000875	0.000875	0.000875	0.000875	0.051619	0.000875	
0.000875	0.000875	0.000875	0.000875	0.000875	0.000875	0.000875	0.000875	0.000875	0.000875	0.000875	0.000875	0.000875	0.000875	0.000875	0.000875	0.000875	0.000875	0.000875	0.000875	0.000875	0.000875	0.000875	0.000875	0.000875	0.000875	0.000875	0.000875	0.000875	0.000875	0.000875	0.000875	0.000875	0.000875	0.000875	0.000875	0.000875	0.000875	0.000875	0.000875	0.000875	0.000875	0.000875	0.000875	0.000875	0.000875	0.000875	0.000875	0.000875	0.000875	0.000875	0.000875	0.000875	0.000875	0.000875	0.000875	0.476815	0.170604	0.219598	0.136483	0.000875	0.000875	0.000875	0.000875	
0.000875	0.000875	0.000875	0.000875	0.000875	0.000875	0.000875	0.000875	0.000875	0.000875	0.000875	0.000875	0.000875	0.000875	0.000875	0.000875	0.000875	0.000875	0.000875	0.000875	0.000875	0.000875	0.000875	0.000875	0.000875	0.000875	0.000875	0.000875	0.000875	0.000875	0.000875	0.000875	0.090114	0.188976	0.137358	0.062992	0.029746	0.068241	0.037620	0.037620	0.048119	0.093613	0.041995	0.038495	0.008749	0.088364	0.021872	0.020122	0.000875	0.000875	0.000875	0.000875	0.000875	0.000875	0.000875	0.000875	0.000875	0.000875	0.000875	0.000875	0.000875	0.000875	0.000875	0.000875	
0.018373	0.027122	0.036745	0.010499	0.026247	0.074366	0.049869	0.041120	0.015748	0.060367	0.021872	0.041995	0.003500	0.034996	0.013998	0.013123	0.006999	0.010499	0.005249	0.009624	0.023622	0.016623	0.014873	0.015748	0.009624	0.014873	0.004374	0.011374	0.004374	0.012248	0.016623	0.006999	0.007874	0.015748	0.013123	0.013998	0.029746	0.024497	0.018373	0.023622	0.011374	0.013123	0.008749	0.011374	0.004374	0.013998	0.013998	0.008749	0.000875	0.007874	0.000875	0.001750	0.018373	0.033246	0.020997	0.018373	0.000875	0.007874	0.010499	0.005249	0.004374	0.007874	0.006124	0.004374	
0.009624	0.011374	0.006999	0.006124	0.016623	0.008749	0.023622	0.012248	0.017498	0.014873	0.017498	0.006124	0.007874	0.010499	0.013123	0.004374	0.027997	0.024497	0.028871	0.016623	0.057743	0.016623	0.054243	0.020122	0.032371	0.025372	0.022747	0.023622	0.020997	0.014873	0.053368	0.009624	0.012248	0.008749	0.009624	0.006999	0.039370	0.019248	0.030621	0.006999	0.013998	0.011374	0.008749	0.011374	0.014873	0.018373	0.026247	0.010499	0.002625	0.001750	0.006999	0.005249	0.024497	0.010499	0.024497	0.009624	0.021872	0.016623	0.008749	0.003500	0.007874	0.008749	0.012248	0.004374	
0.009624	0.020122	0.013123	0.009624	0.007874	0.010499	0.014873	0.013123	0.013123	0.013998	0.009624	0.015748	0.001750	0.018373	0.004374	0.010499	0.034121	0.040245	0.020997	0.042870	0.015748	0.013123	0.016623	0.009624	0.055993	0.028871	0.020997	0.027122	0.008749	0.019248	0.008749	0.012248	0.020997	0.028871	0.009624	0.026247	0.013998	0.013123	0.026247	0.014873	0.014873	0.009624	0.014873	0.018373	0.007874	0.018373	0.007874	0.010499	0.010499	0.015748	0.013123	0.012248	0.013998	0.008749	0.018373	0.011374	0.062992	0.019248	0.008749	0.013998	0.002625	0.012248	0.003500	0.010499	
0.013998	0.024497	0.022747	0.013998	0.019248	0.042870	0.020997	0.021872	0.013123	0.023622	0.010499	0.009624	0.009624	0.035871	0.022747	0.022747	0.005249	0.016623	0.020122	0.009624	0.010499	0.012248	0.013123	0.009624	0.023622	0.023622	0.013123	0.015748	0.004374	0.019248	0.012248	0.013123	0.031496	0.055118	0.037620	0.022747	0.014873	0.027122	0.013998	0.015748	0.014873	0.013123	0.008749	0.017498	0.006999	0.031496	0.014873	0.021872	0.000875	0.015748	0.000875	0.003500	0.020997	0.018373	0.017498	0.011374	0.000875	0.003500	0.013123	0.006999	0.003500	0.013123	0.020122	0.006999	
0.013123	0.016623	0.011374	0.010499	0.032371	0.025372	0.040245	0.013998	0.026247	0.028871	0.015748	0.010499	0.007874	0.016623	0.017498	0.007874	0.017498	0.023622	0.009624	0.014873	0.038495	0.019248	0.027122	0.015748	0.024497	0.013998	0.018373	0.008749	0.010499	0.018373	0.026247	0.003500	0.016623	0.013123	0.012248	0.010499	0.019248	0.013123	0.020122	0.011374	0.013998	0.013998	0.008749	0.008749	0.010499	0.016623	0.015748	0.006999	0.007874	0.006999	0.004374	0.005249	0.038495	0.017498	0.029746	0.013998	0.022747	0.015748	0.020122	0.011374	0.011374	0.023622	0.020997	0.008749	
0.012248	0.020997	0.009624	0.012248	0.008749	0.025372	0.014873	0.011374	0.012248	0.009624	0.006999	0.008749	0.004374	0.022747	0.004374	0.009624	0.026247	0.048994	0.014873	0.038495	0.017498	0.021872	0.021872	0.013998	0.041995	0.026247	0.020122	0.028871	0.006124	0.021872	0.013123	0.013998	0.018373	0.030621	0.018373	0.020122	0.015748	0.018373	0.015748	0.022747	0.020122	0.016623	0.006124	0.020122	0.005249	0.018373	0.006124	0.009624	0.010499	0.017498	0.003500	0.008749	0.015748	0.016623	0.024497	0.018373	0.027997	0.019248	0.013123	0.020122	0.005249	0.008749	0.005249	0.007874	
0.011374	0.017498	0.023622	0.014873	0.020997	0.055118	0.024497	0.017498	0.006999	0.015748	0.013123	0.010499	0.004374	0.035871	0.027122	0.012248	0.009624	0.018373	0.017498	0.012248	0.020997	0.022747	0.025372	0.013123	0.013998	0.023622	0.020122	0.019248	0.004374	0.027997	0.019248	0.014873	0.019248	0.034121	0.027997	0.020997	0.018373	0.020997	0.019248	0.013123	0.013123	0.020122	0.005249	0.007874	0.006124	0.027122	0.027997	0.016623	0.000875	0.013123	0.000875	0.006124	0.020997	0.022747	0.016623	0.011374	0.000875	0.006999	0.014873	0.006124	0.004374	0.014873	0.014873	0.006999	
0.009624	0.017498	0.008749	0.005249	0.029746	0.025372	0.018373	0.009624	0.023622	0.013998	0.014873	0.017498	0.013123	0.018373	0.013998	0.008749	0.022747	0.034996	0.013123	0.010499	0.034121	0.027997	0.040245	0.019248	0.029746	0.015748	0.022747	0.017498	0.013998	0.008749	0.025372	0.006999	0.006999	0.013123	0.010499	0.004374	0.024497	0.013123	0.015748	0.013123	0.013998	0.014873	0.013998	0.010499	0.006999	0.013998	0.015748	0.006999	0.004374	0.004374	0.003500	0.006999	0.027997	0.022747	0.039370	0.015748	0.030621	0.021872	0.023622	0.013123	0.011374	0.014873	0.019248	0.005249	
0.007874	0.020122	0.007874	0.007874	0.013123	0.016623	0.023622	0.016623	0.010499	0.005249	0.010499	0.009624	0.003500	0.013998	0.003500	0.006124	0.017498	0.040245	0.015748	0.042870	0.022747	0.022747	0.022747	0.020997	0.036745	0.027997	0.020997	0.027997	0.009624	0.017498	0.012248	0.018373	0.020997	0.034996	0.015748	0.026247	0.013123	0.018373	0.017498	0.017498	0.020997	0.015748	0.012248	0.026247	0.005249	0.026247	0.010499	0.016623	0.013123	0.012248	0.009624	0.010499	0.013123	0.017498	0.011374	0.013998	0.023622	0.016623	0.015748	0.018373	0.002625	0.012248	0.001750	0.011374	
0.008749	0.017498	0.028871	0.004374	0.014873	0.043745	0.022747	0.026247	0.006999	0.017498	0.011374	0.013123	0.004374	0.039370	0.023622	0.020122	0.009624	0.012248	0.027122	0.013123	0.020122	0.020997	0.018373	0.015748	0.014873	0.030621	0.010499	0.019248	0.003500	0.025372	0.025372	0.014873	0.023622	0.029746	0.020997	0.017498	0.015748	0.017498	0.016623	0.015748	0.020122	0.015748	0.013998	0.009624	0.006999	0.031496	0.020997	0.022747	0.000875	0.008749	0.000875	0.010499	0.012248	0.024497	0.019248	0.013998	0.000875	0.006999	0.010499	0.009624	0.007874	0.019248	0.010499	0.014873	
0.005249	0.013998	0.013123	0.010499	0.021872	0.017498	0.020997	0.007874	0.025372	0.019248	0.022747	0.010499	0.006124	0.017498	0.015748	0.006124	0.011374	0.019248	0.019248	0.013123	0.028871	0.022747	0.037620	0.017498	0.032371	0.019248	0.014873	0.010499	0.008749	0.022747	0.027122	0.013123	0.013123	0.013998	0.006999	0.008749	0.027122	0.013123	0.018373	0.012248	0.014873	0.005249	0.016623	0.009624	0.007874	0.018373	0.014873	0.010499	0.004374	0.006124	0.007874	0.004374	0.044619	0.020997	0.039370	0.010499	0.027122	0.019248	0.021872	0.012248	0.010499	0.019248	0.031496	0.011374	
0.007874	0.013123	0.006124	0.006999	0.013123	0.008749	0.019248	0.012248	0.009624	0.017498	0.006124	0.013998	0.005249	0.011374	0.009624	0.010499	0.029746	0.044619	0.019248	0.028871	0.018373	0.020122	0.016623	0.019248	0.034121	0.032371	0.019248	0.030621	0.004374	0.013998	0.011374	0.018373	0.021872	0.032371	0.013998	0.031496	0.013998	0.011374	0.021872	0.015748	0.021872	0.021872	0.013998	0.018373	0.001750	0.015748	0.009624	0.015748	0.011374	0.013998	0.003500	0.004374	0.017498	0.019248	0.018373	0.022747	0.026247	0.027122	0.020997	0.014873	0.002625	0.019248	0.003500	0.015748	
0.007874	0.020997	0.027122	0.014873	0.013998	0.039370	0.030621	0.020122	0.004374	0.017498	0.011374	0.009624	0.005249	0.032371	0.016623	0.017498	0.009624	0.017498	0.023622	0.012248	0.013123	0.021872	0.011374	0.013123	0.020997	0.020122	0.013998	0.020997	0.004374	0.023622	0.025372	0.016623	0.012248	0.039370	0.015748	0.024497	0.021872	0.035871	0.013123	0.027997	0.013998	0.018373	0.010499	0.017498	0.006124	0.028871	0.020997	0.021872	0.000875	0.005249	0.000875	0.006999	0.009624	0.024497	0.018373	0.007874	0.000875	0.007874	0.019248	0.006124	0.006124	0.027122	0.017498	0.009624	
0.004374	0.014873	0.006124	0.005249	0.021872	0.025372	0.028871	0.006999	0.020997	0.017498	0.019248	0.009624	0.009624	0.021872	0.022747	0.004374	0.009624	0.020122	0.017498	0.011374	0.031496	0.027122	0.043745	0.019248	0.024497	0.020122	0.018373	0.010499	0.015748	0.013123	0.031496	0.008749	0.010499	0.012248	0.012248	0.005249	0.020122	0.016623	0.018373	0.008749	0.011374	0.016623	0.014873	0.012248	0.009624	0.016623	0.019248	0.008749	0.004374	0.003500	0.008749	0.005249	0.043745	0.016623	0.043745	0.007874	0.023622	0.026247	0.020122	0.010499	0.006999	0.022747	0.027997	0.007874	
0.006124	0.010499	0.004374	0.007874	0.008749	0.014873	0.013998	0.013123	0.011374	0.016623	0.009624	0.006999	0.003500	0.013123	0.006124	0.004374	0.026247	0.035871	0.012248	0.042870	0.017498	0.021872	0.018373	0.027997	0.038495	0.036745	0.031496	0.027997	0.006999	0.013123	0.010499	0.012248	0.017498	0.026247	0.011374	0.025372	0.014873	0.027122	0.020997	0.017498	0.016623	0.023622	0.010499	0.021872	0.006124	0.015748	0.009624	0.011374	0.007874	0.012248	0.006999	0.014873	0.012248	0.022747	0.018373	0.020997	0.031496	0.025372	0.018373	0.026247	0.004374	0.010499	0.004374	0.010499	
0.006124	0.017498	0.023622	0.010499	0.018373	0.028871	0.013123	0.024497	0.005249	0.017498	0.006124	0.006124	0.002625	0.051619	0.019248	0.017498	0.007874	0.020122	0.018373	0.006999	0.009624	0.032371	0.026247	0.018373	0.015748	0.022747	0.016623	0.016623	0.003500	0.031496	0.027122	0.017498	0.016623	0.036745	0.023622	0.020997	0.018373	0.042870	0.019248	0.021872	0.019248	0.023622	0.010499	0.016623	0.007874	0.034996	0.022747	0.017498	0.000875	0.010499	0.000875	0.008749	0.008749	0.015748	0.018373	0.009624	0.000875	0.013123	0.010499	0.006124	0.002625	0.020122	0.006124	0.009624	
0.003500	0.008749	0.014873	0.004374	0.024497	0.024497	0.028871	0.006999	0.027997	0.018373	0.014873	0.005249	0.003500	0.020997	0.016623	0.006124	0.009624	0.017498	0.015748	0.012248	0.034996	0.021872	0.043745	0.019248	0.016623	0.019248	0.028871	0.012248	0.014873	0.027997	0.022747	0.008749	0.010499	0.016623	0.004374	0.009624	0.027997	0.020997	0.021872	0.006124	0.006124	0.013123	0.016623	0.007874	0.006999	0.010499	0.021872	0.006124	0.003500	0.001750	0.006124	0.005249	0.052493	0.024497	0.046369	0.014873	0.021872	0.017498	0.020122	0.015748	0.009624	0.019248	0.028871	0.004374	
0.002625	0.009624	0.006124	0.008749	0.012248	0.013123	0.010499	0.008749	0.012248	0.010499	0.009624	0.008749	0.002625	0.018373	0.002625	0.007874	0.027122	0.044619	0.025372	0.042870	0.015748	0.024497	0.023622	0.027997	0.048994	0.032371	0.026247	0.033246	0.007874	0.020997	0.008749	0.009624	0.018373	0.022747	0.013123	0.018373	0.013998	0.019248	0.022747	0.012248	0.014873	0.027997	0.017498	0.020122	0.003500	0.021872	0.006124	0.009624	0.006999	0.014873	0.004374	0.008749	0.011374	0.023622	0.020997	0.022747	0.031496	0.021872	0.020997	0.015748	0.001750	0.015748	0.004374	0.003500	
0.011374	0.016623	0.017498	0.009624	0.010499	0.041995	0.026247	0.013123	0.008749	0.019248	0.009624	0.011374	0.006124	0.033246	0.020997	0.018373	0.006124	0.018373	0.018373	0.010499	0.010499	0.029746	0.025372	0.014873	0.017498	0.024497	0.015748	0.020122	0.006999	0.024497	0.026247	0.013998	0.015748	0.046369	0.021872	0.023622	0.025372	0.031496	0.020122	0.015748	0.014873	0.027122	0.013998	0.018373	0.006124	0.034996	0.017498	0.019248	0.000875	0.008749	0.000875	0.005249	0.015748	0.027122	0.021872	0.012248	0.000875	0.004374	0.013123	0.003500	0.001750	0.010499	0.012248	0.006124	
0.009624	0.009624	0.012248	0.002625	0.020997	0.028871	0.033246	0.006999	0.018373	0.015748	0.016623	0.007874	0.006124	0.017498	0.013123	0.012248	0.020122	0.012248	0.021872	0.007874	0.030621	0.027997	0.051619	0.020122	0.030621	0.020122	0.025372	0.017498	0.004374	0.016623	0.027122	0.007874	0.006999	0.014873	0.014873	0.005249	0.021872	0.013123	0.033246	0.006999	0.012248	0.010499	0.020997	0.008749	0.006124	0.020122	0.019248	0.007874	0.005249	0.004374	0.004374	0.006999	0.031496	0.017498	0.048119	0.006124	0.016623	0.025372	0.026247	0.008749	0.007874	0.013998	0.031496	0.004374	
0.006999	0.011374	0.009624	0.013998	0.009624	0.008749	0.013123	0.009624	0.016623	0.020997	0.008749	0.006999	0.001750	0.009624	0.006124	0.005249	0.025372	0.041995	0.017498	0.020122	0.023622	0.015748	0.024497	0.023622	0.049869	0.041120	0.042870	0.032371	0.004374	0.017498	0.009624	0.008749	0.020997	0.029746	0.010499	0.016623	0.015748	0.011374	0.020997	0.023622	0.022747	0.038495	0.009624	0.018373	0.002625	0.016623	0.012248	0.011374	0.005249	0.009624	0.000875	0.008749	0.014873	0.020997	0.013998	0.018373	0.027122	0.026247	0.020122	0.017498	0.002625	0.013123	0.005249	0.011374	
0.008749	0.020997	0.019248	0.009624	0.010499	0.046369	0.024497	0.011374	0.008749	0.012248	0.009624	0.007874	0.004374	0.026247	0.017498	0.011374	0.006999	0.018373	0.024497	0.013998	0.012248	0.017498	0.020122	0.006999	0.021872	0.016623	0.012248	0.021872	0.004374	0.027122	0.027997	0.015748	0.019248	0.041995	0.032371	0.022747	0.021872	0.050744	0.024497	0.029746	0.013123	0.024497	0.021872	0.021872	0.006124	0.033246	0.016623	0.019248	0.000875	0.005249	0.000875	0.004374	0.006999	0.022747	0.016623	0.010499	0.000875	0.007874	0.020997	0.003500	0.004374	0.006124	0.014873	0.011374	
0.004374	0.014873	0.010499	0.006124	0.019248	0.020997	0.036745	0.009624	0.016623	0.021872	0.028871	0.009624	0.006999	0.017498	0.016623	0.009624	0.008749	0.012248	0.021872	0.008749	0.030621	0.034121	0.050744	0.021872	0.015748	0.017498	0.035871	0.016623	0.010499	0.014873	0.025372	0.007874	0.011374	0.011374	0.012248	0.009624	0.020122	0.017498	0.015748	0.007874	0.018373	0.019248	0.018373	0.008749	0.008749	0.020997	0.015748	0.009624	0.003500	0.005249	0.006999	0.003500	0.021872	0.018373	0.044619	0.007874	0.011374	0.025372	0.033246	0.006999	0.008749	0.014873	0.027122	0.006999	
0.005249	0.013123	0.006124	0.003500	0.012248	0.010499	0.009624	0.011374	0.008749	0.014873	0.013998	0.013998	0.002625	0.013123	0.005249	0.006999	0.019248	0.030621	0.020122	0.021872	0.020997	0.016623	0.027997	0.025372	0.050744	0.034996	0.026247	0.035871	0.008749	0.014873	0.013123	0.010499	0.015748	0.020997	0.008749	0.016623	0.017498	0.017498	0.020122	0.028871	0.026247	0.046369	0.021872	0.021872	0.005249	0.019248	0.007874	0.009624	0.009624	0.006999	0.009624	0.008749	0.013998	0.017498	0.019248	0.017498	0.028871	0.024497	0.015748	0.015748	0.001750	0.015748	0.006999	0.009624	
0.006124	0.010499	0.023622	0.009624	0.007874	0.035871	0.014873	0.013123	0.005249	0.016623	0.012248	0.010499	0.003500	0.021872	0.012248	0.013123	0.010499	0.014873	0.024497	0.014873	0.010499	0.018373	0.019248	0.013998	0.013123	0.024497	0.019248	0.020122	0.006124	0.026247	0.032371	0.018373	0.019248	0.041120	0.030621	0.023622	0.018373	0.054243	0.029746	0.018373	0.012248	0.027997	0.021872	0.015748	0.006124	0.041995	0.027997	0.011374	0.000875	0.011374	0.000875	0.005249	0.009624	0.024497	0.020122	0.008749	0.000875	0.008749	0.013123	0.010499	0.002625	0.011374	0.014873	0.007874	
0.004374	0.018373	0.007874	0.006124	0.014873	0.025372	0.027997	0.009624	0.016623	0.025372	0.026247	0.011374	0.007874	0.017498	0.018373	0.009624	0.011374	0.008749	0.018373	0.007874	0.033246	0.033246	0.045494	0.020997	0.020122	0.021872	0.025372	0.016623	0.008749	0.020122	0.022747	0.002625	0.006999	0.010499	0.008749	0.005249	0.024497	0.020122	0.022747	0.010499	0.025372	0.013998	0.018373	0.008749	0.007874	0.017498	0.020122	0.011374	0.001750	0.007874	0.006124	0.002625	0.025372	0.020122	0.047244	0.008749	0.022747	0.027997	0.025372	0.011374	0.008749	0.014873	0.020997	0.006124	
0.005249	0.010499	0.004374	0.004374	0.006999	0.011374	0.016623	0.010499	0.012248	0.011374	0.009624	0.007874	0.001750	0.007874	0.006124	0.006124	0.024497	0.032371	0.009624	0.031496	0.022747	0.020997	0.021872	0.033246	0.048994	0.034996	0.028871	0.030621	0.006999	0.014873	0.013998	0.013998	0.021872	0.032371	0.011374	0.019248	0.020997	0.019248	0.019248	0.029746	0.020997	0.031496	0.016623	0.026247	0.004374	0.017498	0.010499	0.015748	0.008749	0.008749	0.003500	0.012248	0.015748	0.020122	0.018373	0.015748	0.030621	0.022747	0.019248	0.009624	0.006124	0.007874	0.004374	0.011374	
0.007874	0.026247	0.018373	0.007874	0.011374	0.038495	0.018373	0.015748	0.004374	0.007874	0.008749	0.007874	0.001750	0.032371	0.020997	0.012248	0.011374	0.018373	0.021872	0.014873	0.006999	0.018373	0.029746	0.016623	0.013123	0.027122	0.014873	0.020997	0.007874	0.027122	0.030621	0.023622	0.015748	0.043745	0.027122	0.026247	0.015748	0.047244	0.022747	0.014873	0.015748	0.027122	0.010499	0.020997	0.006124	0.039370	0.018373	0.010499	0.000875	0.012248	0.000875	0.005249	0.007874	0.014873	0.019248	0.006124	0.000875	0.009624	0.018373	0.006124	0.001750	0.021872	0.017498	0.006124	
