>NC_007492
0.016393	0.018784	0.011954	0.012637	0.013661	0.015027	0.008538	0.016735	0.007514	0.014686	0.007855	0.008538	0.008538	0.017760	0.006831	0.013661	0.025615	0.018443	0.015369	0.017418	0.021175	0.019126	0.034836	0.021858	0.019467	0.036885	0.022199	0.015369	0.006148	0.017760	0.019126	0.020492	0.011270	0.014344	0.009221	0.015027	0.019467	0.030738	0.030055	0.019809	0.008197	0.024590	0.009221	0.014003	0.007172	0.015369	0.011270	0.016052	0.011270	0.006148	0.008197	0.005123	0.025615	0.017077	0.015369	0.010587	0.019467	0.019467	0.013661	0.010246	0.008880	0.020833	0.012637	0.031079	
0.022199	0.019809	0.011612	0.010929	0.011954	0.020150	0.010929	0.014686	0.007855	0.018443	0.008880	0.009563	0.007514	0.018784	0.009904	0.014003	0.025615	0.019126	0.016735	0.018443	0.020150	0.015710	0.028689	0.017418	0.014003	0.038251	0.018443	0.018101	0.006831	0.020150	0.023224	0.018784	0.016393	0.013320	0.009904	0.015027	0.020833	0.036885	0.022199	0.015710	0.007172	0.027322	0.007855	0.010587	0.005806	0.018101	0.010246	0.014003	0.009221	0.008197	0.003757	0.009563	0.016052	0.018784	0.019126	0.017760	0.009563	0.019126	0.011954	0.009221	0.009221	0.021516	0.018784	0.031762	
0.019809	0.021175	0.016393	0.016052	0.016393	0.016052	0.015027	0.012978	0.009563	0.015027	0.009221	0.008197	0.010587	0.020150	0.010246	0.012978	0.024590	0.015369	0.018784	0.010246	0.018443	0.021175	0.030396	0.021516	0.015027	0.026298	0.023907	0.015710	0.007172	0.016052	0.028689	0.013661	0.013661	0.008880	0.005464	0.010587	0.022541	0.035861	0.026639	0.018101	0.007855	0.017077	0.009904	0.012295	0.006831	0.016052	0.013661	0.010929	0.008197	0.006489	0.004098	0.010587	0.025273	0.016735	0.021175	0.015369	0.015369	0.021858	0.013661	0.011270	0.010587	0.024590	0.015710	0.027664	
0.021516	0.019467	0.009904	0.015369	0.011612	0.016393	0.014344	0.009563	0.010246	0.014003	0.011612	0.008880	0.006489	0.018443	0.010929	0.011612	0.028689	0.015710	0.019809	0.018443	0.022541	0.024590	0.022883	0.019809	0.019126	0.029713	0.023224	0.021175	0.006489	0.019809	0.020492	0.021175	0.017418	0.011612	0.006831	0.011954	0.021858	0.026639	0.019809	0.011954	0.010587	0.021858	0.011270	0.012978	0.008197	0.016052	0.007172	0.016052	0.011270	0.009904	0.005123	0.008880	0.027322	0.020150	0.017077	0.012295	0.022199	0.019467	0.012295	0.014344	0.007514	0.019809	0.012295	0.025615	
0.026298	0.024249	0.014686	0.013661	0.017077	0.018784	0.009904	0.010929	0.009904	0.017418	0.006831	0.007514	0.007855	0.021175	0.011270	0.014344	0.023566	0.024590	0.019809	0.015369	0.023224	0.023566	0.024932	0.016052	0.016735	0.030055	0.013320	0.014003	0.003757	0.016052	0.019809	0.014003	0.021858	0.016052	0.009563	0.014686	0.017077	0.032787	0.023566	0.011612	0.005464	0.028689	0.014344	0.009904	0.003074	0.020150	0.014686	0.019467	0.005464	0.009221	0.003757	0.010246	0.020492	0.021175	0.019126	0.013320	0.015369	0.017077	0.010587	0.007855	0.006831	0.026639	0.014003	0.026981	
0.024932	0.028005	0.010587	0.013661	0.019809	0.023224	0.020150	0.010929	0.012978	0.019809	0.009221	0.005806	0.010587	0.016393	0.009904	0.017077	0.022883	0.020150	0.017077	0.017760	0.024590	0.025273	0.027664	0.018784	0.015710	0.025956	0.021175	0.014686	0.006831	0.013320	0.019467	0.012295	0.018443	0.012295	0.006489	0.010246	0.020150	0.035178	0.017418	0.020492	0.006489	0.021858	0.006831	0.009904	0.005464	0.009904	0.008197	0.015710	0.007855	0.004781	0.003074	0.005806	0.023566	0.021175	0.025615	0.013661	0.018443	0.019126	0.012295	0.009904	0.009563	0.025615	0.016735	0.022883	
0.021175	0.021858	0.014344	0.016735	0.018101	0.023566	0.010929	0.012637	0.008538	0.014686	0.007514	0.006489	0.009221	0.015710	0.007855	0.014686	0.029372	0.020492	0.019467	0.018784	0.024249	0.027664	0.025615	0.027322	0.024590	0.029030	0.019809	0.017418	0.007514	0.016393	0.019467	0.020492	0.017077	0.017077	0.004098	0.015369	0.018784	0.027664	0.021516	0.018784	0.008880	0.024590	0.006489	0.009563	0.005806	0.015369	0.004098	0.015027	0.011612	0.008880	0.005123	0.006831	0.021175	0.015027	0.016052	0.012978	0.021175	0.012978	0.010587	0.009563	0.008197	0.022541	0.011954	0.025273	
0.022883	0.029372	0.010929	0.016052	0.019809	0.023566	0.012978	0.011954	0.011270	0.015710	0.007514	0.008538	0.010246	0.021516	0.006148	0.019809	0.025273	0.024590	0.015369	0.017077	0.022883	0.026981	0.024590	0.019467	0.016052	0.027322	0.017760	0.012978	0.007514	0.018101	0.025956	0.020150	0.020833	0.024590	0.006148	0.011612	0.019809	0.022541	0.022541	0.016393	0.007514	0.020150	0.006831	0.009904	0.006831	0.014686	0.008197	0.013320	0.009904	0.010246	0.003415	0.007172	0.026639	0.018101	0.014686	0.010587	0.013320	0.012978	0.007855	0.009221	0.007172	0.027322	0.015369	0.025615	
0.024249	0.026981	0.012295	0.015369	0.028347	0.022541	0.021516	0.016393	0.009563	0.014344	0.004440	0.007514	0.007514	0.019126	0.011270	0.014003	0.028347	0.022541	0.016735	0.021516	0.020833	0.023224	0.022883	0.024249	0.016735	0.026639	0.016735	0.014686	0.007172	0.015027	0.016735	0.019467	0.011954	0.017077	0.005806	0.013320	0.015710	0.031421	0.014344	0.014686	0.008880	0.014686	0.007514	0.008880	0.006831	0.015369	0.007855	0.010587	0.011270	0.007855	0.004440	0.008197	0.026981	0.023224	0.018101	0.013320	0.015369	0.019126	0.010929	0.010246	0.011612	0.022199	0.017077	0.028005	
0.023224	0.023566	0.011612	0.017418	0.020150	0.023566	0.015369	0.015369	0.011270	0.016393	0.006831	0.004781	0.008538	0.017760	0.009563	0.022541	0.028689	0.022199	0.020492	0.020492	0.025273	0.024932	0.025273	0.024932	0.022541	0.029372	0.011954	0.012978	0.008197	0.017760	0.022883	0.019809	0.012637	0.016393	0.006489	0.015027	0.018101	0.025273	0.014686	0.016735	0.010246	0.012637	0.005806	0.010929	0.006489	0.009904	0.008880	0.016052	0.014003	0.010929	0.003415	0.004781	0.022883	0.013661	0.016735	0.018443	0.017418	0.016735	0.007172	0.011612	0.009221	0.022199	0.017418	0.023224	
0.024932	0.026298	0.013661	0.013661	0.019467	0.023566	0.013661	0.016393	0.008880	0.014003	0.009563	0.009563	0.008197	0.019467	0.010929	0.019126	0.029372	0.022199	0.018443	0.016393	0.018101	0.019467	0.022883	0.026981	0.019467	0.023907	0.014003	0.014686	0.007855	0.014686	0.029713	0.023224	0.023224	0.018101	0.005806	0.014344	0.012978	0.030055	0.018101	0.014003	0.006148	0.011954	0.004440	0.009221	0.007855	0.011270	0.008880	0.012295	0.012295	0.009904	0.002049	0.008197	0.021175	0.019809	0.014003	0.012637	0.019467	0.019126	0.012978	0.007172	0.011270	0.025956	0.015710	0.028689	
0.027664	0.029030	0.016052	0.017077	0.022541	0.025273	0.012637	0.016052	0.012637	0.012978	0.008197	0.006148	0.010246	0.018101	0.007172	0.017077	0.020492	0.022883	0.015027	0.013320	0.023907	0.023907	0.025615	0.019467	0.018443	0.026981	0.011954	0.011270	0.008538	0.015027	0.025956	0.020492	0.017760	0.014003	0.008880	0.013320	0.014686	0.024932	0.014344	0.015027	0.009904	0.015710	0.007172	0.008197	0.008197	0.009563	0.007172	0.015710	0.012637	0.007855	0.005464	0.009221	0.018784	0.016735	0.019126	0.016735	0.017418	0.022541	0.011954	0.013320	0.015027	0.027664	0.014003	0.026639	
0.024249	0.021516	0.015710	0.017077	0.019126	0.019126	0.016735	0.018784	0.008880	0.018443	0.007855	0.010246	0.009221	0.014344	0.009904	0.019467	0.027322	0.015710	0.018443	0.018443	0.020833	0.019467	0.023224	0.027322	0.027322	0.020492	0.010587	0.013320	0.010246	0.012637	0.025615	0.018784	0.015027	0.014344	0.008538	0.020492	0.021175	0.024249	0.016393	0.016393	0.011270	0.012637	0.006489	0.008880	0.006489	0.012637	0.005123	0.014686	0.016052	0.008538	0.007172	0.010246	0.020492	0.014686	0.014344	0.020833	0.022541	0.015710	0.007514	0.008538	0.011612	0.021858	0.017760	0.028689	
0.026639	0.019467	0.022541	0.014003	0.014003	0.020492	0.011954	0.013661	0.012978	0.015027	0.013320	0.008538	0.011954	0.021175	0.014686	0.018443	0.025615	0.019809	0.021516	0.014686	0.018101	0.019126	0.021858	0.018443	0.017077	0.022883	0.017760	0.012978	0.010587	0.017077	0.036544	0.019126	0.023224	0.021175	0.009221	0.016393	0.013661	0.023907	0.016052	0.013661	0.007855	0.009904	0.006489	0.008197	0.004440	0.013320	0.010929	0.012295	0.008538	0.012637	0.006489	0.009904	0.018443	0.015710	0.017760	0.009563	0.018443	0.018784	0.010929	0.010246	0.009904	0.025615	0.015710	0.030396	
0.024932	0.022199	0.021516	0.015369	0.023224	0.019809	0.018101	0.011954	0.015027	0.016735	0.019467	0.008538	0.011270	0.018443	0.010246	0.015027	0.024932	0.012978	0.017760	0.008538	0.022541	0.019809	0.024932	0.011954	0.016735	0.021858	0.018101	0.010929	0.007855	0.010246	0.022541	0.014686	0.019126	0.014003	0.009904	0.013320	0.015369	0.023224	0.015027	0.012978	0.013661	0.017418	0.009563	0.007855	0.003757	0.014003	0.012978	0.009221	0.015710	0.008538	0.005123	0.007514	0.027322	0.014686	0.019809	0.015369	0.025956	0.020150	0.020833	0.010929	0.010929	0.020492	0.019467	0.029372	
0.023224	0.017418	0.027322	0.016735	0.022199	0.016393	0.011954	0.007172	0.014344	0.011270	0.020833	0.007855	0.010587	0.012295	0.010246	0.011612	0.032445	0.020150	0.025273	0.010587	0.019467	0.015369	0.024249	0.018443	0.028347	0.018101	0.019809	0.011612	0.006148	0.014003	0.018784	0.013320	0.026298	0.011954	0.017077	0.016052	0.021175	0.021175	0.020150	0.013661	0.026639	0.017418	0.013320	0.010587	0.007855	0.007514	0.011270	0.011612	0.013661	0.006148	0.007172	0.006831	0.024590	0.010246	0.017077	0.011270	0.024590	0.015369	0.016052	0.009221	0.009563	0.024249	0.013320	0.021175	
0.034495	0.011270	0.040301	0.009563	0.021858	0.009221	0.016735	0.007855	0.020492	0.013320	0.036202	0.006831	0.008538	0.018101	0.014686	0.008880	0.031421	0.012295	0.035519	0.008197	0.020150	0.012978	0.018443	0.011612	0.028005	0.012295	0.024932	0.008197	0.005806	0.007172	0.029030	0.008538	0.025615	0.016393	0.039959	0.011954	0.018443	0.016393	0.019467	0.007855	0.026298	0.010587	0.025273	0.007855	0.006489	0.007172	0.017760	0.007855	0.012637	0.009221	0.006831	0.005464	0.024249	0.010929	0.017077	0.005806	0.016735	0.009221	0.021858	0.005806	0.008880	0.017760	0.017418	0.013661	
0.026639	0.011270	0.057719	0.008538	0.017418	0.007514	0.018784	0.005464	0.028005	0.013320	0.072404	0.008880	0.009563	0.009221	0.010587	0.005806	0.023907	0.007855	0.046790	0.006148	0.014003	0.009904	0.021516	0.004098	0.025615	0.007172	0.034153	0.004781	0.005806	0.003074	0.020492	0.003757	0.017418	0.012637	0.050546	0.010929	0.013320	0.008197	0.018784	0.005123	0.060451	0.013661	0.023566	0.010587	0.005464	0.006148	0.011270	0.005806	0.013661	0.006148	0.007855	0.002049	0.019467	0.006489	0.016735	0.007514	0.030396	0.010246	0.033811	0.004440	0.008197	0.009221	0.015027	0.006489	
0.014344	0.007855	0.055328	0.004098	0.010587	0.005806	0.016393	0.005123	0.026981	0.011954	0.112022	0.011954	0.005806	0.005806	0.011270	0.004781	0.021516	0.006489	0.031762	0.004440	0.006489	0.003757	0.018101	0.003757	0.023566	0.009221	0.038934	0.004098	0.003074	0.002049	0.013661	0.003415	0.022199	0.011954	0.096995	0.013320	0.014003	0.007514	0.016052	0.006831	0.092213	0.015369	0.037910	0.018443	0.002732	0.006148	0.012637	0.007172	0.012978	0.003074	0.010929	0.002049	0.006831	0.006148	0.009904	0.004781	0.019126	0.003757	0.029372	0.005123	0.003757	0.003757	0.009221	0.005123	
0.013320	0.006148	0.043716	0.007855	0.005464	0.005806	0.013320	0.004781	0.029713	0.019126	0.126366	0.019809	0.004098	0.004098	0.009563	0.006148	0.008880	0.006148	0.019467	0.003415	0.002732	0.003757	0.011612	0.005123	0.017077	0.006489	0.033470	0.003415	0.000342	0.001708	0.013320	0.005123	0.025615	0.014686	0.108265	0.013320	0.009904	0.005806	0.019467	0.005123	0.130123	0.013320	0.052596	0.022199	0.005806	0.006831	0.018101	0.008880	0.006148	0.002049	0.005123	0.002049	0.003757	0.002391	0.009904	0.001708	0.011612	0.003757	0.027322	0.004098	0.003415	0.004781	0.006489	0.005806	
0.013320	0.012637	0.020833	0.007172	0.003757	0.007855	0.009563	0.007855	0.033470	0.023907	0.092896	0.026298	0.005123	0.006831	0.005806	0.008880	0.004781	0.005464	0.007855	0.003757	0.004440	0.003415	0.004781	0.005123	0.022541	0.007855	0.017077	0.006831	0.001708	0.005123	0.005806	0.004098	0.036202	0.017418	0.112363	0.022541	0.009563	0.010929	0.014003	0.008197	0.141735	0.019809	0.045082	0.033128	0.014686	0.008880	0.015369	0.010587	0.004440	0.002732	0.003074	0.003415	0.005806	0.003757	0.004781	0.003074	0.016735	0.008197	0.016735	0.005806	0.002391	0.005123	0.009904	0.008538	
0.016735	0.014003	0.013661	0.014344	0.009221	0.009904	0.011612	0.007514	0.043033	0.033470	0.042691	0.024932	0.005464	0.011270	0.007855	0.012295	0.008538	0.006148	0.005123	0.003757	0.002732	0.009904	0.006489	0.006831	0.011612	0.009221	0.006148	0.006148	0.002391	0.003074	0.011270	0.007514	0.047131	0.030738	0.107582	0.029030	0.016052	0.017760	0.010587	0.015369	0.081967	0.026639	0.030396	0.032787	0.017418	0.014003	0.021175	0.019467	0.005806	0.005464	0.009221	0.003415	0.007855	0.007514	0.005123	0.005464	0.014344	0.012295	0.005464	0.004781	0.003074	0.008538	0.007514	0.012978	
0.028689	0.020492	0.014003	0.015027	0.016393	0.015710	0.012295	0.011954	0.035519	0.033128	0.031421	0.035519	0.005806	0.015710	0.010246	0.018784	0.009904	0.012295	0.006831	0.006831	0.008538	0.012978	0.012295	0.011270	0.007514	0.012978	0.005123	0.008197	0.004781	0.006489	0.016393	0.007514	0.044399	0.028689	0.051571	0.026298	0.017760	0.024590	0.015369	0.023907	0.021175	0.020492	0.011954	0.031079	0.012295	0.017760	0.020150	0.018443	0.011612	0.006148	0.006148	0.004440	0.007514	0.010929	0.009563	0.008880	0.017418	0.012637	0.008197	0.009563	0.007855	0.016735	0.010587	0.017077	
0.025273	0.032445	0.015369	0.021516	0.015027	0.016735	0.018101	0.017760	0.012978	0.028689	0.014344	0.022541	0.010246	0.016052	0.009221	0.017077	0.010929	0.016735	0.013661	0.008880	0.014003	0.017760	0.018101	0.014344	0.009221	0.019809	0.009563	0.010929	0.007855	0.010587	0.023224	0.014344	0.024590	0.018443	0.015027	0.023566	0.016052	0.028347	0.017418	0.017418	0.013661	0.015369	0.011954	0.015710	0.014686	0.020492	0.025615	0.023566	0.008538	0.010246	0.005123	0.006831	0.015710	0.017418	0.013661	0.009904	0.020492	0.018443	0.009221	0.009221	0.007172	0.014344	0.018784	0.021516	
0.017418	0.029713	0.011612	0.010587	0.024590	0.019809	0.017077	0.016393	0.012637	0.020492	0.009221	0.006831	0.007172	0.027322	0.010246	0.016052	0.017760	0.016393	0.014686	0.011954	0.013661	0.024932	0.022883	0.018784	0.017418	0.028347	0.008197	0.013320	0.006489	0.014003	0.023224	0.015710	0.018443	0.017760	0.008538	0.011612	0.018101	0.029030	0.019126	0.016052	0.010929	0.017077	0.007855	0.009221	0.008880	0.017760	0.015369	0.016393	0.017418	0.008880	0.007172	0.006489	0.019467	0.015710	0.012295	0.014003	0.029372	0.027664	0.007514	0.012295	0.008880	0.021175	0.019809	0.026639	
0.021516	0.017760	0.019809	0.011954	0.025273	0.019809	0.016393	0.011270	0.010246	0.018443	0.007855	0.005464	0.003757	0.012978	0.009221	0.014686	0.020833	0.018101	0.022883	0.014003	0.019809	0.022883	0.034836	0.011954	0.020150	0.026639	0.014344	0.010246	0.004098	0.014003	0.030396	0.016735	0.023566	0.016393	0.013661	0.016735	0.019126	0.030055	0.027664	0.016735	0.006831	0.015027	0.006831	0.004098	0.002732	0.013320	0.015027	0.010587	0.011270	0.008197	0.006831	0.005123	0.026639	0.015710	0.028347	0.009563	0.023907	0.024590	0.010587	0.009563	0.007172	0.024932	0.016393	0.026298	
0.014344	0.034153	0.014003	0.014686	0.010587	0.024590	0.010587	0.014686	0.009221	0.029713	0.010587	0.013661	0.006489	0.021175	0.004781	0.015369	0.017418	0.042350	0.011612	0.019467	0.008538	0.040984	0.015369	0.023566	0.023907	0.050546	0.010929	0.021858	0.005806	0.014344	0.016052	0.013320	0.016735	0.023566	0.008880	0.011954	0.012295	0.035861	0.015369	0.021175	0.009563	0.012978	0.006489	0.010587	0.004440	0.009904	0.003415	0.011612	0.003415	0.004781	0.004781	0.004781	0.010587	0.031421	0.009221	0.014003	0.021175	0.029372	0.005806	0.014686	0.009221	0.024932	0.012978	0.021175	
0.015710	0.022541	0.007514	0.006148	0.015027	0.066940	0.014344	0.008538	0.006148	0.025273	0.002732	0.005123	0.005806	0.037568	0.001366	0.006148	0.011270	0.017760	0.009221	0.003757	0.015027	0.073770	0.027664	0.016393	0.011954	0.023224	0.007172	0.008197	0.003074	0.027322	0.030738	0.012295	0.015027	0.032445	0.008880	0.007514	0.021858	0.074795	0.015027	0.010929	0.006148	0.017077	0.004781	0.005806	0.010587	0.029713	0.008880	0.011612	0.009563	0.008880	0.004098	0.003415	0.013661	0.032445	0.015710	0.008538	0.011270	0.014344	0.005464	0.006148	0.005123	0.028689	0.012295	0.015369	
0.043033	0.000342	0.005806	0.002391	0.073087	0.000342	0.006831	0.001366	0.025273	0.000342	0.002049	0.002049	0.016393	0.000342	0.002732	0.001366	0.058060	0.000342	0.005123	0.002049	0.221653	0.000342	0.018784	0.007172	0.065915	0.000342	0.003757	0.002732	0.032104	0.000342	0.008880	0.003074	0.028005	0.000342	0.004440	0.002732	0.071038	0.000342	0.005806	0.002732	0.015369	0.000342	0.003074	0.001366	0.019126	0.000342	0.003074	0.002732	0.020492	0.000342	0.002391	0.001366	0.113046	0.000342	0.007855	0.002049	0.050205	0.000342	0.001366	0.001366	0.036885	0.000342	0.003415	0.004781	
0.000342	0.000342	0.000342	0.148566	0.000342	0.000342	0.000342	0.000342	0.000342	0.000342	0.000342	0.016735	0.000342	0.000342	0.000342	0.007514	0.000342	0.000342	0.000342	0.477801	0.000342	0.000342	0.000342	0.000342	0.000342	0.000342	0.000342	0.038251	0.000342	0.000342	0.000342	0.012295	0.000342	0.000342	0.000342	0.155738	0.000342	0.000342	0.000342	0.000342	0.000342	0.000342	0.000342	0.009221	0.000342	0.000342	0.000342	0.006489	0.000342	0.000342	0.000342	0.103484	0.000342	0.000342	0.000342	0.000342	0.000342	0.000342	0.000342	0.017077	0.000342	0.000342	0.000342	0.010929	
0.000342	0.000342	0.000342	0.000342	0.000342	0.000342	0.000342	0.000342	0.000342	0.000342	0.000342	0.000342	0.000342	0.000342	0.884563	0.000342	0.000342	0.000342	0.000342	0.000342	0.000342	0.000342	0.000342	0.000342	0.000342	0.000342	0.000342	0.000342	0.000342	0.000342	0.000342	0.000342	0.000342	0.000342	0.000342	0.000342	0.000342	0.000342	0.000342	0.000342	0.000342	0.000342	0.000342	0.000342	0.000342	0.000342	0.080260	0.000342	0.000342	0.000342	0.000342	0.000342	0.000342	0.000342	0.000342	0.000342	0.000342	0.000342	0.000342	0.000342	0.000342	0.000342	0.036202	0.000342	
0.000342	0.000342	0.000342	0.000342	0.000342	0.000342	0.000342	0.000342	0.000342	0.000342	0.000342	0.000342	0.000342	0.000342	0.000342	0.000342	0.000342	0.000342	0.000342	0.000342	0.000342	0.000342	0.000342	0.000342	0.000342	0.000342	0.000342	0.000342	0.000342	0.000342	0.000342	0.000342	0.000342	0.000342	0.000342	0.000342	0.000342	0.000342	0.000342	0.000342	0.000342	0.000342	0.000342	0.000342	0.000342	0.000342	0.000342	0.000342	0.000342	0.000342	0.000342	0.000342	0.000342	0.000342	0.000342	0.000342	0.470628	0.209699	0.192281	0.128757	0.000342	0.000342	0.000342	0.000342	
0.000342	0.000342	0.000342	0.000342	0.000342	0.000342	0.000342	0.000342	0.000342	0.000342	0.000342	0.000342	0.000342	0.000342	0.000342	0.000342	0.000342	0.000342	0.000342	0.000342	0.000342	0.000342	0.000342	0.000342	0.000342	0.000342	0.000342	0.000342	0.000342	0.000342	0.000342	0.000342	0.184085	0.111680	0.126025	0.049863	0.051571	0.056694	0.054986	0.047473	0.071380	0.079918	0.022883	0.019126	0.007514	0.076844	0.007514	0.037910	0.000342	0.000342	0.000342	0.000342	0.000342	0.000342	0.000342	0.000342	0.000342	0.000342	0.000342	0.000342	0.000342	0.000342	0.000342	0.000342	
0.066257	0.057719	0.029713	0.031421	0.013661	0.047473	0.021516	0.030055	0.007514	0.077186	0.002391	0.039959	0.002049	0.023566	0.010246	0.015027	0.022883	0.010587	0.014003	0.005123	0.009563	0.020833	0.015369	0.011954	0.005123	0.025956	0.005806	0.019126	0.003757	0.015710	0.021175	0.007855	0.024590	0.021516	0.005464	0.020833	0.018784	0.024932	0.013661	0.023566	0.003757	0.010587	0.003074	0.006489	0.003074	0.006148	0.003415	0.007514	0.000342	0.004440	0.000342	0.003415	0.011270	0.033811	0.020150	0.012637	0.000342	0.002732	0.003415	0.002049	0.001366	0.016052	0.008197	0.013320	
0.040642	0.033811	0.020492	0.019126	0.035519	0.022199	0.028689	0.007855	0.016393	0.018443	0.006831	0.007855	0.016735	0.022541	0.013661	0.007855	0.016735	0.010929	0.016052	0.009563	0.037910	0.034153	0.041667	0.013320	0.022541	0.024590	0.011612	0.011954	0.012978	0.016735	0.032104	0.016393	0.004440	0.005123	0.004098	0.003074	0.043716	0.026298	0.033811	0.012637	0.004781	0.006148	0.002391	0.001366	0.014344	0.020833	0.017077	0.015369	0.003757	0.002049	0.002049	0.002391	0.026981	0.007172	0.022199	0.005123	0.016052	0.011954	0.009563	0.005464	0.007172	0.012637	0.012978	0.010929	
0.026639	0.019809	0.006831	0.012295	0.010246	0.007855	0.017418	0.016393	0.010587	0.015027	0.008197	0.008880	0.002049	0.011612	0.004098	0.016393	0.061134	0.035178	0.027664	0.020150	0.023907	0.013661	0.027322	0.024932	0.060792	0.031421	0.011612	0.022541	0.009563	0.009563	0.006831	0.012978	0.018101	0.018784	0.005123	0.017760	0.017418	0.008880	0.019126	0.015710	0.011612	0.007855	0.004098	0.006831	0.002049	0.007172	0.003074	0.014344	0.019467	0.013320	0.004098	0.014344	0.024932	0.011270	0.017077	0.019467	0.035519	0.023224	0.005123	0.011954	0.009221	0.013661	0.004440	0.023224	
0.043033	0.034495	0.035519	0.012295	0.013320	0.031421	0.020492	0.021858	0.009904	0.020833	0.002391	0.010587	0.004098	0.031421	0.012637	0.016393	0.028347	0.012978	0.026298	0.008880	0.009563	0.009221	0.015710	0.007172	0.013320	0.029030	0.010587	0.028005	0.005806	0.019126	0.035861	0.015710	0.033470	0.036202	0.018443	0.030396	0.015710	0.029372	0.014686	0.017760	0.007514	0.010587	0.003415	0.007514	0.006831	0.015710	0.014344	0.013320	0.000342	0.013320	0.000342	0.008880	0.009563	0.013320	0.010587	0.008538	0.000342	0.004781	0.011612	0.001708	0.009221	0.024932	0.017077	0.015710	
0.023907	0.035519	0.029713	0.016052	0.033811	0.025615	0.024249	0.013320	0.022883	0.026639	0.014686	0.016393	0.010587	0.020833	0.012295	0.016735	0.011270	0.013661	0.011954	0.011270	0.028347	0.021516	0.023224	0.010246	0.020833	0.020150	0.008197	0.012295	0.008538	0.017077	0.014344	0.015369	0.011270	0.010246	0.002732	0.006831	0.019467	0.018443	0.014686	0.012637	0.007855	0.009904	0.003415	0.006831	0.012295	0.014686	0.008197	0.012637	0.007172	0.009904	0.004440	0.004440	0.035861	0.018784	0.027664	0.008880	0.030055	0.025273	0.010587	0.014003	0.011270	0.019467	0.012637	0.017760	
0.013661	0.014003	0.010246	0.015710	0.017077	0.016393	0.016735	0.019126	0.014344	0.017077	0.005123	0.012295	0.003415	0.010929	0.004098	0.020150	0.039959	0.024590	0.021175	0.031762	0.019467	0.021858	0.017418	0.025615	0.031079	0.025956	0.011270	0.021516	0.005464	0.015710	0.007172	0.016735	0.019126	0.026981	0.007514	0.028005	0.018443	0.024932	0.014344	0.024249	0.010246	0.010929	0.006148	0.009563	0.005806	0.013320	0.003415	0.026981	0.012637	0.011954	0.004781	0.013320	0.016393	0.016735	0.014344	0.024590	0.017418	0.016393	0.004781	0.008880	0.008538	0.024932	0.003415	0.025615	
0.031421	0.022199	0.018101	0.013661	0.016393	0.031079	0.011954	0.018101	0.006831	0.021858	0.004781	0.010246	0.008880	0.043033	0.014003	0.022883	0.028005	0.014003	0.018784	0.010587	0.018443	0.024932	0.019809	0.016735	0.011612	0.027664	0.003074	0.020492	0.004781	0.029030	0.045082	0.014686	0.031421	0.016393	0.007172	0.018101	0.015369	0.027322	0.014003	0.013661	0.006831	0.011612	0.003074	0.005806	0.010246	0.020833	0.008197	0.012978	0.000342	0.013320	0.000342	0.009221	0.014003	0.025956	0.015710	0.009221	0.000342	0.004781	0.011612	0.001366	0.011612	0.028689	0.029030	0.020150	
0.024249	0.026298	0.024932	0.015710	0.022541	0.016052	0.018443	0.008880	0.012978	0.010587	0.012978	0.007855	0.008880	0.019809	0.011954	0.010929	0.021858	0.019809	0.011954	0.010587	0.031762	0.031079	0.028005	0.018443	0.018443	0.020150	0.008538	0.014344	0.009563	0.016735	0.018443	0.012978	0.009221	0.007172	0.004098	0.005123	0.022883	0.020492	0.014686	0.007855	0.006148	0.007514	0.004440	0.004440	0.006148	0.012978	0.010929	0.007855	0.009221	0.010929	0.009221	0.006148	0.047814	0.019467	0.036544	0.017760	0.037568	0.028689	0.016393	0.013661	0.011270	0.029372	0.011954	0.018101	
0.021858	0.019809	0.006831	0.016052	0.015369	0.014003	0.014344	0.020492	0.014003	0.017760	0.005123	0.013320	0.003415	0.014003	0.003074	0.017077	0.049180	0.029372	0.017077	0.029372	0.018784	0.016052	0.020833	0.031421	0.033811	0.023907	0.011954	0.028005	0.010246	0.012978	0.013661	0.016052	0.022883	0.023566	0.004781	0.023907	0.013661	0.014003	0.012978	0.026298	0.009221	0.014686	0.007172	0.011270	0.002391	0.011612	0.004440	0.021858	0.010929	0.009563	0.004098	0.011270	0.019467	0.012978	0.015369	0.031079	0.018784	0.016393	0.004781	0.013320	0.007514	0.017077	0.003415	0.021858	
0.036544	0.029713	0.023907	0.014686	0.014003	0.038593	0.014686	0.015027	0.003074	0.017418	0.002732	0.009563	0.005123	0.037568	0.011954	0.025956	0.023566	0.014344	0.019467	0.009904	0.009904	0.019467	0.014686	0.012978	0.010587	0.026639	0.007172	0.019126	0.005806	0.026298	0.057036	0.020150	0.030396	0.020492	0.008538	0.016393	0.016393	0.031762	0.011954	0.012637	0.006148	0.011954	0.004440	0.006489	0.012295	0.020833	0.017077	0.015710	0.000342	0.013661	0.000342	0.009221	0.009904	0.022541	0.015710	0.007514	0.000342	0.004781	0.014686	0.004781	0.007855	0.025956	0.021175	0.021858	
0.025956	0.028005	0.025615	0.011270	0.022541	0.024590	0.022199	0.008880	0.018443	0.012978	0.012637	0.008197	0.010929	0.018101	0.010587	0.010587	0.012295	0.019126	0.010587	0.008197	0.026639	0.042008	0.029713	0.014003	0.014686	0.020833	0.007855	0.013661	0.006148	0.015369	0.016735	0.009904	0.004440	0.008538	0.003757	0.003415	0.018443	0.016393	0.015710	0.010246	0.006831	0.009904	0.005464	0.006831	0.007855	0.012978	0.009221	0.009904	0.007514	0.010929	0.005806	0.006831	0.039617	0.019126	0.038934	0.012978	0.038251	0.034153	0.015027	0.019809	0.015027	0.028689	0.021516	0.018443	
0.014003	0.014344	0.007855	0.014003	0.011954	0.014344	0.013320	0.026981	0.013661	0.016393	0.007172	0.008538	0.001708	0.010587	0.002049	0.015369	0.036544	0.022883	0.019126	0.028689	0.025615	0.020150	0.019809	0.036544	0.036544	0.035178	0.010929	0.023907	0.009221	0.011954	0.010587	0.014344	0.024249	0.016393	0.007855	0.029713	0.017760	0.016393	0.018443	0.025273	0.012978	0.011612	0.006148	0.010246	0.004781	0.011954	0.006489	0.025273	0.009221	0.011954	0.005123	0.013661	0.020150	0.014344	0.011954	0.028689	0.019809	0.021516	0.006831	0.009904	0.006831	0.015369	0.004098	0.022541	
0.025956	0.025273	0.018784	0.014003	0.007855	0.035861	0.011612	0.010246	0.003074	0.024249	0.004098	0.008538	0.005123	0.039617	0.016735	0.024590	0.023566	0.016735	0.023566	0.011612	0.009904	0.024249	0.018784	0.012295	0.007172	0.032787	0.004098	0.019467	0.008538	0.033128	0.059426	0.016393	0.027664	0.022541	0.013661	0.019126	0.019809	0.033811	0.012978	0.018101	0.004098	0.015027	0.004440	0.007514	0.008538	0.017418	0.010587	0.016052	0.000342	0.015710	0.000342	0.006148	0.006148	0.021858	0.013661	0.008197	0.000342	0.006489	0.012295	0.004098	0.006831	0.023907	0.028689	0.018101	
0.018443	0.022883	0.023566	0.012637	0.028005	0.019467	0.022541	0.010246	0.011954	0.020833	0.010587	0.012978	0.009563	0.016393	0.012295	0.012637	0.011612	0.012295	0.013320	0.006489	0.026981	0.036202	0.036885	0.015710	0.014344	0.019809	0.010929	0.011954	0.005123	0.016052	0.016052	0.011612	0.003757	0.005464	0.003074	0.002391	0.026981	0.018784	0.021516	0.011270	0.005123	0.009904	0.004098	0.005806	0.008880	0.008538	0.010587	0.011612	0.007172	0.009904	0.007514	0.004440	0.037910	0.016735	0.044057	0.015369	0.036885	0.036202	0.023907	0.018443	0.008538	0.023907	0.025615	0.017077	
0.010587	0.010246	0.006489	0.013661	0.010587	0.009221	0.013320	0.017418	0.016393	0.010929	0.006489	0.013661	0.003415	0.006148	0.004098	0.012295	0.040984	0.028005	0.018101	0.032787	0.020492	0.016393	0.018443	0.035861	0.039617	0.038934	0.022883	0.023566	0.009563	0.012295	0.011270	0.019467	0.023224	0.015369	0.005806	0.023907	0.025615	0.012295	0.018101	0.030738	0.011612	0.021516	0.004781	0.011612	0.005123	0.010587	0.005123	0.028347	0.008538	0.009563	0.002732	0.011270	0.014003	0.011612	0.014686	0.024590	0.018784	0.020492	0.010929	0.014344	0.008538	0.016393	0.003757	0.024249	
0.025273	0.023566	0.021175	0.013320	0.008880	0.031762	0.011270	0.011270	0.005123	0.019809	0.001366	0.006831	0.004440	0.045765	0.013320	0.018101	0.020150	0.017760	0.024590	0.008197	0.005464	0.016735	0.016735	0.010587	0.007855	0.031421	0.007172	0.018101	0.004098	0.029713	0.064208	0.010587	0.026298	0.028689	0.013320	0.018101	0.014003	0.038251	0.023224	0.016393	0.003074	0.025956	0.004440	0.011612	0.012637	0.022199	0.017077	0.011270	0.000342	0.017418	0.000342	0.008538	0.006489	0.021858	0.011954	0.005123	0.000342	0.008197	0.011270	0.004440	0.009563	0.028689	0.029713	0.016393	
0.018101	0.022541	0.018443	0.012978	0.025956	0.022199	0.027322	0.011954	0.017760	0.017760	0.015027	0.008880	0.009563	0.021175	0.008880	0.008538	0.005806	0.016052	0.008197	0.004781	0.025273	0.030396	0.035861	0.017077	0.010246	0.025615	0.014344	0.012978	0.004781	0.009904	0.018101	0.010587	0.003074	0.005806	0.004098	0.003415	0.024590	0.020492	0.026298	0.014003	0.006489	0.008880	0.005123	0.003757	0.006148	0.017077	0.008880	0.008880	0.006489	0.011612	0.006148	0.006489	0.043374	0.022883	0.047473	0.012637	0.036885	0.034153	0.030738	0.022541	0.006831	0.023566	0.014344	0.011612	
0.011270	0.007855	0.004098	0.010246	0.012637	0.011954	0.011954	0.019467	0.011954	0.011270	0.005806	0.007855	0.002732	0.008197	0.003074	0.013661	0.039617	0.028347	0.018443	0.032787	0.019809	0.017760	0.021858	0.036544	0.050546	0.036885	0.022541	0.026981	0.011270	0.011270	0.011612	0.021516	0.021175	0.015710	0.004781	0.029713	0.017418	0.015027	0.017077	0.036885	0.013320	0.020492	0.014003	0.017418	0.004098	0.012637	0.006148	0.025273	0.007172	0.009221	0.001708	0.009221	0.017760	0.015710	0.014686	0.023566	0.012637	0.018443	0.007514	0.011612	0.005123	0.010587	0.004781	0.019126	
0.028005	0.022541	0.015369	0.013320	0.006489	0.034495	0.008538	0.011612	0.004440	0.017418	0.001366	0.005806	0.003074	0.044399	0.017077	0.017418	0.019126	0.016735	0.022541	0.009221	0.010246	0.017760	0.023566	0.008880	0.005464	0.033470	0.007514	0.019126	0.007172	0.026981	0.065232	0.017077	0.024932	0.032787	0.014686	0.016052	0.014686	0.040984	0.019467	0.011954	0.006489	0.026981	0.005806	0.010587	0.010587	0.022883	0.015710	0.014686	0.000342	0.014686	0.000342	0.007855	0.006489	0.019809	0.010929	0.005464	0.000342	0.006489	0.013320	0.005464	0.005806	0.030055	0.027322	0.016393	
0.014003	0.029713	0.020150	0.008538	0.027322	0.020492	0.027322	0.011612	0.012295	0.016735	0.014003	0.009904	0.003757	0.018784	0.014686	0.009221	0.011270	0.009221	0.012295	0.005123	0.023566	0.037227	0.039617	0.012637	0.014686	0.020150	0.019467	0.008197	0.001708	0.007855	0.017760	0.010587	0.002732	0.006489	0.004440	0.003074	0.020833	0.023907	0.024590	0.015027	0.004098	0.011612	0.006831	0.005464	0.005464	0.013661	0.010587	0.011270	0.005464	0.008538	0.007514	0.005123	0.036202	0.019809	0.054986	0.013320	0.035519	0.039959	0.030738	0.019126	0.006148	0.023566	0.022199	0.013661	
0.009221	0.009221	0.006148	0.008880	0.010929	0.014686	0.009221	0.019126	0.012978	0.012295	0.010246	0.008880	0.003074	0.006831	0.002391	0.009563	0.031762	0.026639	0.017418	0.032104	0.018784	0.020150	0.023566	0.038934	0.044399	0.049180	0.026981	0.025956	0.006148	0.011270	0.015027	0.020150	0.011954	0.018784	0.007514	0.028347	0.015710	0.016735	0.018784	0.037227	0.015369	0.025956	0.011954	0.017760	0.001708	0.011954	0.005123	0.023907	0.005464	0.004440	0.001025	0.006148	0.018101	0.010246	0.010587	0.024932	0.014003	0.028005	0.011612	0.011612	0.008538	0.012637	0.005123	0.018443	
0.021175	0.017418	0.012978	0.006831	0.008197	0.035519	0.008880	0.006489	0.003074	0.019126	0.002732	0.007172	0.003415	0.040984	0.016052	0.015027	0.023224	0.011954	0.021516	0.006831	0.008880	0.020833	0.022541	0.009563	0.007855	0.032445	0.008880	0.012978	0.004440	0.031762	0.071721	0.012295	0.025956	0.026298	0.014344	0.020150	0.019467	0.056694	0.023566	0.015710	0.006148	0.031421	0.007855	0.015369	0.007514	0.023566	0.020833	0.012295	0.000342	0.011954	0.000342	0.006831	0.005464	0.016735	0.015369	0.005123	0.000342	0.010929	0.013661	0.002732	0.004440	0.026981	0.026298	0.014344	
0.015027	0.023224	0.019126	0.013320	0.018101	0.020492	0.020833	0.008197	0.011954	0.016052	0.014344	0.006831	0.003757	0.011270	0.016052	0.009563	0.008538	0.013661	0.011954	0.007855	0.026298	0.041667	0.045423	0.016393	0.014344	0.025273	0.019809	0.010929	0.002732	0.009904	0.016735	0.007514	0.003415	0.005123	0.002391	0.006489	0.018443	0.029713	0.033470	0.012295	0.006831	0.014686	0.005806	0.005806	0.004098	0.010587	0.012295	0.011270	0.003415	0.007855	0.005806	0.002732	0.034153	0.021858	0.053620	0.013661	0.033128	0.039276	0.035519	0.026981	0.006831	0.014686	0.020150	0.012295	
0.010587	0.007172	0.005464	0.007172	0.007855	0.014344	0.009221	0.018443	0.012978	0.011612	0.007855	0.006831	0.002732	0.008197	0.003757	0.015710	0.029713	0.024249	0.020492	0.022541	0.019126	0.021175	0.022541	0.050888	0.050205	0.047473	0.031079	0.024590	0.005806	0.013661	0.012637	0.018443	0.015710	0.016052	0.004781	0.029713	0.017077	0.016735	0.019809	0.041667	0.017760	0.026639	0.013661	0.017418	0.006148	0.011612	0.006148	0.026639	0.006831	0.005123	0.001708	0.003757	0.011612	0.006489	0.010587	0.017760	0.020833	0.022541	0.008538	0.013320	0.006831	0.009563	0.006148	0.018101	
0.020492	0.020833	0.015027	0.006489	0.005464	0.026298	0.009563	0.011270	0.001025	0.022541	0.001708	0.007172	0.003415	0.036544	0.009904	0.013320	0.013661	0.012637	0.023566	0.005806	0.008197	0.019467	0.022883	0.008197	0.006489	0.032787	0.007855	0.015027	0.004440	0.032104	0.082992	0.009221	0.036202	0.028347	0.014344	0.022883	0.012295	0.057036	0.024932	0.014003	0.003415	0.033128	0.008880	0.015710	0.006489	0.029372	0.016735	0.009563	0.000342	0.014344	0.000342	0.006489	0.006489	0.017418	0.015369	0.003757	0.000342	0.008880	0.017418	0.002049	0.006148	0.034836	0.022199	0.015710	
0.016052	0.021516	0.022883	0.010246	0.019809	0.023224	0.028005	0.005123	0.010587	0.018101	0.016735	0.007855	0.006489	0.013320	0.014344	0.007514	0.005464	0.010246	0.010929	0.005806	0.032787	0.028347	0.042008	0.017077	0.016393	0.024249	0.021175	0.010929	0.003757	0.011954	0.012978	0.008538	0.002391	0.002391	0.003757	0.002732	0.023224	0.030055	0.030396	0.013661	0.006148	0.015027	0.008880	0.005806	0.006489	0.010246	0.014344	0.008880	0.005123	0.006831	0.003757	0.004781	0.043374	0.021175	0.054303	0.014003	0.031421	0.044740	0.035861	0.019809	0.005123	0.015027	0.019126	0.008538	
0.007514	0.010246	0.002732	0.008538	0.009221	0.005806	0.008538	0.017418	0.013320	0.013320	0.007172	0.007514	0.003415	0.005464	0.001708	0.012978	0.036202	0.027664	0.021516	0.033811	0.020150	0.017760	0.021175	0.043716	0.042350	0.048156	0.033128	0.031079	0.008538	0.014344	0.012637	0.014344	0.013661	0.015710	0.006489	0.028689	0.018443	0.016393	0.021175	0.046107	0.016052	0.030738	0.013661	0.022199	0.002732	0.012637	0.006489	0.022541	0.005464	0.005806	0.001708	0.008880	0.014344	0.009563	0.010246	0.016393	0.018784	0.020833	0.010587	0.010587	0.006489	0.009563	0.004098	0.013320	
0.017760	0.021516	0.016393	0.007172	0.008197	0.029713	0.012295	0.009221	0.001025	0.019467	0.002732	0.009221	0.002732	0.041667	0.018101	0.017418	0.015710	0.015369	0.023907	0.007172	0.007172	0.014344	0.018784	0.009221	0.005464	0.030055	0.010246	0.015369	0.004781	0.028689	0.080601	0.009563	0.029372	0.029030	0.012978	0.019126	0.016735	0.061134	0.022541	0.012637	0.005464	0.034495	0.007172	0.017418	0.005123	0.026639	0.022199	0.017418	0.000342	0.012295	0.000342	0.008197	0.004440	0.019467	0.015369	0.002732	0.000342	0.009563	0.012295	0.002732	0.002391	0.026639	0.022883	0.011270	
