>NC_002678
0.017788	0.011266	0.015417	0.012748	0.014527	0.016602	0.018678	0.007708	0.014824	0.018085	0.010969	0.005633	0.003558	0.020753	0.012155	0.010673	0.022235	0.014824	0.016899	0.017492	0.014527	0.012452	0.032315	0.015120	0.025497	0.034687	0.032908	0.015713	0.007708	0.012452	0.021642	0.018085	0.016306	0.018974	0.012452	0.017788	0.018085	0.034984	0.032315	0.018974	0.014231	0.034984	0.016602	0.013934	0.004151	0.016899	0.009191	0.013638	0.009487	0.004744	0.008598	0.008894	0.016009	0.014527	0.019864	0.011859	0.015120	0.015120	0.017195	0.008301	0.003261	0.018974	0.014824	0.012748	
0.022235	0.016306	0.014527	0.012748	0.009191	0.017492	0.018381	0.004744	0.012155	0.018085	0.015417	0.007708	0.007412	0.019271	0.016899	0.013341	0.018678	0.012155	0.015713	0.016602	0.016306	0.020753	0.029054	0.012452	0.022532	0.033501	0.031130	0.016009	0.005040	0.015713	0.018381	0.014527	0.018678	0.016602	0.013341	0.021050	0.016602	0.027868	0.038541	0.019864	0.017195	0.033501	0.015713	0.011266	0.004447	0.016009	0.013638	0.009487	0.005040	0.004151	0.003558	0.005929	0.014824	0.019271	0.022235	0.012748	0.016306	0.018974	0.014527	0.008005	0.004744	0.020457	0.014527	0.015417	
0.017492	0.015417	0.018974	0.012748	0.013045	0.013934	0.015120	0.007115	0.010673	0.014824	0.014527	0.007115	0.009784	0.020753	0.013638	0.012155	0.017492	0.011859	0.014231	0.013341	0.018085	0.016602	0.035873	0.014824	0.023125	0.035577	0.032908	0.016602	0.005633	0.010969	0.017788	0.015417	0.021642	0.020457	0.008005	0.018085	0.023421	0.029944	0.033205	0.017492	0.012748	0.032908	0.018085	0.013045	0.007412	0.013934	0.012155	0.009487	0.006226	0.005633	0.005040	0.004744	0.014231	0.018381	0.026979	0.011859	0.014231	0.024607	0.013045	0.011562	0.005336	0.016899	0.016602	0.013934	
0.016899	0.014231	0.017788	0.013934	0.012748	0.014527	0.015713	0.010377	0.012155	0.015713	0.011859	0.006522	0.007115	0.018974	0.010673	0.012155	0.022532	0.012452	0.018085	0.015713	0.017492	0.014527	0.030537	0.016306	0.024014	0.042692	0.030240	0.014231	0.004447	0.015713	0.017195	0.013934	0.017788	0.018678	0.011266	0.013045	0.018678	0.034687	0.033501	0.021050	0.011562	0.033501	0.020457	0.013045	0.005040	0.020753	0.008894	0.013638	0.006819	0.006522	0.006819	0.008005	0.016009	0.015713	0.018678	0.012155	0.016602	0.015120	0.015713	0.012748	0.005040	0.018678	0.013934	0.013341	
0.018085	0.017492	0.017788	0.010673	0.011859	0.014824	0.016899	0.008301	0.012452	0.018974	0.014527	0.008005	0.004447	0.022532	0.011859	0.011859	0.019864	0.012155	0.017788	0.015120	0.017788	0.016009	0.031426	0.014231	0.018381	0.034984	0.030537	0.014527	0.007412	0.016602	0.021050	0.014824	0.017788	0.016899	0.012748	0.016899	0.020753	0.034391	0.030833	0.021050	0.015713	0.035577	0.014527	0.012452	0.002965	0.017195	0.013341	0.013045	0.005336	0.006226	0.004744	0.005336	0.013045	0.019271	0.025793	0.016009	0.011266	0.018085	0.013638	0.007708	0.003261	0.016602	0.017492	0.015713	
0.018085	0.014824	0.014231	0.013934	0.012155	0.015120	0.013638	0.011859	0.014231	0.018085	0.012748	0.008005	0.009191	0.018678	0.008598	0.011562	0.017788	0.011562	0.016602	0.017492	0.022828	0.016899	0.028758	0.016009	0.026979	0.037948	0.026682	0.013341	0.007412	0.015713	0.021346	0.015120	0.018678	0.013045	0.012748	0.013341	0.022235	0.029054	0.034391	0.021939	0.011562	0.033501	0.013638	0.014527	0.005336	0.015120	0.012452	0.009784	0.003854	0.003261	0.005040	0.005929	0.017788	0.020753	0.024311	0.010080	0.017492	0.019864	0.018381	0.008005	0.006522	0.019864	0.013638	0.015417	
0.017195	0.017195	0.013045	0.010969	0.010377	0.012748	0.011562	0.008005	0.008894	0.017788	0.015713	0.006226	0.005929	0.020160	0.009191	0.015417	0.021642	0.016009	0.016602	0.020753	0.024014	0.016306	0.026090	0.015417	0.026682	0.031723	0.029647	0.013045	0.008005	0.015120	0.018085	0.018678	0.017195	0.018085	0.013638	0.021346	0.022235	0.032315	0.030240	0.024607	0.013045	0.032019	0.016306	0.010080	0.005040	0.018085	0.009784	0.010969	0.006522	0.007115	0.007115	0.007708	0.016306	0.016306	0.023421	0.013341	0.017788	0.017195	0.013934	0.007115	0.004744	0.019864	0.013341	0.013934	
0.017492	0.016306	0.014527	0.014231	0.013341	0.018085	0.017788	0.009191	0.013341	0.017788	0.012452	0.006819	0.008598	0.022532	0.017492	0.012155	0.022532	0.011859	0.019567	0.018974	0.018974	0.016306	0.030240	0.012155	0.025793	0.028165	0.023125	0.014231	0.006819	0.017492	0.023718	0.013341	0.021642	0.014824	0.015120	0.014824	0.018678	0.032908	0.032612	0.014527	0.016306	0.036763	0.010673	0.011859	0.002668	0.012452	0.010969	0.010377	0.007412	0.005040	0.003558	0.007708	0.018085	0.015417	0.026386	0.013341	0.011266	0.015417	0.014824	0.008894	0.005040	0.019567	0.015713	0.018678	
0.019864	0.018085	0.015713	0.015417	0.013045	0.017492	0.010080	0.007412	0.013638	0.014824	0.016602	0.007708	0.008005	0.021050	0.013045	0.013638	0.021346	0.014527	0.020160	0.013045	0.023421	0.017195	0.030240	0.011859	0.026979	0.034391	0.030537	0.015120	0.005040	0.011859	0.018678	0.013638	0.019271	0.018381	0.013341	0.015713	0.021346	0.031130	0.031426	0.014231	0.012748	0.025200	0.011562	0.011562	0.005633	0.017788	0.006226	0.012155	0.005633	0.004744	0.006522	0.006226	0.021642	0.013638	0.024607	0.012155	0.021346	0.018678	0.016306	0.011562	0.005336	0.017195	0.017492	0.014527	
0.018678	0.020160	0.016602	0.010673	0.010969	0.018678	0.017195	0.008894	0.016602	0.021642	0.012155	0.005336	0.006226	0.019864	0.010673	0.013638	0.025793	0.015417	0.018974	0.019271	0.016602	0.014231	0.028461	0.020160	0.025200	0.037059	0.024311	0.009784	0.005336	0.013045	0.014527	0.012748	0.024904	0.018381	0.011562	0.019864	0.022532	0.026682	0.026682	0.017195	0.015120	0.032908	0.012452	0.014527	0.003854	0.018974	0.006819	0.016306	0.005929	0.004744	0.005633	0.007708	0.017195	0.019271	0.019864	0.011562	0.016899	0.019271	0.012155	0.007115	0.005336	0.021642	0.013638	0.013341	
0.022532	0.017788	0.020160	0.014824	0.013934	0.019567	0.016009	0.009191	0.016602	0.016009	0.014824	0.005336	0.005336	0.020753	0.019864	0.011562	0.024607	0.014527	0.016602	0.011562	0.019864	0.018381	0.026386	0.014231	0.023421	0.029054	0.026090	0.013638	0.006819	0.012748	0.021939	0.016306	0.023125	0.018974	0.012452	0.019271	0.024014	0.037059	0.034094	0.015713	0.013934	0.024904	0.011859	0.010377	0.005929	0.013638	0.007115	0.010080	0.004744	0.004744	0.003854	0.007412	0.016009	0.016009	0.027868	0.013638	0.013045	0.016009	0.011266	0.005336	0.005633	0.019567	0.013638	0.017195	
0.024014	0.022532	0.016306	0.012155	0.016602	0.018381	0.014231	0.006819	0.016009	0.017788	0.014527	0.004744	0.005929	0.022235	0.013934	0.010969	0.028165	0.013638	0.019271	0.012748	0.028758	0.018085	0.029351	0.014824	0.028165	0.036466	0.027572	0.012155	0.007708	0.014231	0.017788	0.013045	0.024607	0.018381	0.010377	0.013638	0.019864	0.026682	0.024904	0.014527	0.014824	0.026682	0.013934	0.008598	0.003261	0.011859	0.009784	0.009784	0.009784	0.004744	0.004447	0.004744	0.018678	0.011859	0.023718	0.012452	0.019271	0.021050	0.014824	0.007412	0.006522	0.018085	0.014824	0.015713	
0.025497	0.024607	0.020753	0.015713	0.014231	0.019271	0.017492	0.008301	0.015417	0.018085	0.010969	0.005929	0.005929	0.017788	0.008598	0.010969	0.028165	0.012452	0.023421	0.019864	0.019271	0.012748	0.026979	0.016009	0.024904	0.028461	0.024904	0.013934	0.004447	0.011859	0.016306	0.016009	0.023718	0.022235	0.014824	0.017492	0.026090	0.029054	0.024607	0.022235	0.018085	0.025497	0.014231	0.013045	0.004744	0.012452	0.005336	0.010377	0.006819	0.003854	0.008598	0.004151	0.022828	0.011562	0.019271	0.012748	0.021939	0.012155	0.013341	0.008894	0.004744	0.013934	0.016602	0.014231	
0.024311	0.021346	0.023718	0.014824	0.015713	0.019271	0.016899	0.011266	0.018085	0.021939	0.018974	0.008598	0.008005	0.019271	0.016009	0.013934	0.028165	0.014824	0.020753	0.018678	0.019864	0.016602	0.024904	0.011266	0.021939	0.027572	0.029054	0.009784	0.006522	0.016602	0.025200	0.010969	0.029054	0.016306	0.016306	0.018678	0.017492	0.024014	0.026386	0.016306	0.017788	0.021939	0.013045	0.010673	0.005040	0.010969	0.012155	0.013638	0.003558	0.003854	0.002965	0.009487	0.013045	0.012452	0.019567	0.010969	0.013934	0.011266	0.015417	0.006226	0.002965	0.017788	0.015120	0.015713	
0.027868	0.022235	0.023718	0.011266	0.015713	0.015713	0.014824	0.010080	0.016899	0.019567	0.021642	0.005633	0.012155	0.016306	0.016009	0.017195	0.022828	0.009784	0.016306	0.017195	0.016602	0.016009	0.026386	0.013341	0.025793	0.024607	0.027868	0.009487	0.005633	0.009487	0.022532	0.012155	0.024014	0.016306	0.017195	0.014231	0.023718	0.023421	0.023421	0.012155	0.025200	0.023718	0.018974	0.008598	0.006226	0.008005	0.011859	0.009191	0.005633	0.007708	0.005040	0.004151	0.018085	0.014231	0.024014	0.008301	0.020457	0.015417	0.024607	0.008005	0.005633	0.019567	0.015713	0.013341	
0.026090	0.014824	0.024607	0.014824	0.012748	0.013341	0.018085	0.011859	0.016306	0.016009	0.022828	0.007115	0.006522	0.017492	0.009784	0.013045	0.024904	0.013638	0.023125	0.012452	0.013934	0.015120	0.026682	0.013638	0.025200	0.026386	0.027275	0.009784	0.005336	0.011562	0.018085	0.008894	0.028758	0.021050	0.023718	0.014824	0.022235	0.023125	0.024014	0.013934	0.028461	0.031130	0.021050	0.012452	0.004744	0.009191	0.006522	0.011266	0.010969	0.004151	0.007708	0.006819	0.012748	0.015120	0.016899	0.008598	0.024607	0.016602	0.016899	0.008005	0.005040	0.015417	0.015120	0.016306	
0.022828	0.018678	0.036466	0.012748	0.016009	0.013934	0.015713	0.008005	0.022235	0.016009	0.035577	0.005336	0.006522	0.014527	0.021050	0.006819	0.021642	0.006522	0.022235	0.011266	0.016602	0.011266	0.031426	0.007412	0.022532	0.020753	0.033798	0.008598	0.007708	0.010080	0.018678	0.011562	0.029944	0.016306	0.031130	0.017195	0.020457	0.021939	0.030537	0.017195	0.033501	0.016602	0.027572	0.010377	0.004151	0.008301	0.016306	0.008598	0.004744	0.003854	0.006819	0.006226	0.015713	0.011266	0.019271	0.007412	0.015120	0.011859	0.016306	0.006226	0.006226	0.016009	0.017195	0.010080	
0.022235	0.013341	0.035577	0.008005	0.011859	0.009784	0.018678	0.005040	0.020753	0.015417	0.055144	0.005336	0.010377	0.012155	0.015417	0.009487	0.023718	0.008894	0.025497	0.010673	0.016306	0.009191	0.024904	0.008005	0.028165	0.018381	0.043878	0.006522	0.010969	0.005929	0.015417	0.007708	0.027868	0.018381	0.034984	0.012155	0.016306	0.014231	0.024904	0.009784	0.048325	0.017788	0.038541	0.008598	0.003854	0.009191	0.009784	0.007708	0.005633	0.004447	0.008301	0.006226	0.012452	0.008005	0.018381	0.010080	0.018678	0.013045	0.035577	0.005929	0.006522	0.007708	0.013934	0.008894	
0.015713	0.008894	0.045657	0.009191	0.010969	0.011266	0.018678	0.004151	0.019864	0.013045	0.063741	0.007708	0.005929	0.015120	0.007708	0.008301	0.012155	0.009487	0.023421	0.011859	0.005929	0.008301	0.020160	0.006819	0.019271	0.017492	0.042988	0.007115	0.002965	0.005633	0.016602	0.007708	0.024014	0.016899	0.058109	0.016899	0.012155	0.018678	0.022828	0.010969	0.075600	0.024014	0.056033	0.017492	0.005336	0.007708	0.005040	0.008301	0.008005	0.002965	0.015713	0.005040	0.008894	0.006819	0.014231	0.005040	0.018381	0.009191	0.024311	0.002668	0.001186	0.011266	0.009784	0.011562	
0.015713	0.008598	0.027572	0.008005	0.010377	0.010969	0.011859	0.005040	0.020457	0.018085	0.095168	0.009191	0.009487	0.011266	0.015713	0.006522	0.007708	0.007115	0.018381	0.004744	0.009191	0.007708	0.018974	0.009191	0.016899	0.016602	0.036763	0.005633	0.003854	0.004447	0.012748	0.005929	0.022828	0.017492	0.076786	0.016009	0.012748	0.017492	0.024311	0.009191	0.093685	0.021642	0.057516	0.014231	0.004151	0.008894	0.012452	0.009487	0.002372	0.003261	0.005633	0.004151	0.011266	0.007115	0.015417	0.005929	0.009487	0.006819	0.018381	0.004447	0.002965	0.010673	0.013934	0.008301	
0.012748	0.010080	0.020160	0.005633	0.011266	0.010969	0.010673	0.003558	0.032908	0.021050	0.062556	0.011859	0.006226	0.008301	0.010673	0.007708	0.012155	0.006226	0.014231	0.010969	0.010377	0.006819	0.016009	0.010080	0.018381	0.023125	0.023421	0.005633	0.004447	0.006819	0.011562	0.006522	0.029054	0.018678	0.078269	0.014527	0.018381	0.015713	0.019864	0.009191	0.107323	0.030537	0.051586	0.018381	0.006819	0.006522	0.009487	0.010673	0.006522	0.004151	0.005040	0.004744	0.008301	0.006819	0.012748	0.007412	0.013341	0.016602	0.018678	0.006226	0.002668	0.007708	0.012748	0.007115	
0.020457	0.013638	0.017195	0.009191	0.011562	0.010969	0.010377	0.006226	0.037059	0.026682	0.040024	0.013934	0.004151	0.013638	0.007412	0.010673	0.013934	0.007412	0.017788	0.009191	0.008894	0.008005	0.014231	0.009191	0.016602	0.018085	0.017492	0.007115	0.002668	0.007708	0.011562	0.008301	0.033798	0.031723	0.082716	0.023718	0.019567	0.028165	0.026090	0.017492	0.060777	0.040913	0.032612	0.021939	0.007412	0.012155	0.006819	0.015713	0.003558	0.002965	0.007115	0.006522	0.005929	0.006226	0.011562	0.005633	0.016009	0.009191	0.015120	0.004151	0.003558	0.012155	0.006522	0.009784	
0.021050	0.015417	0.021346	0.013934	0.016306	0.013638	0.018381	0.007412	0.037652	0.029944	0.042692	0.014527	0.007708	0.014527	0.016306	0.010080	0.015417	0.007708	0.011859	0.010969	0.010377	0.011266	0.018678	0.013045	0.016602	0.019567	0.019864	0.006226	0.004151	0.010080	0.015120	0.009191	0.036466	0.029647	0.040024	0.024311	0.023421	0.025497	0.029647	0.016306	0.033205	0.030537	0.024014	0.017492	0.009191	0.011859	0.014824	0.011266	0.004447	0.002372	0.005929	0.005040	0.011266	0.009487	0.016306	0.008598	0.009784	0.010673	0.007115	0.004744	0.005336	0.012748	0.013341	0.013045	
0.025497	0.021939	0.018974	0.010969	0.013934	0.018085	0.015713	0.007412	0.022235	0.022532	0.026979	0.007412	0.009784	0.017492	0.016306	0.010673	0.018678	0.015417	0.015417	0.011859	0.016009	0.014231	0.017492	0.012155	0.025793	0.024904	0.022532	0.009784	0.006819	0.011562	0.018974	0.008005	0.030537	0.028461	0.021346	0.016899	0.024607	0.025793	0.024607	0.015713	0.026386	0.032019	0.021050	0.014231	0.006226	0.011266	0.013045	0.012452	0.007708	0.005929	0.007708	0.005040	0.010080	0.015713	0.015417	0.008005	0.019864	0.016899	0.015417	0.007412	0.002965	0.012155	0.012748	0.015713	
0.023421	0.021050	0.025497	0.012452	0.019271	0.018678	0.022828	0.010969	0.016306	0.021642	0.016899	0.008598	0.005929	0.020457	0.005633	0.012748	0.016306	0.012452	0.020753	0.015120	0.014527	0.015713	0.029054	0.014527	0.016009	0.026979	0.019567	0.010673	0.005633	0.008301	0.019567	0.009784	0.026682	0.026090	0.024014	0.017492	0.023125	0.028758	0.023718	0.020753	0.019567	0.033798	0.017195	0.015417	0.006522	0.012155	0.006522	0.013638	0.007412	0.002965	0.008894	0.006522	0.015713	0.011562	0.017492	0.007708	0.024014	0.015713	0.013638	0.007708	0.003261	0.013638	0.016009	0.013934	
0.028165	0.012452	0.023125	0.010080	0.017788	0.014824	0.022532	0.007412	0.032908	0.019271	0.019567	0.007412	0.009487	0.014527	0.016899	0.010673	0.018085	0.011859	0.028165	0.014527	0.017492	0.012452	0.034094	0.010673	0.024311	0.031426	0.028758	0.008598	0.005633	0.013341	0.023421	0.011562	0.029351	0.015713	0.017195	0.013638	0.023421	0.026979	0.033798	0.013934	0.017788	0.026682	0.015417	0.007412	0.005633	0.010969	0.014231	0.011562	0.004447	0.005040	0.007115	0.004744	0.012452	0.010673	0.022828	0.008598	0.016602	0.011266	0.013341	0.006522	0.004151	0.016899	0.017195	0.011859	
0.023125	0.028165	0.018085	0.010673	0.008894	0.016306	0.010969	0.008894	0.018085	0.031723	0.017492	0.008301	0.005929	0.018085	0.011266	0.007708	0.016009	0.019271	0.013341	0.022532	0.011266	0.017492	0.021050	0.015120	0.027572	0.046546	0.025793	0.013341	0.006522	0.012155	0.010969	0.010969	0.022235	0.039727	0.010969	0.018678	0.021346	0.028461	0.020160	0.018678	0.017195	0.034391	0.014231	0.011266	0.003558	0.010969	0.006522	0.008894	0.004447	0.005040	0.007412	0.008005	0.013045	0.019271	0.013934	0.009487	0.027868	0.021050	0.012748	0.010080	0.004151	0.015713	0.012452	0.013341	
0.028461	0.015120	0.014527	0.007708	0.023718	0.035873	0.024014	0.008598	0.010080	0.023125	0.013934	0.002668	0.005633	0.040617	0.006226	0.007412	0.017195	0.013045	0.015417	0.008894	0.017195	0.029647	0.026979	0.007708	0.013638	0.036466	0.011562	0.004447	0.001482	0.016306	0.027275	0.007115	0.021939	0.032019	0.021050	0.015713	0.024311	0.060777	0.035873	0.012748	0.013341	0.039431	0.011562	0.005929	0.005336	0.024311	0.008005	0.005336	0.004447	0.002965	0.007115	0.005633	0.008894	0.020753	0.020753	0.006522	0.010969	0.017788	0.008598	0.003854	0.002668	0.021642	0.010080	0.006522	
0.058405	0.000296	0.010080	0.003261	0.055144	0.000296	0.007115	0.000593	0.044767	0.000296	0.011859	0.001186	0.024607	0.000296	0.009191	0.003854	0.061370	0.000296	0.010969	0.001482	0.120071	0.000296	0.022532	0.004151	0.086273	0.000296	0.019271	0.001779	0.020753	0.000296	0.011859	0.002668	0.039431	0.000296	0.007412	0.000889	0.088349	0.000296	0.024311	0.003854	0.032612	0.000296	0.011266	0.001482	0.008894	0.000296	0.005633	0.002075	0.012155	0.000296	0.001186	0.001482	0.079751	0.000296	0.019567	0.003261	0.043285	0.000296	0.006819	0.001186	0.013638	0.000296	0.009784	0.002668	
0.000296	0.000296	0.000296	0.170471	0.000296	0.000296	0.000296	0.000296	0.000296	0.000296	0.000296	0.028758	0.000296	0.000296	0.000296	0.006226	0.000296	0.000296	0.000296	0.342425	0.000296	0.000296	0.000296	0.000296	0.000296	0.000296	0.000296	0.072636	0.000296	0.000296	0.000296	0.010969	0.000296	0.000296	0.000296	0.206048	0.000296	0.000296	0.000296	0.000296	0.000296	0.000296	0.000296	0.048325	0.000296	0.000296	0.000296	0.004744	0.000296	0.000296	0.000296	0.067003	0.000296	0.000296	0.000296	0.000296	0.000296	0.000296	0.000296	0.035577	0.000296	0.000296	0.000296	0.010377	
0.000296	0.000296	0.000296	0.000296	0.000296	0.000296	0.000296	0.000296	0.000296	0.000296	0.000296	0.000296	0.000296	0.000296	0.785058	0.000296	0.000296	0.000296	0.000296	0.000296	0.000296	0.000296	0.000296	0.000296	0.000296	0.000296	0.000296	0.000296	0.000296	0.000296	0.000296	0.000296	0.000296	0.000296	0.000296	0.000296	0.000296	0.000296	0.000296	0.000296	0.000296	0.000296	0.000296	0.000296	0.000296	0.000296	0.184406	0.000296	0.000296	0.000296	0.000296	0.000296	0.000296	0.000296	0.000296	0.000296	0.000296	0.000296	0.000296	0.000296	0.000296	0.000296	0.031426	0.000296	
0.000296	0.000296	0.000296	0.000296	0.000296	0.000296	0.000296	0.000296	0.000296	0.000296	0.000296	0.000296	0.000296	0.000296	0.000296	0.000296	0.000296	0.000296	0.000296	0.000296	0.000296	0.000296	0.000296	0.000296	0.000296	0.000296	0.000296	0.000296	0.000296	0.000296	0.000296	0.000296	0.000296	0.000296	0.000296	0.000296	0.000296	0.000296	0.000296	0.000296	0.000296	0.000296	0.000296	0.000296	0.000296	0.000296	0.000296	0.000296	0.000296	0.000296	0.000296	0.000296	0.000296	0.000296	0.000296	0.000296	0.403498	0.222650	0.271568	0.103469	0.000296	0.000296	0.000296	0.000296	
0.000296	0.000296	0.000296	0.000296	0.000296	0.000296	0.000296	0.000296	0.000296	0.000296	0.000296	0.000296	0.000296	0.000296	0.000296	0.000296	0.000296	0.000296	0.000296	0.000296	0.000296	0.000296	0.000296	0.000296	0.000296	0.000296	0.000296	0.000296	0.000296	0.000296	0.000296	0.000296	0.118885	0.125408	0.096650	0.063445	0.039134	0.069671	0.064334	0.050400	0.067596	0.135784	0.034687	0.034391	0.005929	0.060777	0.012155	0.025497	0.000296	0.000296	0.000296	0.000296	0.000296	0.000296	0.000296	0.000296	0.000296	0.000296	0.000296	0.000296	0.000296	0.000296	0.000296	0.000296	
0.031723	0.042988	0.030833	0.014231	0.018974	0.061963	0.032019	0.013341	0.008598	0.067299	0.010969	0.010673	0.003854	0.033798	0.017788	0.008894	0.009191	0.006522	0.016602	0.007708	0.013341	0.013934	0.028165	0.015120	0.006819	0.030833	0.015713	0.011859	0.002965	0.015120	0.022828	0.010377	0.018381	0.020160	0.011562	0.018381	0.034094	0.046843	0.034391	0.021346	0.005633	0.014824	0.007115	0.008005	0.001779	0.014824	0.008894	0.009784	0.000296	0.003261	0.000296	0.002965	0.007412	0.022532	0.024607	0.007115	0.000296	0.005633	0.005336	0.001779	0.001482	0.011266	0.005929	0.007708	
0.016899	0.016899	0.016306	0.009487	0.020457	0.017492	0.027275	0.007708	0.021642	0.014824	0.016306	0.006522	0.008598	0.011266	0.012155	0.011266	0.027868	0.010080	0.023718	0.012155	0.043285	0.020160	0.066410	0.015417	0.037652	0.037652	0.035280	0.008598	0.009487	0.009191	0.026090	0.012155	0.006226	0.007115	0.004447	0.003558	0.034094	0.023421	0.046546	0.014527	0.011266	0.013638	0.008301	0.005929	0.005336	0.007412	0.011562	0.008005	0.000889	0.002372	0.002668	0.004151	0.020753	0.015120	0.031426	0.007708	0.020160	0.015417	0.015417	0.004447	0.004447	0.009191	0.014231	0.008894	
0.019864	0.013045	0.007708	0.011266	0.008894	0.006819	0.009784	0.010969	0.014231	0.013934	0.011859	0.007115	0.003261	0.011859	0.002075	0.012155	0.039727	0.025793	0.021050	0.032019	0.022828	0.011859	0.024607	0.016899	0.070857	0.045953	0.029054	0.025793	0.006819	0.011266	0.012748	0.014527	0.029351	0.024311	0.012155	0.024904	0.016899	0.016009	0.025497	0.023125	0.023125	0.029054	0.012452	0.010673	0.002075	0.009191	0.002668	0.011562	0.007412	0.006522	0.006522	0.007412	0.009784	0.008301	0.013934	0.005040	0.029054	0.015417	0.010673	0.008894	0.003558	0.013638	0.004447	0.018678	
0.021939	0.018678	0.040617	0.015120	0.010377	0.029351	0.021050	0.008894	0.013341	0.019271	0.010673	0.004151	0.005633	0.034687	0.019864	0.015417	0.013638	0.008301	0.025497	0.010969	0.005633	0.009784	0.019271	0.008301	0.014231	0.027275	0.014527	0.017788	0.003261	0.016602	0.022828	0.013341	0.039431	0.046546	0.022235	0.029054	0.018085	0.042988	0.029351	0.013934	0.016899	0.026386	0.010377	0.010377	0.004744	0.019567	0.013934	0.014231	0.000296	0.006522	0.000296	0.008598	0.007708	0.013934	0.018678	0.005633	0.000296	0.006522	0.012155	0.002965	0.003854	0.020753	0.017492	0.014824	
0.022532	0.017788	0.021939	0.013045	0.029944	0.019567	0.024311	0.006226	0.034687	0.025200	0.021642	0.007115	0.012155	0.020160	0.016602	0.014824	0.012452	0.008894	0.010377	0.010080	0.029647	0.014824	0.036170	0.015417	0.026979	0.034687	0.018678	0.008005	0.002668	0.010080	0.017195	0.006819	0.013341	0.013045	0.008894	0.009487	0.024014	0.019864	0.025793	0.009784	0.012748	0.018678	0.010969	0.005336	0.005336	0.012155	0.007708	0.010080	0.003261	0.005336	0.004151	0.004744	0.027868	0.018678	0.035873	0.009191	0.028461	0.019271	0.018085	0.008301	0.004744	0.022828	0.017788	0.012452	
0.014527	0.012155	0.012748	0.012155	0.010377	0.011859	0.010673	0.012155	0.009487	0.019567	0.008894	0.007412	0.005929	0.014527	0.005633	0.011266	0.032019	0.030240	0.017788	0.031426	0.016899	0.013341	0.017788	0.024904	0.040913	0.034984	0.020457	0.025793	0.008301	0.013045	0.006522	0.012748	0.032315	0.028758	0.010080	0.031723	0.021642	0.025200	0.023125	0.027868	0.022235	0.023125	0.009784	0.014231	0.003261	0.011266	0.003261	0.010969	0.005633	0.009487	0.003261	0.006522	0.014824	0.012452	0.016306	0.021642	0.016899	0.020160	0.010377	0.011859	0.003854	0.020160	0.005040	0.015120	
0.028758	0.017788	0.026682	0.011266	0.019567	0.034094	0.020753	0.006226	0.010080	0.016602	0.012452	0.004744	0.006819	0.041506	0.018678	0.014824	0.013341	0.014231	0.021939	0.014231	0.010673	0.018678	0.021939	0.011562	0.009191	0.035577	0.011859	0.011266	0.005929	0.028165	0.033205	0.019271	0.026682	0.025200	0.017195	0.020457	0.021642	0.037355	0.023125	0.015713	0.011859	0.020457	0.007412	0.009784	0.004744	0.027275	0.015417	0.011859	0.000296	0.008005	0.000296	0.012748	0.010969	0.019864	0.022532	0.005633	0.000296	0.004744	0.011266	0.004151	0.002075	0.019567	0.014527	0.013934	
0.023125	0.015417	0.018678	0.011859	0.023125	0.013045	0.023125	0.005929	0.021939	0.018678	0.018381	0.007115	0.010377	0.019271	0.016899	0.012155	0.023125	0.010673	0.017195	0.011859	0.032315	0.021050	0.039431	0.017195	0.025793	0.025793	0.027275	0.009487	0.003854	0.009784	0.015120	0.010377	0.009487	0.008598	0.007412	0.005929	0.022532	0.020160	0.024607	0.010080	0.010377	0.013934	0.010969	0.007708	0.003261	0.011266	0.006819	0.008598	0.004151	0.003854	0.005040	0.006522	0.035577	0.018381	0.050104	0.012452	0.024904	0.025497	0.023421	0.008005	0.005336	0.016306	0.025200	0.013045	
0.018974	0.011562	0.011859	0.017492	0.007412	0.011266	0.008894	0.010969	0.010673	0.021939	0.009487	0.006226	0.001779	0.015713	0.006522	0.012155	0.033501	0.025793	0.017788	0.036466	0.013934	0.013638	0.022235	0.022828	0.046546	0.039431	0.025497	0.025793	0.009191	0.011562	0.009784	0.015120	0.022828	0.025200	0.009191	0.025793	0.019567	0.021050	0.020160	0.023125	0.020753	0.028758	0.010969	0.019567	0.001482	0.013934	0.003558	0.013341	0.004151	0.006522	0.001779	0.010377	0.010080	0.013341	0.011266	0.021939	0.018085	0.023125	0.008598	0.014231	0.003854	0.018085	0.004151	0.018085	
0.027275	0.020457	0.018678	0.013045	0.012452	0.032612	0.018381	0.005633	0.009487	0.016899	0.008598	0.005633	0.007412	0.042988	0.020753	0.018974	0.012155	0.011266	0.015713	0.011859	0.011266	0.019271	0.020160	0.008598	0.010673	0.029351	0.010969	0.011562	0.004151	0.029054	0.028165	0.017492	0.029054	0.031723	0.013638	0.021642	0.025497	0.044174	0.028165	0.015417	0.010673	0.029944	0.008301	0.005633	0.006226	0.028165	0.013638	0.017788	0.000296	0.007412	0.000296	0.008301	0.010673	0.021642	0.020753	0.006226	0.000296	0.008005	0.012748	0.002965	0.002965	0.028461	0.011266	0.016009	
0.021050	0.017788	0.017195	0.012748	0.017492	0.017788	0.026386	0.009191	0.018381	0.012748	0.012748	0.004447	0.007708	0.023125	0.015120	0.008894	0.018678	0.014824	0.017788	0.008598	0.036170	0.021050	0.045360	0.015120	0.025200	0.027868	0.026682	0.007708	0.003854	0.009784	0.015120	0.007115	0.010673	0.008894	0.005929	0.005633	0.025793	0.022532	0.024904	0.010969	0.013638	0.012452	0.010377	0.004151	0.003558	0.007115	0.009784	0.005336	0.003558	0.005336	0.006226	0.005633	0.039431	0.026090	0.048028	0.015120	0.022235	0.024904	0.015417	0.011266	0.005633	0.021050	0.024904	0.018678	
0.018085	0.013045	0.010377	0.012452	0.009191	0.011266	0.011266	0.015120	0.011859	0.016899	0.011562	0.006819	0.003558	0.012748	0.005336	0.010969	0.038838	0.024014	0.018381	0.037652	0.018974	0.016306	0.019567	0.032612	0.051290	0.040320	0.025200	0.027868	0.010969	0.013341	0.008005	0.018085	0.026090	0.021642	0.008894	0.022828	0.015120	0.020457	0.019864	0.022532	0.019864	0.024311	0.008005	0.013045	0.001482	0.010969	0.002965	0.012155	0.003558	0.008301	0.002372	0.006522	0.011562	0.013934	0.012452	0.023125	0.021642	0.019567	0.010080	0.013638	0.003261	0.016602	0.004744	0.015417	
0.023421	0.022532	0.029054	0.011562	0.014527	0.029944	0.018381	0.004151	0.008598	0.018678	0.007412	0.005336	0.006226	0.042988	0.016602	0.013638	0.016306	0.008005	0.018381	0.012155	0.009784	0.020457	0.021642	0.010080	0.008005	0.032612	0.013638	0.008894	0.002965	0.032908	0.035577	0.021939	0.028758	0.035577	0.020457	0.019864	0.019271	0.042988	0.026979	0.011859	0.010080	0.026682	0.007708	0.010377	0.005633	0.030537	0.013934	0.011266	0.000296	0.010377	0.000296	0.008301	0.009487	0.018381	0.018974	0.006819	0.000296	0.006522	0.010080	0.004151	0.001779	0.029054	0.011562	0.014231	
0.023125	0.018381	0.017492	0.009784	0.025793	0.021050	0.024311	0.005336	0.024904	0.017195	0.023421	0.002668	0.008005	0.020457	0.015713	0.007708	0.017195	0.010080	0.014527	0.011266	0.037059	0.018381	0.041803	0.014527	0.021050	0.032019	0.025497	0.007412	0.002668	0.009191	0.011266	0.009784	0.008005	0.008301	0.005040	0.005633	0.028758	0.024904	0.021050	0.009784	0.012748	0.014824	0.007708	0.003558	0.005336	0.009784	0.006226	0.007412	0.003558	0.003854	0.003854	0.005336	0.040913	0.025200	0.050993	0.018381	0.028461	0.022532	0.018974	0.007708	0.009487	0.018381	0.021346	0.011859	
0.016306	0.012452	0.009191	0.013934	0.008598	0.008598	0.010080	0.013341	0.013045	0.013045	0.009191	0.005633	0.001779	0.012155	0.003261	0.014824	0.034094	0.031130	0.018085	0.049214	0.018085	0.016899	0.026386	0.028165	0.048325	0.039134	0.028461	0.022235	0.010673	0.013341	0.008301	0.015713	0.026979	0.023125	0.008598	0.028461	0.018974	0.024014	0.021642	0.021939	0.018678	0.027868	0.014824	0.014231	0.001779	0.009191	0.002965	0.007412	0.004151	0.007708	0.003854	0.009784	0.010673	0.012748	0.011859	0.022532	0.015120	0.018085	0.010969	0.010377	0.003854	0.013045	0.004151	0.015713	
0.022532	0.017492	0.029647	0.011859	0.010969	0.036170	0.019864	0.007412	0.010969	0.015417	0.008894	0.004447	0.007115	0.058405	0.019567	0.016306	0.010969	0.011562	0.021050	0.012748	0.010673	0.018085	0.026090	0.007412	0.008894	0.033501	0.017195	0.010377	0.005040	0.031130	0.030240	0.019567	0.023421	0.028461	0.021642	0.021642	0.013934	0.043285	0.029944	0.010969	0.011859	0.036466	0.008598	0.006522	0.004151	0.027868	0.013638	0.006819	0.000296	0.008005	0.000296	0.009487	0.006819	0.017788	0.015417	0.007708	0.000296	0.006522	0.009191	0.002668	0.002668	0.029351	0.010080	0.011562	
0.013341	0.014824	0.015417	0.013638	0.019271	0.016306	0.022828	0.007115	0.022235	0.022828	0.020160	0.007412	0.010377	0.019864	0.016009	0.009487	0.012452	0.008005	0.011266	0.010673	0.026979	0.022532	0.049511	0.016306	0.024311	0.027572	0.027572	0.011859	0.003261	0.008301	0.015417	0.006522	0.008894	0.010969	0.006819	0.005336	0.029944	0.019271	0.030537	0.012155	0.012452	0.021050	0.005336	0.005040	0.002668	0.007412	0.007708	0.006226	0.003854	0.004447	0.006819	0.003854	0.041210	0.024904	0.063445	0.017195	0.022532	0.019271	0.023125	0.008598	0.005633	0.018085	0.018085	0.012452	
0.009487	0.010080	0.006226	0.012748	0.006522	0.009784	0.009191	0.012748	0.008894	0.016306	0.008598	0.006522	0.003261	0.012748	0.005336	0.012155	0.037652	0.024014	0.017492	0.038245	0.014231	0.012748	0.024607	0.031426	0.055440	0.051586	0.029647	0.029647	0.008894	0.012452	0.013341	0.018085	0.023421	0.021939	0.010969	0.025200	0.015713	0.021346	0.024607	0.029054	0.021346	0.030537	0.010080	0.014231	0.002668	0.011562	0.005633	0.013045	0.004151	0.006226	0.002668	0.008894	0.007708	0.010377	0.014527	0.021050	0.017195	0.018678	0.010673	0.010673	0.001186	0.013638	0.004744	0.015120	
0.015417	0.015120	0.029944	0.014231	0.009191	0.028165	0.019864	0.005040	0.005336	0.019567	0.008005	0.004447	0.007412	0.050993	0.014824	0.011859	0.009487	0.008005	0.016899	0.009784	0.009784	0.015417	0.020457	0.008598	0.009784	0.036763	0.015120	0.011266	0.002372	0.033205	0.039134	0.019567	0.029647	0.032908	0.017195	0.023125	0.016602	0.050697	0.035577	0.014231	0.008894	0.034687	0.007115	0.008301	0.004447	0.028165	0.015417	0.013045	0.000296	0.007412	0.000296	0.008005	0.006819	0.017492	0.020160	0.005929	0.000296	0.010080	0.013934	0.004744	0.002668	0.029944	0.012155	0.013638	
0.018678	0.013638	0.013934	0.008598	0.021050	0.013341	0.022532	0.006522	0.019864	0.018085	0.021346	0.005040	0.008598	0.019864	0.017788	0.008894	0.012452	0.010377	0.013934	0.005633	0.026386	0.020160	0.049807	0.015417	0.021346	0.035577	0.031723	0.007412	0.003261	0.009191	0.014231	0.007115	0.006226	0.006522	0.005040	0.006522	0.025200	0.024607	0.037652	0.013638	0.010673	0.018085	0.010673	0.004744	0.004151	0.008598	0.011859	0.004151	0.003854	0.003558	0.005336	0.004151	0.035280	0.024607	0.064334	0.018085	0.022828	0.026979	0.021642	0.010080	0.004744	0.019271	0.025497	0.008598	
0.012748	0.010673	0.006819	0.010969	0.006522	0.008301	0.008005	0.011266	0.010673	0.014824	0.008301	0.004447	0.002372	0.008894	0.004447	0.009191	0.025200	0.026682	0.017492	0.038541	0.016009	0.011562	0.021050	0.034094	0.053661	0.053661	0.036466	0.030537	0.010673	0.012748	0.012155	0.018085	0.023125	0.018085	0.010377	0.023125	0.016306	0.024311	0.021642	0.036466	0.016602	0.035577	0.013934	0.019271	0.001779	0.008894	0.002965	0.013638	0.003261	0.007412	0.002668	0.007412	0.011859	0.010377	0.012155	0.022532	0.016306	0.021346	0.015120	0.016602	0.002668	0.010673	0.003261	0.012155	
0.016602	0.014824	0.023421	0.009487	0.006819	0.029054	0.020160	0.006819	0.005929	0.017492	0.009487	0.004447	0.008005	0.041506	0.015713	0.014824	0.008301	0.013934	0.018974	0.009487	0.007115	0.016306	0.023125	0.008005	0.008005	0.031426	0.014231	0.009191	0.004744	0.034094	0.042395	0.023125	0.021939	0.032315	0.022828	0.020160	0.018085	0.058998	0.030833	0.017492	0.008301	0.043878	0.010377	0.011266	0.003261	0.037355	0.017492	0.012748	0.000296	0.008894	0.000296	0.008005	0.006226	0.013045	0.017195	0.004744	0.000296	0.008301	0.012155	0.002075	0.001779	0.028165	0.013934	0.009191	
0.011266	0.013045	0.016009	0.006819	0.016602	0.018974	0.029351	0.005040	0.018085	0.019567	0.021939	0.005929	0.007115	0.018974	0.014231	0.006819	0.011562	0.008894	0.010377	0.007412	0.024904	0.020457	0.053068	0.018974	0.022828	0.029647	0.032019	0.006819	0.004151	0.008005	0.018085	0.006819	0.006226	0.004151	0.005336	0.006819	0.023421	0.032315	0.033501	0.011859	0.011859	0.016899	0.011266	0.006226	0.001779	0.007708	0.012155	0.005336	0.002075	0.004744	0.004447	0.006522	0.031723	0.022235	0.068189	0.018974	0.023125	0.028758	0.024014	0.013638	0.004447	0.016602	0.022235	0.016602	
0.007708	0.005929	0.008894	0.008598	0.005929	0.006819	0.009191	0.008894	0.008005	0.010377	0.010377	0.007412	0.003558	0.010080	0.004744	0.009191	0.033205	0.019271	0.014824	0.029351	0.016306	0.016602	0.030833	0.030240	0.048325	0.049807	0.051290	0.034687	0.008894	0.014824	0.010080	0.021050	0.021346	0.021346	0.006819	0.026386	0.013341	0.022532	0.024607	0.034391	0.019864	0.038541	0.010969	0.019864	0.003558	0.013045	0.003854	0.012155	0.004744	0.002965	0.001186	0.008598	0.009784	0.015120	0.013045	0.013341	0.013045	0.027572	0.013638	0.012452	0.002372	0.014527	0.006819	0.011859	
0.013045	0.015120	0.030240	0.008598	0.008005	0.022235	0.015713	0.003558	0.005336	0.013045	0.009784	0.003558	0.004447	0.040913	0.016899	0.010673	0.007412	0.009487	0.017788	0.010673	0.007115	0.015713	0.027572	0.010673	0.008894	0.043878	0.013934	0.010969	0.002668	0.030537	0.036763	0.016899	0.027275	0.027868	0.014231	0.019864	0.018974	0.055440	0.039431	0.012452	0.011266	0.055440	0.009487	0.010080	0.003854	0.037355	0.019271	0.013934	0.000296	0.010673	0.000296	0.007115	0.006819	0.017788	0.023125	0.004744	0.000296	0.010969	0.012452	0.001779	0.002372	0.026386	0.016009	0.009487	
0.013638	0.010080	0.015417	0.008894	0.017788	0.015417	0.024904	0.005040	0.017788	0.016899	0.021939	0.005929	0.005336	0.014824	0.018678	0.007412	0.011859	0.008598	0.013341	0.007115	0.026979	0.018974	0.050993	0.014231	0.026386	0.033501	0.036466	0.009487	0.004151	0.008301	0.011266	0.007708	0.007115	0.007412	0.005040	0.006226	0.028758	0.028165	0.048918	0.017492	0.010673	0.015713	0.014231	0.005040	0.003558	0.006522	0.010377	0.005929	0.004151	0.002372	0.004447	0.002372	0.034094	0.021346	0.062852	0.016899	0.025793	0.026682	0.027868	0.008598	0.004151	0.013045	0.023421	0.010377	
0.013341	0.009191	0.005929	0.008301	0.006226	0.006226	0.007115	0.008894	0.010673	0.015417	0.008894	0.003261	0.001186	0.010080	0.003854	0.009487	0.036170	0.017788	0.017492	0.036170	0.020457	0.012748	0.022828	0.027868	0.053958	0.057812	0.042395	0.033501	0.008894	0.015120	0.010377	0.019271	0.018381	0.022828	0.010080	0.029351	0.012748	0.022828	0.025793	0.031426	0.022532	0.042395	0.013045	0.022532	0.002372	0.010673	0.004151	0.011859	0.002668	0.005633	0.001186	0.007708	0.005040	0.009784	0.012452	0.015417	0.013045	0.024607	0.013341	0.012748	0.002372	0.010377	0.005040	0.013638	
0.013341	0.018085	0.030537	0.008598	0.008005	0.025497	0.017492	0.004447	0.004151	0.020160	0.008005	0.002372	0.005929	0.041506	0.021346	0.012748	0.008005	0.005633	0.021939	0.008894	0.004447	0.019271	0.019864	0.008005	0.006522	0.033501	0.018381	0.009784	0.003261	0.023421	0.041506	0.015417	0.022532	0.036763	0.021642	0.019271	0.019864	0.062556	0.043878	0.013934	0.011266	0.046546	0.008005	0.011859	0.003854	0.035577	0.018678	0.013934	0.000296	0.005633	0.000296	0.008598	0.007115	0.017195	0.017195	0.004744	0.000296	0.008301	0.012452	0.002372	0.001779	0.027868	0.013341	0.011266	
