>NC_004129
0.015014	0.015640	0.016578	0.011573	0.010009	0.019706	0.011573	0.012199	0.005943	0.022208	0.012512	0.006256	0.005630	0.016265	0.008133	0.012199	0.017204	0.015640	0.012825	0.018142	0.023147	0.031592	0.029403	0.027839	0.017204	0.027526	0.018455	0.012512	0.007820	0.017516	0.025023	0.023147	0.015327	0.011886	0.008445	0.007820	0.020644	0.035346	0.030341	0.024711	0.011573	0.026900	0.015640	0.008758	0.006569	0.015640	0.013763	0.015327	0.009071	0.006569	0.003754	0.008445	0.015014	0.020957	0.013763	0.010948	0.020332	0.025649	0.018455	0.011886	0.009071	0.016891	0.013137	0.020957	
0.014701	0.018768	0.012512	0.010635	0.010948	0.021270	0.009071	0.008445	0.006569	0.017829	0.009697	0.007507	0.009071	0.015327	0.010009	0.011573	0.017829	0.016891	0.018142	0.015952	0.025649	0.030967	0.027526	0.023459	0.015327	0.033469	0.021270	0.015014	0.010635	0.018455	0.030654	0.015952	0.014388	0.013137	0.012512	0.015014	0.020957	0.038786	0.024398	0.018142	0.010009	0.029090	0.012512	0.013450	0.004692	0.012512	0.013137	0.009071	0.009071	0.008445	0.003128	0.008445	0.016265	0.022521	0.014388	0.013137	0.012199	0.022521	0.016265	0.009071	0.007820	0.019706	0.014701	0.029403	
0.014388	0.016891	0.013137	0.011573	0.015640	0.021270	0.010635	0.009697	0.006881	0.019706	0.011886	0.007820	0.008133	0.016265	0.012825	0.012825	0.018455	0.017829	0.022834	0.014701	0.023147	0.033469	0.029090	0.027839	0.017204	0.025336	0.023772	0.009071	0.009071	0.014701	0.022521	0.016891	0.011573	0.012825	0.007820	0.011886	0.018455	0.037848	0.025336	0.021270	0.012199	0.023772	0.011886	0.011886	0.008758	0.012512	0.013450	0.010322	0.010635	0.007507	0.005317	0.008758	0.020957	0.017516	0.015640	0.011886	0.014701	0.022208	0.019393	0.012199	0.008133	0.020332	0.015327	0.022208	
0.014076	0.020332	0.010009	0.010635	0.011261	0.020957	0.009697	0.013137	0.006569	0.018142	0.014076	0.010322	0.005630	0.016891	0.012199	0.012199	0.023772	0.015640	0.022521	0.016265	0.027526	0.030654	0.023459	0.028464	0.018768	0.030341	0.017516	0.014076	0.008445	0.016578	0.024398	0.021270	0.012199	0.015952	0.009384	0.013450	0.020019	0.029090	0.023459	0.018455	0.007194	0.029403	0.015640	0.014701	0.006256	0.012825	0.010322	0.011573	0.008445	0.010009	0.008133	0.007507	0.019080	0.020957	0.013763	0.010009	0.018142	0.018142	0.013137	0.014701	0.005943	0.023459	0.012199	0.020644	
0.018142	0.015640	0.011261	0.013450	0.018142	0.021896	0.011886	0.010009	0.006881	0.025023	0.010948	0.007194	0.009697	0.016265	0.007507	0.014388	0.022834	0.020019	0.020644	0.014388	0.025649	0.027839	0.024085	0.024085	0.013137	0.030654	0.015014	0.011573	0.007820	0.020957	0.023459	0.017829	0.015327	0.015952	0.008758	0.010635	0.018142	0.039412	0.019706	0.018768	0.005630	0.030967	0.010948	0.012825	0.005317	0.018455	0.014388	0.015640	0.008133	0.005630	0.002502	0.010009	0.016578	0.019706	0.019080	0.014388	0.013137	0.020019	0.016265	0.009697	0.005317	0.021270	0.013763	0.025336	
0.017204	0.024085	0.013450	0.009697	0.014701	0.020332	0.012512	0.009697	0.008758	0.015952	0.012825	0.005630	0.009071	0.014701	0.010948	0.013763	0.021896	0.019393	0.021270	0.015952	0.020644	0.036597	0.029090	0.022521	0.016265	0.028777	0.018455	0.011261	0.008758	0.020644	0.018768	0.019080	0.009384	0.013763	0.005005	0.010635	0.020332	0.041914	0.024398	0.020019	0.007194	0.025962	0.010948	0.009071	0.005943	0.014076	0.010948	0.010322	0.009697	0.008133	0.003441	0.006881	0.023459	0.020332	0.021583	0.011573	0.012825	0.019393	0.017204	0.009697	0.010009	0.020332	0.016891	0.025962	
0.014076	0.020957	0.012512	0.010635	0.016891	0.025336	0.010009	0.013137	0.009697	0.014701	0.009071	0.009697	0.006881	0.015327	0.009071	0.011886	0.020332	0.023459	0.018768	0.016578	0.024085	0.033782	0.028151	0.033156	0.014701	0.032218	0.022834	0.017829	0.006256	0.016265	0.022521	0.018768	0.013450	0.016265	0.005317	0.010009	0.023147	0.027839	0.020644	0.018455	0.008445	0.028151	0.009071	0.013763	0.007194	0.010635	0.006569	0.011261	0.012512	0.007820	0.004692	0.008758	0.021270	0.017829	0.019080	0.011573	0.016265	0.019706	0.013137	0.008445	0.007194	0.022521	0.014076	0.025336	
0.018768	0.016578	0.012825	0.012199	0.018768	0.023459	0.013763	0.012512	0.010948	0.016265	0.007194	0.006881	0.010322	0.017204	0.007507	0.010948	0.027526	0.023459	0.017516	0.016891	0.023147	0.030654	0.028151	0.022834	0.015014	0.030967	0.018455	0.013450	0.007194	0.019080	0.026900	0.023147	0.016265	0.013763	0.006881	0.012199	0.018768	0.040038	0.018142	0.017829	0.008133	0.027526	0.007507	0.010948	0.004692	0.015640	0.014701	0.014701	0.010009	0.008758	0.003441	0.005317	0.019706	0.015640	0.015014	0.014388	0.015014	0.013450	0.012825	0.010948	0.007820	0.023459	0.013137	0.022834	
0.021896	0.022521	0.013137	0.015014	0.015640	0.019706	0.015640	0.011573	0.007194	0.018142	0.010009	0.005317	0.008133	0.014388	0.010009	0.014076	0.022208	0.021270	0.018455	0.018455	0.024085	0.035033	0.026275	0.024398	0.013450	0.030028	0.015014	0.016578	0.008758	0.018142	0.020644	0.020019	0.011886	0.014701	0.008133	0.014388	0.018142	0.035346	0.017204	0.017516	0.009071	0.022208	0.006569	0.008133	0.010009	0.013763	0.010322	0.008133	0.010322	0.005630	0.004066	0.010009	0.025649	0.017204	0.018142	0.014388	0.015640	0.022521	0.014076	0.010009	0.009071	0.018455	0.018768	0.025336	
0.020644	0.020332	0.010322	0.015014	0.016891	0.018142	0.011886	0.017204	0.010948	0.017516	0.009071	0.006256	0.010635	0.022521	0.007820	0.016891	0.024711	0.020332	0.020019	0.018455	0.025023	0.031592	0.023147	0.027526	0.023772	0.026275	0.014701	0.012512	0.008758	0.013450	0.024711	0.020957	0.010009	0.013450	0.007194	0.014701	0.022834	0.030654	0.020332	0.019080	0.006881	0.020644	0.007507	0.010635	0.005005	0.012199	0.007194	0.015640	0.012199	0.010948	0.006881	0.005943	0.020644	0.013137	0.014076	0.016891	0.020644	0.018142	0.008758	0.012199	0.010635	0.017829	0.014701	0.024398	
0.020019	0.020019	0.012512	0.015014	0.019080	0.021583	0.010009	0.014388	0.010635	0.015952	0.010322	0.007507	0.007507	0.017829	0.008758	0.020019	0.026900	0.023147	0.018455	0.016891	0.022834	0.026587	0.017516	0.026587	0.018768	0.023772	0.014701	0.012199	0.011261	0.015952	0.034094	0.019393	0.015327	0.019393	0.009071	0.018455	0.015640	0.034094	0.014076	0.018768	0.007507	0.013137	0.009697	0.009697	0.005317	0.010009	0.010948	0.015327	0.010635	0.011573	0.003754	0.009071	0.019080	0.018455	0.013137	0.015327	0.014701	0.017204	0.013137	0.009384	0.009697	0.022834	0.022834	0.022521	
0.021896	0.021896	0.015327	0.013763	0.018455	0.024085	0.013763	0.017829	0.010322	0.015327	0.010948	0.007194	0.011261	0.018142	0.012825	0.017204	0.024398	0.016891	0.021896	0.013450	0.028151	0.028464	0.021583	0.022521	0.015014	0.022521	0.009697	0.007507	0.010635	0.013137	0.027526	0.023772	0.013763	0.016265	0.010322	0.011261	0.016891	0.026275	0.011261	0.015640	0.010009	0.020957	0.007507	0.009384	0.005317	0.010635	0.009697	0.013137	0.010322	0.010009	0.005317	0.008133	0.019706	0.014388	0.017204	0.015327	0.021896	0.027213	0.015640	0.011886	0.013450	0.022208	0.016891	0.024711	
0.018768	0.019706	0.017829	0.014076	0.019393	0.020019	0.009697	0.015952	0.016578	0.020332	0.007194	0.008758	0.007194	0.014076	0.009697	0.015640	0.024398	0.023147	0.020644	0.015014	0.022834	0.025649	0.020332	0.024398	0.021270	0.021583	0.010635	0.010322	0.008758	0.019080	0.026587	0.016891	0.019706	0.012512	0.008445	0.016578	0.022521	0.030028	0.016265	0.017204	0.012512	0.017516	0.006569	0.007194	0.004379	0.008758	0.008133	0.014701	0.013450	0.010009	0.008445	0.008758	0.020957	0.014076	0.011261	0.017829	0.027213	0.015014	0.010635	0.014076	0.008133	0.020644	0.019393	0.030654	
0.024085	0.018768	0.019706	0.013763	0.019706	0.019080	0.013450	0.013137	0.013137	0.016578	0.015014	0.010635	0.007194	0.019080	0.010635	0.017516	0.026275	0.018768	0.026275	0.014388	0.021896	0.024085	0.021270	0.022521	0.015640	0.020644	0.011886	0.009384	0.013137	0.010322	0.033156	0.018768	0.025962	0.022521	0.012199	0.016891	0.017516	0.027526	0.015952	0.013450	0.006569	0.016578	0.006881	0.005005	0.006569	0.009384	0.011573	0.012825	0.008133	0.008445	0.005005	0.006881	0.020332	0.014076	0.015640	0.012512	0.018768	0.021270	0.011886	0.011886	0.012825	0.020644	0.017516	0.026900	
0.022208	0.021583	0.023772	0.016891	0.024085	0.021583	0.009697	0.013137	0.015952	0.018455	0.020019	0.008758	0.013137	0.013763	0.009071	0.015952	0.029403	0.014701	0.022834	0.012512	0.023147	0.020957	0.022208	0.018455	0.020957	0.022521	0.015640	0.007194	0.011261	0.016265	0.020644	0.013450	0.018768	0.011573	0.010635	0.013137	0.018455	0.025649	0.016891	0.014076	0.014388	0.015327	0.009697	0.006256	0.007507	0.011573	0.009071	0.008758	0.016578	0.006256	0.007820	0.009071	0.022208	0.010635	0.015640	0.010948	0.023772	0.020332	0.016578	0.012199	0.014388	0.018142	0.018142	0.025336	
0.022521	0.022208	0.028464	0.013763	0.016578	0.019080	0.010948	0.007507	0.016891	0.015327	0.022834	0.010009	0.010948	0.018768	0.009071	0.012825	0.030341	0.016265	0.028464	0.012825	0.020957	0.025649	0.016265	0.015952	0.021270	0.016265	0.019080	0.007820	0.005943	0.012825	0.021896	0.015952	0.022834	0.017516	0.019393	0.015327	0.020957	0.025023	0.017829	0.012825	0.022208	0.016891	0.014388	0.008445	0.006256	0.007820	0.008133	0.012199	0.015640	0.008758	0.010948	0.010948	0.020332	0.012825	0.015327	0.011261	0.019706	0.016891	0.014076	0.006256	0.009697	0.019080	0.015014	0.019706	
0.025962	0.013763	0.040976	0.010635	0.025649	0.014388	0.016265	0.008445	0.018142	0.015952	0.041289	0.011886	0.013450	0.015014	0.014076	0.010322	0.030654	0.014701	0.026587	0.006881	0.027213	0.015640	0.024085	0.015640	0.017516	0.013763	0.021896	0.007194	0.006256	0.007507	0.026275	0.007507	0.017829	0.011573	0.036597	0.014076	0.015952	0.015952	0.022834	0.010635	0.030028	0.016265	0.016578	0.007507	0.007507	0.004692	0.013763	0.006569	0.014388	0.006256	0.006256	0.005943	0.024085	0.010635	0.015014	0.008758	0.017516	0.009384	0.020332	0.006881	0.009384	0.016891	0.020957	0.013450	
0.019080	0.009697	0.053175	0.006881	0.014388	0.010009	0.013763	0.008133	0.018142	0.010009	0.073506	0.008758	0.009384	0.008758	0.013450	0.005943	0.025649	0.009697	0.050047	0.007507	0.017204	0.010948	0.018455	0.010009	0.025336	0.010009	0.036284	0.006569	0.009071	0.005317	0.024711	0.004379	0.019080	0.009384	0.043791	0.010948	0.015014	0.012825	0.020332	0.007194	0.047857	0.012512	0.033469	0.006256	0.008133	0.006569	0.010948	0.007820	0.019080	0.003754	0.008133	0.005630	0.015014	0.011261	0.011261	0.006569	0.021270	0.011261	0.036910	0.005630	0.008133	0.008133	0.014388	0.007194	
0.010635	0.012199	0.051611	0.008445	0.009384	0.004379	0.015640	0.003128	0.025649	0.015327	0.104786	0.009384	0.005317	0.009071	0.011573	0.005005	0.018142	0.006256	0.032218	0.005005	0.009697	0.008445	0.019393	0.007507	0.022834	0.008445	0.029090	0.003441	0.004379	0.003754	0.019080	0.004692	0.017516	0.008758	0.074132	0.012199	0.011261	0.009384	0.015952	0.007194	0.100407	0.018455	0.044729	0.016578	0.004692	0.006569	0.010322	0.005630	0.017204	0.003128	0.011573	0.002815	0.007507	0.007820	0.008445	0.005005	0.016891	0.007507	0.034094	0.005005	0.001564	0.006569	0.009697	0.007507	
0.007194	0.006881	0.043791	0.005630	0.004692	0.010009	0.010635	0.005005	0.026900	0.016578	0.114170	0.011886	0.003128	0.004692	0.014076	0.006569	0.006881	0.004692	0.021896	0.004379	0.005630	0.006881	0.010948	0.006569	0.016265	0.007507	0.031592	0.004066	0.001877	0.005317	0.012512	0.003128	0.027213	0.015014	0.111042	0.012512	0.009384	0.013763	0.019080	0.007507	0.121364	0.017516	0.052236	0.021583	0.005317	0.006569	0.013763	0.008758	0.005317	0.001564	0.007507	0.001564	0.007194	0.005630	0.008758	0.004379	0.012825	0.007507	0.025962	0.004379	0.002190	0.005005	0.007194	0.008445	
0.010948	0.010322	0.016578	0.008758	0.006569	0.008133	0.007194	0.006256	0.036284	0.031279	0.093838	0.022834	0.004692	0.006569	0.006569	0.006256	0.006256	0.005005	0.010322	0.005317	0.005943	0.010948	0.009384	0.010009	0.015640	0.008133	0.020332	0.005317	0.003754	0.005005	0.008445	0.006256	0.029090	0.014388	0.113857	0.020019	0.008758	0.013763	0.014076	0.012512	0.134814	0.021583	0.042540	0.025023	0.011261	0.005943	0.015014	0.009697	0.003754	0.002815	0.003128	0.002815	0.004066	0.006881	0.007820	0.002815	0.014701	0.009697	0.015952	0.007194	0.005630	0.007507	0.007820	0.005943	
0.015640	0.011261	0.013137	0.010009	0.006569	0.011261	0.006881	0.007820	0.041602	0.040350	0.035658	0.026275	0.006256	0.009697	0.007194	0.013763	0.009071	0.006256	0.008133	0.001877	0.006256	0.010322	0.011886	0.011261	0.010948	0.010948	0.006881	0.009697	0.002815	0.005317	0.014076	0.009384	0.045981	0.022834	0.107601	0.025023	0.018455	0.024085	0.013763	0.014388	0.082890	0.028777	0.026587	0.034407	0.013450	0.012825	0.020019	0.014076	0.007820	0.005317	0.007820	0.004379	0.005005	0.005943	0.008133	0.005943	0.015014	0.012199	0.005005	0.005630	0.002815	0.010948	0.005317	0.009071	
0.021583	0.021270	0.016578	0.019080	0.011573	0.017829	0.008445	0.007820	0.034720	0.039099	0.031592	0.031279	0.007194	0.014076	0.010009	0.010009	0.012825	0.008758	0.009384	0.005317	0.009071	0.018455	0.011261	0.012825	0.010009	0.018142	0.004692	0.007820	0.003441	0.009071	0.015640	0.011261	0.041914	0.023459	0.060369	0.024711	0.020644	0.034094	0.018142	0.019393	0.017829	0.024711	0.009384	0.022208	0.015952	0.016891	0.024085	0.019080	0.009697	0.007820	0.005005	0.002815	0.009697	0.011573	0.010009	0.007507	0.018455	0.011261	0.008758	0.008133	0.004692	0.011573	0.012199	0.017829	
0.021583	0.029090	0.015640	0.019706	0.014701	0.022521	0.010322	0.013763	0.014076	0.035971	0.018142	0.023147	0.014388	0.011573	0.013450	0.012512	0.013450	0.012199	0.012199	0.013137	0.019706	0.026275	0.017829	0.018142	0.007820	0.024398	0.010635	0.005005	0.007820	0.008758	0.020332	0.010635	0.025336	0.021270	0.017829	0.016578	0.018768	0.036597	0.018455	0.019393	0.007820	0.023147	0.008133	0.015327	0.010635	0.014388	0.024711	0.019706	0.006881	0.008758	0.007194	0.008445	0.013763	0.016265	0.011886	0.009697	0.017829	0.020644	0.010009	0.013450	0.007507	0.014076	0.017829	0.018768	
0.018142	0.018455	0.015952	0.014701	0.018455	0.022834	0.016891	0.013137	0.012825	0.020019	0.010948	0.009071	0.009071	0.021896	0.015327	0.011573	0.018455	0.018142	0.018142	0.012199	0.016265	0.031279	0.030654	0.023459	0.011261	0.026587	0.010948	0.009697	0.007507	0.013137	0.026587	0.013763	0.013763	0.014388	0.008445	0.010948	0.020644	0.042853	0.020644	0.020019	0.007507	0.019393	0.009697	0.010322	0.010009	0.013763	0.014076	0.019080	0.013763	0.011261	0.008133	0.007194	0.015014	0.012199	0.011261	0.010322	0.029715	0.024398	0.012512	0.009697	0.008133	0.021583	0.015327	0.016578	
0.019393	0.014701	0.018142	0.011886	0.017204	0.021896	0.016578	0.006569	0.015014	0.017204	0.012512	0.005943	0.005630	0.014076	0.012512	0.012825	0.015640	0.018455	0.025336	0.010948	0.022521	0.030967	0.035658	0.020019	0.020957	0.028464	0.016891	0.013137	0.002502	0.014076	0.035971	0.014388	0.014701	0.018455	0.016265	0.011886	0.019393	0.033156	0.023459	0.014388	0.009384	0.018768	0.009697	0.006256	0.002815	0.011261	0.010009	0.014701	0.011886	0.008445	0.007507	0.006881	0.015640	0.015640	0.024398	0.014701	0.023147	0.023459	0.015327	0.009384	0.004692	0.018768	0.016265	0.021270	
0.009697	0.025336	0.014076	0.012512	0.009697	0.023772	0.009697	0.016891	0.009384	0.030654	0.010948	0.016265	0.004066	0.018455	0.006881	0.012199	0.012825	0.027526	0.019080	0.015327	0.010322	0.050673	0.012825	0.027839	0.015327	0.050673	0.011573	0.022521	0.004692	0.020019	0.015640	0.015327	0.018455	0.024711	0.010948	0.014388	0.012512	0.045981	0.010322	0.019080	0.008133	0.024085	0.009071	0.013137	0.005943	0.012825	0.005005	0.010948	0.006256	0.004066	0.001564	0.003754	0.012199	0.024711	0.006569	0.014701	0.019706	0.033156	0.007507	0.014388	0.006256	0.021896	0.015952	0.019080	
0.011573	0.019393	0.009071	0.007194	0.011261	0.050985	0.011886	0.007507	0.003754	0.031592	0.006256	0.004066	0.006569	0.028151	0.005943	0.005317	0.007507	0.018455	0.014701	0.004066	0.016265	0.085080	0.022208	0.021583	0.006881	0.019080	0.008445	0.005005	0.003754	0.026275	0.032843	0.015640	0.012199	0.020644	0.008758	0.010948	0.026275	0.078198	0.018768	0.015327	0.008133	0.019393	0.004066	0.007507	0.006881	0.034094	0.010635	0.014701	0.005630	0.007194	0.004692	0.003441	0.013450	0.035971	0.015014	0.008758	0.014701	0.019080	0.004379	0.005317	0.006881	0.027839	0.010635	0.012199	
0.026587	0.000313	0.005630	0.004379	0.054739	0.000313	0.006256	0.004379	0.030654	0.000313	0.003441	0.002815	0.017829	0.000313	0.003441	0.004066	0.056616	0.000313	0.006256	0.004066	0.218955	0.000313	0.022834	0.008133	0.054426	0.000313	0.008133	0.005005	0.034720	0.000313	0.013137	0.005005	0.023772	0.000313	0.004379	0.005005	0.073194	0.000313	0.007507	0.008133	0.016265	0.000313	0.003441	0.003128	0.016578	0.000313	0.002815	0.002190	0.018142	0.000313	0.002815	0.002815	0.102909	0.000313	0.010948	0.002190	0.052549	0.000313	0.005005	0.002190	0.035033	0.000313	0.006256	0.006256	
0.000313	0.000313	0.000313	0.124179	0.000313	0.000313	0.000313	0.000313	0.000313	0.000313	0.000313	0.018142	0.000313	0.000313	0.000313	0.015327	0.000313	0.000313	0.000313	0.448858	0.000313	0.000313	0.000313	0.000313	0.000313	0.000313	0.000313	0.046606	0.000313	0.000313	0.000313	0.021896	0.000313	0.000313	0.000313	0.152956	0.000313	0.000313	0.000313	0.000313	0.000313	0.000313	0.000313	0.019080	0.000313	0.000313	0.000313	0.012199	0.000313	0.000313	0.000313	0.103222	0.000313	0.000313	0.000313	0.000313	0.000313	0.000313	0.000313	0.024711	0.000313	0.000313	0.000313	0.016578	
0.000313	0.000313	0.000313	0.000313	0.000313	0.000313	0.000313	0.000313	0.000313	0.000313	0.000313	0.000313	0.000313	0.000313	0.828277	0.000313	0.000313	0.000313	0.000313	0.000313	0.000313	0.000313	0.000313	0.000313	0.000313	0.000313	0.000313	0.000313	0.000313	0.000313	0.000313	0.000313	0.000313	0.000313	0.000313	0.000313	0.000313	0.000313	0.000313	0.000313	0.000313	0.000313	0.000313	0.000313	0.000313	0.000313	0.107601	0.000313	0.000313	0.000313	0.000313	0.000313	0.000313	0.000313	0.000313	0.000313	0.000313	0.000313	0.000313	0.000313	0.000313	0.000313	0.065061	0.000313	
0.000313	0.000313	0.000313	0.000313	0.000313	0.000313	0.000313	0.000313	0.000313	0.000313	0.000313	0.000313	0.000313	0.000313	0.000313	0.000313	0.000313	0.000313	0.000313	0.000313	0.000313	0.000313	0.000313	0.000313	0.000313	0.000313	0.000313	0.000313	0.000313	0.000313	0.000313	0.000313	0.000313	0.000313	0.000313	0.000313	0.000313	0.000313	0.000313	0.000313	0.000313	0.000313	0.000313	0.000313	0.000313	0.000313	0.000313	0.000313	0.000313	0.000313	0.000313	0.000313	0.000313	0.000313	0.000313	0.000313	0.445418	0.227088	0.191117	0.137629	0.000313	0.000313	0.000313	0.000313	
0.000313	0.000313	0.000313	0.000313	0.000313	0.000313	0.000313	0.000313	0.000313	0.000313	0.000313	0.000313	0.000313	0.000313	0.000313	0.000313	0.000313	0.000313	0.000313	0.000313	0.000313	0.000313	0.000313	0.000313	0.000313	0.000313	0.000313	0.000313	0.000313	0.000313	0.000313	0.000313	0.164216	0.107288	0.127307	0.047545	0.055052	0.064748	0.062559	0.045668	0.065687	0.083829	0.025336	0.017204	0.009697	0.078824	0.014388	0.035658	0.000313	0.000313	0.000313	0.000313	0.000313	0.000313	0.000313	0.000313	0.000313	0.000313	0.000313	0.000313	0.000313	0.000313	0.000313	0.000313	
0.047232	0.057867	0.027526	0.032530	0.009697	0.050047	0.012825	0.035658	0.008445	0.079449	0.003754	0.036597	0.002815	0.024711	0.008133	0.012825	0.019706	0.013137	0.016265	0.006881	0.009697	0.029715	0.014701	0.011573	0.005317	0.025023	0.013137	0.020019	0.002502	0.016265	0.020957	0.006881	0.020019	0.018768	0.004379	0.023459	0.015952	0.029403	0.015640	0.023772	0.003754	0.013763	0.003754	0.005005	0.001877	0.005317	0.005630	0.005317	0.000313	0.005317	0.000313	0.004692	0.008758	0.036284	0.018455	0.016265	0.000313	0.005005	0.005943	0.004066	0.002190	0.016578	0.008758	0.009071	
0.029715	0.027526	0.020332	0.009697	0.031905	0.026900	0.025023	0.011261	0.013137	0.019393	0.010635	0.005317	0.018455	0.022208	0.016578	0.010322	0.013763	0.010009	0.014701	0.005630	0.042853	0.042853	0.042540	0.017204	0.017829	0.018768	0.016578	0.008445	0.016265	0.019706	0.039412	0.011886	0.004692	0.005630	0.004692	0.002815	0.041289	0.036284	0.033782	0.011886	0.004379	0.009697	0.007820	0.004692	0.014701	0.014076	0.020019	0.016891	0.003128	0.002190	0.001564	0.002502	0.025023	0.011886	0.018768	0.007194	0.014076	0.016265	0.010009	0.003128	0.006881	0.009384	0.010948	0.006881	
0.018142	0.011573	0.010009	0.011573	0.006569	0.010009	0.012825	0.015952	0.009384	0.019080	0.004692	0.008133	0.001564	0.005943	0.003128	0.010009	0.053800	0.028777	0.027526	0.030967	0.037535	0.018142	0.031279	0.030967	0.054113	0.032218	0.016265	0.017516	0.008133	0.012825	0.009384	0.017204	0.013450	0.014388	0.005630	0.015952	0.017516	0.012825	0.017829	0.015952	0.010322	0.018455	0.005317	0.010948	0.001564	0.005317	0.001877	0.012825	0.020644	0.011573	0.006881	0.017204	0.016578	0.013450	0.018768	0.016578	0.039099	0.024711	0.007507	0.015640	0.005943	0.016578	0.006569	0.016891	
0.027526	0.023459	0.039725	0.015327	0.010635	0.026275	0.010009	0.019393	0.008758	0.024398	0.005943	0.010948	0.007820	0.032218	0.013137	0.022521	0.021896	0.016265	0.028151	0.011886	0.009697	0.018455	0.012825	0.013450	0.011573	0.034407	0.009697	0.025023	0.006569	0.018768	0.040038	0.014076	0.033469	0.032843	0.018142	0.028464	0.022834	0.033469	0.020019	0.018142	0.008445	0.013450	0.004379	0.007507	0.010948	0.011886	0.014701	0.014701	0.000313	0.008133	0.000313	0.008445	0.008445	0.014076	0.011573	0.006569	0.000313	0.004379	0.013450	0.002815	0.005005	0.020957	0.016578	0.014388	
0.017516	0.026587	0.024711	0.014388	0.020019	0.023772	0.021896	0.015014	0.026587	0.027213	0.016578	0.015952	0.015014	0.020957	0.013137	0.015014	0.011886	0.018455	0.012199	0.009071	0.027526	0.024085	0.023147	0.017516	0.016265	0.016578	0.014388	0.007194	0.009071	0.017204	0.019393	0.011886	0.008758	0.010635	0.004379	0.005317	0.021896	0.025649	0.014701	0.014388	0.010635	0.012199	0.004692	0.005943	0.012199	0.013450	0.008758	0.011886	0.007194	0.010322	0.005630	0.007194	0.031592	0.014076	0.023459	0.014701	0.026900	0.029090	0.014076	0.014388	0.008758	0.025962	0.017829	0.013137	
0.012512	0.011261	0.008133	0.013450	0.018142	0.017204	0.014388	0.016265	0.013763	0.013763	0.006569	0.012825	0.004066	0.015014	0.004379	0.012512	0.038786	0.020019	0.020957	0.021270	0.020019	0.018455	0.020644	0.028464	0.031592	0.026587	0.010322	0.014701	0.011573	0.017516	0.014076	0.018455	0.022521	0.020332	0.008758	0.028777	0.018455	0.027213	0.012512	0.026900	0.015327	0.014388	0.007507	0.012512	0.005005	0.015952	0.003128	0.019393	0.015014	0.010635	0.005005	0.014388	0.019706	0.014701	0.018142	0.025023	0.019393	0.022834	0.006256	0.010635	0.007507	0.020019	0.004379	0.020019	
0.030341	0.024398	0.019080	0.015014	0.010322	0.030341	0.008758	0.012825	0.005317	0.026587	0.003128	0.007820	0.008758	0.036910	0.012199	0.020019	0.026275	0.015952	0.021896	0.012199	0.015952	0.031279	0.017204	0.013137	0.009384	0.026587	0.005630	0.024085	0.007820	0.025023	0.049734	0.014076	0.031905	0.018142	0.012199	0.017829	0.016578	0.035658	0.010009	0.015327	0.004066	0.014388	0.004379	0.007820	0.011261	0.018142	0.009697	0.011573	0.000313	0.018455	0.000313	0.009071	0.012825	0.027839	0.017204	0.010635	0.000313	0.006881	0.015327	0.003441	0.008758	0.021583	0.021583	0.018455	
0.024398	0.029090	0.021896	0.013450	0.020332	0.023772	0.021896	0.010948	0.015014	0.019706	0.012512	0.006256	0.013137	0.017516	0.014076	0.009384	0.016891	0.015327	0.014076	0.009384	0.032843	0.040976	0.033782	0.017516	0.015327	0.018142	0.012512	0.007194	0.008133	0.017516	0.014388	0.011886	0.005630	0.005630	0.005005	0.002815	0.025649	0.020957	0.017829	0.010009	0.008133	0.010635	0.005630	0.004066	0.011261	0.013137	0.010635	0.008133	0.008758	0.012512	0.008758	0.006569	0.039412	0.023147	0.024085	0.015014	0.028151	0.029715	0.019393	0.015952	0.010635	0.021583	0.018768	0.013137	
0.015014	0.017516	0.007507	0.015640	0.014388	0.015952	0.011886	0.020332	0.010948	0.019080	0.008758	0.010948	0.003441	0.012512	0.003441	0.012825	0.043791	0.023772	0.021583	0.029090	0.028151	0.021583	0.019706	0.039412	0.034720	0.030341	0.010322	0.022208	0.007820	0.011261	0.011886	0.022521	0.018455	0.017829	0.007507	0.022834	0.024085	0.017829	0.012512	0.023772	0.012825	0.015327	0.005005	0.016891	0.003128	0.009697	0.003441	0.017204	0.012199	0.011886	0.005630	0.013450	0.017829	0.011573	0.015014	0.025336	0.019393	0.018768	0.008133	0.011573	0.006256	0.012825	0.006256	0.017204	
0.025336	0.027526	0.021583	0.015014	0.008758	0.035346	0.012512	0.014388	0.005317	0.020644	0.002815	0.013450	0.006569	0.035658	0.016265	0.022521	0.028777	0.020019	0.026275	0.009384	0.008445	0.026275	0.017516	0.014701	0.008133	0.029715	0.005317	0.015952	0.006256	0.022834	0.061620	0.018142	0.025649	0.020019	0.013763	0.018455	0.012199	0.039412	0.016265	0.015640	0.005943	0.014076	0.004692	0.007507	0.012825	0.018142	0.014076	0.016578	0.000313	0.010948	0.000313	0.009071	0.007507	0.017829	0.012199	0.008758	0.000313	0.007507	0.014388	0.002815	0.007194	0.022521	0.019706	0.020332	
0.016265	0.032218	0.022521	0.009071	0.017204	0.028464	0.021583	0.011261	0.020957	0.021270	0.012199	0.007507	0.011886	0.016891	0.014388	0.008758	0.011573	0.010009	0.010322	0.005005	0.025023	0.043478	0.028464	0.021896	0.017829	0.023459	0.010635	0.006569	0.005630	0.019080	0.017829	0.010948	0.006569	0.007194	0.002190	0.003754	0.024085	0.018142	0.014076	0.015640	0.005317	0.011573	0.008445	0.001877	0.008758	0.011261	0.011261	0.008445	0.007194	0.009384	0.009071	0.007194	0.032843	0.019706	0.034720	0.011886	0.030654	0.039412	0.020332	0.021270	0.013763	0.029715	0.018142	0.015952	
0.011573	0.012512	0.006881	0.010635	0.012512	0.014076	0.013763	0.018455	0.013137	0.011261	0.008758	0.010948	0.001564	0.010009	0.003754	0.009697	0.031279	0.020957	0.021583	0.025336	0.024711	0.027526	0.020019	0.037535	0.033469	0.032843	0.012825	0.019706	0.008758	0.017516	0.010635	0.023772	0.023459	0.015014	0.010322	0.025962	0.019706	0.023772	0.022208	0.030028	0.013450	0.016265	0.006881	0.015014	0.003128	0.007820	0.005943	0.020332	0.008758	0.011573	0.004066	0.015640	0.015327	0.015640	0.015327	0.030654	0.019080	0.023459	0.006256	0.012825	0.003128	0.015640	0.005317	0.020019	
0.020019	0.022208	0.020644	0.012199	0.005317	0.035971	0.008445	0.010322	0.006569	0.023459	0.003754	0.009071	0.006569	0.039412	0.015640	0.015952	0.020957	0.014701	0.025962	0.010635	0.012199	0.031905	0.020957	0.015952	0.007507	0.034094	0.007820	0.021896	0.009071	0.027213	0.060682	0.019706	0.025336	0.025336	0.010009	0.018455	0.017204	0.036910	0.014388	0.015327	0.005005	0.015952	0.004692	0.009071	0.010635	0.017516	0.014076	0.016265	0.000313	0.009697	0.000313	0.006256	0.007820	0.021583	0.013763	0.007820	0.000313	0.009384	0.011886	0.004066	0.005317	0.025336	0.025336	0.017829	
0.014388	0.024398	0.018455	0.009384	0.024711	0.022521	0.015640	0.009071	0.013763	0.022521	0.012512	0.008133	0.012512	0.012512	0.013137	0.009384	0.010635	0.010635	0.011886	0.009384	0.028464	0.040038	0.037222	0.020644	0.011573	0.025962	0.014388	0.005630	0.004379	0.015640	0.018768	0.010635	0.006256	0.005317	0.003754	0.004066	0.021896	0.027839	0.020644	0.012512	0.004692	0.010635	0.006569	0.006256	0.009384	0.008133	0.013450	0.013137	0.006881	0.008758	0.010635	0.005317	0.035033	0.018142	0.042540	0.013763	0.036284	0.035971	0.026587	0.016891	0.006569	0.025649	0.023147	0.014388	
0.008133	0.010322	0.008758	0.010948	0.016891	0.007820	0.009384	0.015014	0.010948	0.015327	0.006569	0.011886	0.003128	0.005630	0.004066	0.015327	0.040976	0.024398	0.016891	0.027839	0.024398	0.019080	0.020332	0.044729	0.039725	0.033782	0.023459	0.019080	0.009071	0.013450	0.013137	0.020332	0.021896	0.014701	0.007820	0.021896	0.019393	0.018142	0.021583	0.035971	0.013763	0.024085	0.006569	0.015640	0.004066	0.006881	0.003128	0.022834	0.006256	0.010009	0.004379	0.012199	0.016265	0.012825	0.013763	0.019080	0.019393	0.025023	0.011886	0.012199	0.008445	0.014388	0.005317	0.019393	
0.017204	0.021270	0.026900	0.011886	0.009071	0.028777	0.009697	0.011886	0.004692	0.022208	0.004692	0.006256	0.001877	0.042227	0.012825	0.015952	0.022521	0.016578	0.029090	0.008758	0.008445	0.023147	0.016891	0.009384	0.005943	0.033156	0.010635	0.015327	0.006569	0.029090	0.069127	0.010009	0.025023	0.026587	0.012512	0.019706	0.016891	0.043791	0.020644	0.016891	0.007194	0.024711	0.006569	0.010009	0.008445	0.019393	0.021270	0.009697	0.000313	0.016891	0.000313	0.007194	0.005630	0.018455	0.010322	0.005943	0.000313	0.009384	0.010322	0.005630	0.006881	0.024398	0.028464	0.018142	
0.015952	0.018455	0.019706	0.010948	0.021270	0.024398	0.023459	0.012199	0.017204	0.024085	0.016578	0.010948	0.011573	0.017204	0.010635	0.008133	0.009071	0.015952	0.009697	0.005317	0.024711	0.035658	0.034407	0.019393	0.010322	0.023147	0.018768	0.005317	0.005317	0.012825	0.015327	0.010635	0.003754	0.005630	0.005317	0.003441	0.023459	0.032843	0.020957	0.012199	0.008758	0.011261	0.008133	0.004066	0.007194	0.011573	0.010322	0.008133	0.003128	0.007820	0.008133	0.004692	0.041289	0.020332	0.038161	0.015327	0.028777	0.045668	0.036284	0.020957	0.008133	0.017516	0.016891	0.011261	
0.008758	0.009384	0.005005	0.008758	0.008133	0.010009	0.010635	0.019080	0.013450	0.013137	0.005630	0.010635	0.002502	0.011261	0.002502	0.008133	0.038474	0.024711	0.015640	0.031905	0.024398	0.016578	0.024085	0.048170	0.038786	0.037848	0.019080	0.021270	0.010322	0.014076	0.013763	0.020957	0.017829	0.013137	0.006881	0.027213	0.023772	0.022521	0.025023	0.032843	0.014701	0.029403	0.012199	0.023459	0.002502	0.010948	0.005630	0.022208	0.009384	0.010009	0.002815	0.010009	0.011886	0.015327	0.013137	0.018768	0.016265	0.020332	0.008133	0.008445	0.005317	0.013763	0.005317	0.013763	
0.023147	0.020644	0.019706	0.010948	0.005317	0.037848	0.006256	0.007820	0.001877	0.018455	0.002502	0.007507	0.003441	0.039099	0.016265	0.019080	0.015952	0.016578	0.027213	0.008445	0.009384	0.028464	0.017204	0.009384	0.007820	0.036910	0.009071	0.019080	0.008133	0.030028	0.069440	0.011261	0.023459	0.029090	0.013137	0.017516	0.016891	0.049109	0.022834	0.011886	0.004066	0.022521	0.008445	0.010009	0.007820	0.026275	0.015952	0.013763	0.000313	0.014076	0.000313	0.005943	0.006569	0.021270	0.015014	0.007194	0.000313	0.010322	0.012512	0.004066	0.002502	0.023772	0.024711	0.014076	
0.015014	0.022208	0.015952	0.009697	0.023147	0.023459	0.023147	0.010635	0.014388	0.019080	0.018768	0.008133	0.006569	0.014076	0.014076	0.008133	0.007820	0.012199	0.010322	0.007820	0.028464	0.043165	0.045355	0.019706	0.014388	0.020332	0.018768	0.007820	0.003128	0.010635	0.016265	0.006256	0.004379	0.004379	0.002502	0.002815	0.020644	0.031592	0.025023	0.010948	0.004692	0.013137	0.009071	0.005630	0.005630	0.013137	0.013763	0.008133	0.004066	0.008133	0.006256	0.003441	0.035658	0.026587	0.042853	0.014076	0.031905	0.042853	0.030967	0.020644	0.005317	0.018455	0.023772	0.010635	
0.008758	0.008133	0.004692	0.009697	0.007820	0.007820	0.008445	0.022834	0.008445	0.009384	0.010948	0.006256	0.002190	0.007194	0.005317	0.009071	0.032218	0.023459	0.021583	0.030654	0.022521	0.022208	0.026587	0.053488	0.040663	0.049109	0.025962	0.020644	0.007194	0.010948	0.016578	0.020644	0.014701	0.012825	0.010322	0.027526	0.021583	0.023772	0.019080	0.030967	0.014388	0.030967	0.010322	0.021896	0.003128	0.012199	0.006256	0.020644	0.005317	0.006256	0.001877	0.007194	0.016578	0.010635	0.013450	0.015640	0.015640	0.027213	0.011261	0.013763	0.004379	0.009697	0.004692	0.014388	
0.019080	0.019080	0.016578	0.006256	0.005943	0.032530	0.008445	0.003754	0.003128	0.022521	0.005943	0.006881	0.003754	0.040663	0.016891	0.013763	0.019393	0.015640	0.027526	0.005943	0.009384	0.023772	0.020957	0.010322	0.003754	0.039099	0.010948	0.013763	0.002502	0.026587	0.079762	0.014076	0.022834	0.026275	0.013137	0.016891	0.014076	0.063497	0.025336	0.013763	0.003441	0.030654	0.009071	0.015327	0.006569	0.019706	0.024711	0.011573	0.000313	0.011886	0.000313	0.004379	0.003441	0.018455	0.011886	0.006256	0.000313	0.012512	0.017204	0.002815	0.003128	0.024085	0.022834	0.014701	
0.010322	0.020332	0.022521	0.008445	0.014076	0.024398	0.025336	0.009071	0.013137	0.020019	0.014076	0.010322	0.004692	0.010635	0.011886	0.006256	0.008133	0.011886	0.008758	0.004066	0.032843	0.038161	0.047545	0.019706	0.011886	0.026900	0.020019	0.007820	0.004379	0.008445	0.012199	0.009071	0.002815	0.004379	0.002815	0.000626	0.024085	0.034720	0.030654	0.015327	0.009071	0.015640	0.012825	0.005630	0.006569	0.008445	0.015327	0.008445	0.004066	0.005005	0.003754	0.003128	0.033782	0.021583	0.040663	0.015014	0.034094	0.043791	0.042853	0.023459	0.006256	0.014388	0.021896	0.011573	
0.005630	0.009384	0.005317	0.005005	0.006569	0.010948	0.008133	0.015952	0.009071	0.010322	0.011261	0.007194	0.002190	0.004692	0.002190	0.007194	0.030967	0.027839	0.022208	0.023772	0.023772	0.023147	0.020019	0.051924	0.043791	0.048170	0.032843	0.019393	0.011261	0.011886	0.015327	0.020644	0.020019	0.010948	0.010009	0.027213	0.022521	0.022521	0.022834	0.038474	0.018768	0.036284	0.013450	0.021270	0.005630	0.011573	0.005317	0.024711	0.004692	0.006881	0.003754	0.006569	0.012512	0.010322	0.008445	0.010635	0.015952	0.024711	0.011261	0.009384	0.004379	0.011573	0.005005	0.014388	
0.015952	0.017829	0.020644	0.006881	0.004066	0.036597	0.006256	0.008133	0.003128	0.026900	0.003754	0.007507	0.002502	0.036284	0.011886	0.011886	0.016578	0.014388	0.023459	0.010948	0.008758	0.030341	0.019080	0.008758	0.004066	0.032530	0.010009	0.012825	0.005005	0.020957	0.075383	0.015640	0.027213	0.028777	0.015327	0.016265	0.015327	0.067251	0.025649	0.011261	0.004379	0.039099	0.010948	0.014388	0.007194	0.024398	0.017204	0.008445	0.000313	0.016265	0.000313	0.006569	0.004692	0.016891	0.012825	0.005317	0.000313	0.010322	0.012825	0.004379	0.005317	0.025336	0.022208	0.014076	
0.013763	0.019080	0.021583	0.005630	0.016891	0.023772	0.023459	0.013137	0.014076	0.019706	0.017204	0.008758	0.005630	0.013450	0.013763	0.007820	0.010009	0.008445	0.010322	0.004066	0.032218	0.043478	0.050047	0.025336	0.010948	0.026275	0.019393	0.007194	0.003441	0.010948	0.011886	0.007194	0.004066	0.002815	0.003441	0.001564	0.024711	0.037848	0.028777	0.017516	0.004692	0.016265	0.009071	0.007507	0.004692	0.009697	0.017204	0.007507	0.001877	0.007820	0.004692	0.005630	0.030654	0.017829	0.047857	0.010635	0.024085	0.044729	0.040038	0.017829	0.006256	0.016891	0.018768	0.008133	
0.008133	0.009384	0.006256	0.005943	0.009697	0.008133	0.010009	0.010322	0.013763	0.010322	0.008133	0.007820	0.002815	0.004066	0.002190	0.007820	0.030028	0.020644	0.026275	0.027526	0.027526	0.022834	0.018768	0.053800	0.047857	0.046293	0.032530	0.023459	0.012512	0.012825	0.015952	0.025336	0.008758	0.011261	0.008758	0.025023	0.022834	0.020644	0.024398	0.039099	0.013137	0.034720	0.017204	0.020644	0.004379	0.010009	0.006881	0.020019	0.004066	0.005005	0.000938	0.010009	0.012512	0.010322	0.009697	0.018455	0.016265	0.021583	0.010635	0.013137	0.004379	0.009384	0.004379	0.012512	
0.014076	0.018142	0.012825	0.005943	0.003754	0.029403	0.006569	0.006569	0.001564	0.029090	0.003128	0.008445	0.002502	0.034720	0.017204	0.014076	0.015327	0.017516	0.030028	0.009697	0.005630	0.025649	0.021583	0.009071	0.003754	0.034094	0.010635	0.014388	0.005630	0.024085	0.081952	0.010009	0.022834	0.032218	0.015952	0.020019	0.012512	0.062871	0.026587	0.010948	0.005005	0.035346	0.011886	0.016265	0.005943	0.021270	0.027839	0.010009	0.000313	0.015640	0.000313	0.007820	0.004379	0.017516	0.010948	0.003441	0.000313	0.010948	0.013763	0.004379	0.002502	0.026900	0.020957	0.015327	
