>NC_002755
0.010106	0.010106	0.010587	0.007218	0.010106	0.026949	0.015399	0.008662	0.009143	0.021655	0.013474	0.015881	0.006737	0.017806	0.007700	0.010587	0.012993	0.022137	0.014437	0.015881	0.018768	0.016843	0.037055	0.013474	0.032243	0.037055	0.035130	0.020212	0.009625	0.011550	0.014918	0.007700	0.011550	0.030799	0.014437	0.023099	0.020212	0.028874	0.036092	0.019731	0.010587	0.038499	0.027911	0.020693	0.006256	0.015881	0.012993	0.013474	0.004812	0.011068	0.007218	0.006256	0.009625	0.010587	0.018768	0.006737	0.017324	0.020212	0.018768	0.012512	0.004331	0.013474	0.010587	0.005294	
0.008662	0.013474	0.011068	0.006256	0.015881	0.022618	0.026468	0.009143	0.009625	0.017806	0.010587	0.008662	0.009625	0.014918	0.017324	0.010587	0.009625	0.019731	0.016843	0.012512	0.013956	0.019249	0.039942	0.010106	0.017806	0.031761	0.038980	0.018768	0.006737	0.012031	0.022618	0.007218	0.010587	0.026949	0.017324	0.014437	0.023580	0.038980	0.035611	0.019249	0.015399	0.044755	0.018768	0.016362	0.010106	0.018287	0.024062	0.016843	0.002887	0.012031	0.007218	0.004812	0.015881	0.016843	0.019249	0.006737	0.011068	0.015399	0.012993	0.006737	0.005294	0.010106	0.017324	0.004331	
0.006256	0.010106	0.006737	0.008662	0.016362	0.024062	0.023099	0.008662	0.008662	0.023580	0.011550	0.008662	0.007700	0.015881	0.009143	0.005294	0.013474	0.025024	0.017806	0.012993	0.018768	0.023099	0.044273	0.011550	0.032724	0.034167	0.037055	0.017324	0.007700	0.011068	0.017806	0.008662	0.012993	0.018287	0.010106	0.012512	0.022137	0.027911	0.039942	0.019731	0.012993	0.035611	0.014918	0.017806	0.010106	0.016843	0.014437	0.009143	0.006256	0.012512	0.008181	0.004812	0.013474	0.015881	0.018287	0.007700	0.022137	0.026949	0.018768	0.013474	0.006737	0.012993	0.013474	0.005775	
0.007218	0.012031	0.011068	0.008662	0.014437	0.019731	0.020693	0.011068	0.008662	0.015399	0.012031	0.006737	0.006256	0.017324	0.007218	0.008181	0.016843	0.019731	0.018768	0.015399	0.021174	0.022618	0.036574	0.010587	0.028393	0.037055	0.035130	0.025024	0.006256	0.013474	0.018287	0.009625	0.014918	0.026468	0.014918	0.020212	0.020212	0.037055	0.038499	0.024543	0.014437	0.030799	0.020212	0.016843	0.009143	0.021655	0.015881	0.010587	0.009625	0.006256	0.008662	0.007700	0.010587	0.014918	0.022618	0.008662	0.014918	0.013956	0.015881	0.010106	0.006737	0.007700	0.008181	0.006256	
0.007218	0.018287	0.014437	0.008662	0.010106	0.023580	0.024062	0.006737	0.008181	0.022137	0.012993	0.010106	0.007218	0.023099	0.016362	0.005294	0.012512	0.018287	0.019249	0.016362	0.020212	0.022137	0.038499	0.013474	0.028393	0.034649	0.035611	0.019731	0.008181	0.011068	0.024062	0.011550	0.013956	0.021174	0.016362	0.014918	0.014437	0.027911	0.038980	0.015881	0.015881	0.034167	0.017806	0.015399	0.010587	0.022137	0.014918	0.011068	0.007218	0.009625	0.006256	0.005294	0.010106	0.013956	0.026468	0.009625	0.009625	0.013956	0.015399	0.010587	0.002406	0.010106	0.014918	0.007218	
0.009143	0.015399	0.011068	0.005294	0.011068	0.023099	0.023099	0.010106	0.008181	0.020212	0.016843	0.011068	0.008181	0.016362	0.013474	0.007218	0.012993	0.016362	0.021174	0.004331	0.020212	0.017806	0.040905	0.008662	0.029836	0.041867	0.038980	0.017324	0.010587	0.008181	0.021174	0.005775	0.012512	0.022618	0.017324	0.009625	0.026468	0.028393	0.033686	0.016362	0.012993	0.028393	0.020212	0.020212	0.011068	0.013474	0.020212	0.011068	0.006256	0.007700	0.008662	0.005775	0.020212	0.014437	0.022137	0.009625	0.019249	0.022618	0.017806	0.010587	0.005775	0.009143	0.012031	0.008181	
0.005775	0.013474	0.012031	0.009625	0.017806	0.020212	0.014437	0.009625	0.011550	0.027430	0.011550	0.007700	0.003369	0.012031	0.004331	0.005294	0.018287	0.027911	0.017806	0.013956	0.015399	0.020212	0.037536	0.010587	0.030318	0.034167	0.035611	0.019731	0.005775	0.012512	0.019731	0.006737	0.012031	0.021655	0.017324	0.019249	0.024543	0.030799	0.034649	0.023099	0.013956	0.037536	0.022137	0.020212	0.011068	0.017806	0.014918	0.015399	0.006737	0.011550	0.011068	0.006256	0.008662	0.011550	0.020693	0.006256	0.018287	0.018768	0.018287	0.011550	0.005775	0.013956	0.007218	0.005294	
0.007700	0.014437	0.015399	0.005294	0.014437	0.030799	0.019731	0.009625	0.008662	0.025505	0.011068	0.012993	0.006256	0.018768	0.012031	0.012031	0.015881	0.018287	0.016362	0.015881	0.011068	0.023099	0.033205	0.015399	0.020212	0.030799	0.037055	0.019249	0.006737	0.011068	0.023099	0.008662	0.016843	0.025505	0.017324	0.014437	0.020693	0.036574	0.040905	0.019731	0.013474	0.033205	0.022137	0.018768	0.010587	0.015881	0.019731	0.012993	0.002887	0.011550	0.005775	0.005775	0.016362	0.008181	0.024062	0.007700	0.010587	0.014437	0.010587	0.010587	0.002887	0.009143	0.012993	0.007700	
0.008181	0.017324	0.010106	0.007700	0.013956	0.020693	0.022137	0.012993	0.012031	0.020212	0.010106	0.012512	0.008662	0.011550	0.014918	0.006256	0.017806	0.018287	0.017324	0.009143	0.017806	0.025505	0.044273	0.011068	0.029355	0.035130	0.037055	0.016362	0.012031	0.011550	0.020693	0.008181	0.013474	0.012031	0.013474	0.013956	0.023580	0.029836	0.033686	0.016843	0.012512	0.033686	0.016843	0.017806	0.008181	0.015399	0.025505	0.012512	0.004812	0.010106	0.006256	0.005294	0.010106	0.008662	0.029355	0.006737	0.013956	0.023580	0.022618	0.007700	0.003850	0.011068	0.015399	0.011068	
0.008662	0.014918	0.012512	0.008181	0.011550	0.025505	0.013956	0.006737	0.008181	0.019249	0.011068	0.008662	0.003369	0.017324	0.006256	0.009143	0.012993	0.019249	0.017806	0.015399	0.016843	0.018768	0.037055	0.012031	0.036574	0.030799	0.040423	0.021655	0.004331	0.014437	0.019731	0.009143	0.008662	0.024062	0.017806	0.017324	0.021655	0.034649	0.034167	0.022137	0.014437	0.036574	0.015399	0.020212	0.008181	0.017324	0.014918	0.013956	0.006737	0.008662	0.010106	0.007218	0.011068	0.011550	0.020212	0.006737	0.020212	0.020693	0.027911	0.007700	0.005775	0.014918	0.011550	0.005775	
0.008662	0.011550	0.011550	0.005294	0.013474	0.020212	0.022137	0.011068	0.010587	0.022137	0.016843	0.008662	0.007700	0.014918	0.015399	0.010106	0.018768	0.018768	0.012031	0.011550	0.018768	0.022137	0.034167	0.015399	0.026949	0.033686	0.030318	0.014437	0.011068	0.009143	0.016843	0.010587	0.013474	0.027430	0.019249	0.019249	0.017324	0.033686	0.033686	0.022618	0.019249	0.030318	0.023099	0.022137	0.010106	0.016362	0.015881	0.015881	0.004812	0.008662	0.003369	0.004812	0.015399	0.017324	0.024062	0.007218	0.012512	0.013956	0.014918	0.011068	0.001925	0.015881	0.013956	0.006256	
0.009625	0.019249	0.010587	0.006256	0.013956	0.018287	0.025024	0.009143	0.011068	0.019731	0.012031	0.003369	0.007218	0.011550	0.016843	0.005294	0.020212	0.019249	0.017324	0.008181	0.017806	0.025987	0.035611	0.013956	0.035130	0.035611	0.024543	0.018768	0.009143	0.014918	0.021655	0.010587	0.012031	0.027911	0.014918	0.014437	0.015399	0.027911	0.037536	0.019249	0.013956	0.036574	0.019731	0.014918	0.007700	0.017324	0.020212	0.011068	0.007218	0.008662	0.009143	0.005775	0.012512	0.012512	0.022137	0.009143	0.017324	0.018768	0.015399	0.010587	0.008662	0.012993	0.016362	0.004812	
0.007700	0.019249	0.015881	0.006256	0.015881	0.022137	0.025505	0.011550	0.011068	0.018287	0.013956	0.008662	0.004331	0.015399	0.007218	0.007700	0.012993	0.019249	0.018287	0.009143	0.019731	0.019731	0.033205	0.012031	0.033686	0.028874	0.041867	0.015881	0.009143	0.012512	0.018768	0.011068	0.015881	0.024543	0.016843	0.020212	0.025024	0.028393	0.038017	0.019249	0.016362	0.025505	0.015881	0.013956	0.007700	0.015881	0.015399	0.008662	0.008662	0.006256	0.011068	0.006737	0.012512	0.010106	0.026949	0.007218	0.027911	0.017324	0.016362	0.013474	0.003369	0.011068	0.011550	0.005775	
0.010106	0.015881	0.014437	0.004812	0.012993	0.024062	0.025505	0.006737	0.014437	0.016843	0.021174	0.009625	0.006256	0.016362	0.012993	0.006737	0.015399	0.018768	0.026468	0.012512	0.021174	0.016843	0.029836	0.012512	0.031280	0.035611	0.038499	0.018287	0.006737	0.010106	0.021655	0.011550	0.012512	0.028393	0.026949	0.021174	0.016843	0.024543	0.032724	0.015881	0.017324	0.026949	0.025024	0.018768	0.006737	0.014437	0.022618	0.008181	0.005294	0.005775	0.008181	0.005294	0.010587	0.010587	0.026468	0.007218	0.009143	0.016362	0.018768	0.008662	0.003850	0.009625	0.012512	0.007218	
0.011068	0.010587	0.016843	0.004812	0.012993	0.021655	0.025505	0.008181	0.012512	0.023580	0.028874	0.011068	0.005775	0.012512	0.019249	0.006256	0.015399	0.015881	0.020693	0.009625	0.015399	0.018287	0.034167	0.008181	0.038017	0.027911	0.036574	0.012031	0.006256	0.005294	0.022618	0.008181	0.017324	0.016843	0.024062	0.013956	0.023580	0.027911	0.027911	0.016362	0.023580	0.032243	0.025505	0.022137	0.012993	0.011550	0.021655	0.009143	0.003850	0.004812	0.010106	0.004812	0.011068	0.008662	0.022618	0.008181	0.015399	0.021655	0.022618	0.010106	0.007218	0.008662	0.013474	0.004331	
0.010106	0.012993	0.019249	0.005294	0.010587	0.015399	0.013956	0.008181	0.012993	0.016362	0.028874	0.013474	0.009625	0.008662	0.004812	0.010106	0.018287	0.015881	0.020212	0.008662	0.014918	0.015399	0.032243	0.013956	0.028874	0.022137	0.036092	0.023099	0.010106	0.013474	0.011550	0.005775	0.023099	0.018768	0.027911	0.019731	0.025987	0.030318	0.025987	0.023099	0.032724	0.029836	0.028393	0.022618	0.015399	0.015399	0.010587	0.013956	0.009625	0.007700	0.011068	0.003850	0.005294	0.010587	0.013956	0.008181	0.032243	0.011550	0.018287	0.014918	0.007218	0.008181	0.010106	0.002406	
0.010587	0.012993	0.026468	0.011068	0.014918	0.013474	0.018768	0.008181	0.018768	0.016843	0.028874	0.013956	0.006256	0.009625	0.010587	0.011068	0.013474	0.010106	0.021655	0.011550	0.017806	0.014437	0.026468	0.012993	0.026468	0.014918	0.025987	0.018768	0.020693	0.008181	0.019249	0.005294	0.027911	0.022618	0.037536	0.018768	0.013956	0.020693	0.029355	0.015881	0.030318	0.031280	0.028874	0.021174	0.023580	0.013474	0.019731	0.017324	0.006256	0.009143	0.016362	0.010587	0.010587	0.007218	0.019731	0.008181	0.008662	0.012031	0.012512	0.003850	0.006256	0.009625	0.010587	0.005775	
0.015399	0.011068	0.027911	0.003850	0.012031	0.018768	0.018287	0.005775	0.025987	0.015399	0.051011	0.009625	0.023580	0.010587	0.008181	0.009625	0.012993	0.013956	0.022618	0.007700	0.012031	0.008662	0.028874	0.006256	0.024062	0.025505	0.033205	0.012031	0.023580	0.007700	0.010587	0.003369	0.019249	0.015881	0.037055	0.012031	0.025024	0.013956	0.028874	0.007218	0.038980	0.021655	0.023580	0.012031	0.025024	0.010587	0.012993	0.009143	0.010587	0.015399	0.025505	0.005294	0.010106	0.010106	0.013956	0.006737	0.019731	0.013474	0.023099	0.003850	0.015399	0.006256	0.014437	0.003369	
0.012993	0.013956	0.023099	0.008181	0.011068	0.018287	0.019731	0.007218	0.024062	0.016843	0.065929	0.006256	0.006737	0.011550	0.005775	0.004812	0.012512	0.012512	0.025505	0.008662	0.011068	0.011068	0.020693	0.008662	0.019249	0.018768	0.040423	0.011550	0.003850	0.007700	0.009143	0.005294	0.025024	0.014918	0.050048	0.018768	0.014437	0.019731	0.025505	0.016362	0.045236	0.022137	0.035611	0.027911	0.004331	0.012512	0.008181	0.012512	0.021655	0.018768	0.037536	0.009625	0.007700	0.006256	0.014437	0.006737	0.015399	0.009143	0.015881	0.005775	0.004331	0.007700	0.008662	0.004812	
0.013956	0.015399	0.034167	0.008662	0.015881	0.014437	0.021174	0.008662	0.025024	0.028874	0.067372	0.014918	0.006737	0.014437	0.019249	0.004812	0.008662	0.008662	0.017324	0.009625	0.009143	0.010106	0.025024	0.011068	0.019249	0.022137	0.029836	0.009143	0.007218	0.007700	0.018768	0.005294	0.021174	0.019731	0.050048	0.012993	0.012031	0.022137	0.020212	0.012512	0.054860	0.028874	0.045717	0.028393	0.007218	0.008181	0.024543	0.011550	0.004331	0.004331	0.008181	0.002406	0.004812	0.011068	0.017806	0.005775	0.007218	0.006737	0.011550	0.006256	0.003850	0.006737	0.014918	0.001925	
0.007700	0.010587	0.020212	0.009625	0.011068	0.012031	0.014437	0.010587	0.017324	0.025024	0.057748	0.009625	0.006256	0.009143	0.013956	0.004331	0.008662	0.010587	0.016362	0.006256	0.008662	0.015881	0.017806	0.015399	0.025024	0.019731	0.025024	0.014437	0.006256	0.010106	0.013956	0.007700	0.017806	0.017806	0.056304	0.014437	0.014437	0.023580	0.027911	0.020693	0.058229	0.033686	0.038499	0.024062	0.014918	0.017324	0.017806	0.008662	0.006256	0.008181	0.005294	0.005294	0.006256	0.010106	0.013956	0.006737	0.022618	0.017324	0.027911	0.009625	0.002887	0.003850	0.011068	0.005775	
0.005775	0.011550	0.011068	0.012031	0.007218	0.014918	0.012512	0.012512	0.016362	0.021655	0.044273	0.015881	0.006256	0.014918	0.004812	0.009625	0.009143	0.008662	0.009625	0.012993	0.009143	0.016362	0.020212	0.015881	0.015881	0.016843	0.026468	0.014918	0.010106	0.012031	0.020693	0.010587	0.017806	0.023099	0.051973	0.030318	0.017806	0.029836	0.023580	0.024543	0.048604	0.028874	0.033686	0.038017	0.007700	0.019731	0.012993	0.017324	0.005294	0.004812	0.014918	0.005294	0.007218	0.008181	0.014437	0.010587	0.021174	0.009143	0.016843	0.009625	0.003369	0.009143	0.007218	0.006737	
0.005294	0.009143	0.016362	0.007218	0.016362	0.015881	0.011068	0.004812	0.016843	0.025024	0.034167	0.011550	0.010106	0.018768	0.025024	0.006737	0.009143	0.014437	0.012512	0.005294	0.013474	0.014437	0.030799	0.010587	0.012993	0.020212	0.028393	0.009143	0.010587	0.012512	0.032243	0.008181	0.017806	0.024543	0.045236	0.014437	0.016362	0.019249	0.027430	0.013474	0.029836	0.028874	0.030799	0.031761	0.009143	0.018287	0.035611	0.015399	0.003850	0.008181	0.009143	0.006256	0.015399	0.007700	0.023580	0.009143	0.010106	0.010587	0.015399	0.009625	0.005775	0.013474	0.018287	0.006737	
0.007218	0.014918	0.007700	0.006256	0.011068	0.017324	0.019249	0.008662	0.014918	0.025987	0.027911	0.014437	0.004812	0.016843	0.007218	0.004331	0.014918	0.020212	0.015399	0.011068	0.008181	0.012512	0.027430	0.009143	0.023580	0.027430	0.029355	0.012512	0.010587	0.010106	0.011550	0.005775	0.017806	0.024062	0.016843	0.011068	0.019731	0.024062	0.027911	0.012993	0.022618	0.038017	0.023099	0.025024	0.013956	0.017324	0.019249	0.011550	0.007218	0.009625	0.012993	0.005775	0.015399	0.015881	0.023580	0.008181	0.032724	0.030799	0.031761	0.015881	0.008181	0.005294	0.018287	0.005294	
0.006256	0.021174	0.011550	0.008181	0.017324	0.018287	0.023580	0.009625	0.010587	0.019249	0.012512	0.010587	0.004812	0.016843	0.002887	0.009625	0.010106	0.017324	0.015399	0.011550	0.015399	0.018768	0.024543	0.011068	0.022137	0.035130	0.025987	0.014918	0.006256	0.008662	0.015881	0.008181	0.022618	0.030799	0.020693	0.019731	0.024062	0.031280	0.047642	0.019249	0.022137	0.045717	0.025987	0.018287	0.016843	0.022618	0.010587	0.017806	0.010587	0.008181	0.012993	0.005775	0.010587	0.007218	0.022137	0.009625	0.016362	0.016362	0.016362	0.007218	0.004331	0.009143	0.008662	0.004812	
0.007700	0.018287	0.015399	0.008181	0.015399	0.026949	0.027911	0.007218	0.010587	0.021174	0.019249	0.009625	0.003850	0.014437	0.018768	0.008181	0.013956	0.021655	0.023099	0.008662	0.020693	0.014918	0.032724	0.007218	0.025505	0.039942	0.035611	0.016843	0.005294	0.013474	0.025024	0.005775	0.012031	0.028393	0.020693	0.010106	0.021174	0.036092	0.042830	0.016362	0.013474	0.025987	0.022618	0.018768	0.003850	0.016362	0.022618	0.008181	0.005775	0.009625	0.012512	0.004331	0.012512	0.011550	0.028393	0.004812	0.007700	0.011550	0.012512	0.006256	0.002406	0.013956	0.014918	0.009143	
0.007700	0.016843	0.008181	0.006737	0.009143	0.032724	0.019731	0.016362	0.008181	0.037055	0.017806	0.008662	0.005294	0.012993	0.010106	0.002887	0.015399	0.028393	0.015399	0.010587	0.012993	0.027911	0.027911	0.020693	0.024062	0.054379	0.032724	0.020693	0.007218	0.011550	0.013474	0.003369	0.012993	0.022618	0.013474	0.008181	0.020693	0.039461	0.018768	0.019731	0.020212	0.034649	0.018287	0.016843	0.011068	0.018768	0.012993	0.008662	0.003850	0.003369	0.006737	0.001444	0.009143	0.014918	0.021655	0.012512	0.021655	0.027911	0.017806	0.013956	0.003369	0.012512	0.007218	0.008181	
0.005775	0.015881	0.009143	0.009143	0.013956	0.026468	0.024543	0.006256	0.005775	0.019731	0.013956	0.004331	0.004812	0.012512	0.004812	0.004812	0.010106	0.015881	0.017806	0.008181	0.022618	0.036092	0.047642	0.008662	0.018287	0.030799	0.030799	0.008181	0.007218	0.021655	0.032724	0.007700	0.013956	0.029836	0.018768	0.011550	0.021655	0.049567	0.066891	0.015881	0.013474	0.033205	0.017806	0.022137	0.007218	0.035130	0.009625	0.008181	0.007218	0.006737	0.009143	0.003850	0.006737	0.011068	0.027911	0.010106	0.009625	0.012993	0.014918	0.006256	0.003369	0.010106	0.004331	0.005294	
0.021174	0.000481	0.010587	0.004812	0.043311	0.000481	0.021174	0.003369	0.027430	0.000481	0.021655	0.005294	0.014437	0.000481	0.012993	0.004812	0.030799	0.000481	0.025505	0.008181	0.079403	0.000481	0.040423	0.002887	0.106833	0.000481	0.050529	0.009143	0.017806	0.000481	0.020693	0.001925	0.021655	0.000481	0.017806	0.007218	0.056304	0.000481	0.034167	0.005775	0.038017	0.000481	0.025987	0.012993	0.018768	0.000481	0.016362	0.005294	0.011550	0.000481	0.008662	0.001925	0.049086	0.000481	0.025024	0.004812	0.038980	0.000481	0.010106	0.001925	0.009143	0.000481	0.013956	0.002406	
0.000481	0.000481	0.000481	0.083734	0.000481	0.000481	0.000481	0.000481	0.000481	0.000481	0.000481	0.061116	0.000481	0.000481	0.000481	0.020693	0.000481	0.000481	0.000481	0.226660	0.000481	0.000481	0.000481	0.000481	0.000481	0.000481	0.000481	0.119346	0.000481	0.000481	0.000481	0.015399	0.000481	0.000481	0.000481	0.209817	0.000481	0.000481	0.000481	0.000481	0.000481	0.000481	0.000481	0.106833	0.000481	0.000481	0.000481	0.027911	0.000481	0.000481	0.000481	0.058710	0.000481	0.000481	0.000481	0.000481	0.000481	0.000481	0.000481	0.062560	0.000481	0.000481	0.000481	0.012993	
0.000481	0.000481	0.000481	0.000481	0.000481	0.000481	0.000481	0.000481	0.000481	0.000481	0.000481	0.000481	0.000481	0.000481	0.577478	0.000481	0.000481	0.000481	0.000481	0.000481	0.000481	0.000481	0.000481	0.000481	0.000481	0.000481	0.000481	0.000481	0.000481	0.000481	0.000481	0.000481	0.000481	0.000481	0.000481	0.000481	0.000481	0.000481	0.000481	0.000481	0.000481	0.000481	0.000481	0.000481	0.000481	0.000481	0.348412	0.000481	0.000481	0.000481	0.000481	0.000481	0.000481	0.000481	0.000481	0.000481	0.000481	0.000481	0.000481	0.000481	0.000481	0.000481	0.075553	0.000481	
0.000481	0.000481	0.000481	0.000481	0.000481	0.000481	0.000481	0.000481	0.000481	0.000481	0.000481	0.000481	0.000481	0.000481	0.000481	0.000481	0.000481	0.000481	0.000481	0.000481	0.000481	0.000481	0.000481	0.000481	0.000481	0.000481	0.000481	0.000481	0.000481	0.000481	0.000481	0.000481	0.000481	0.000481	0.000481	0.000481	0.000481	0.000481	0.000481	0.000481	0.000481	0.000481	0.000481	0.000481	0.000481	0.000481	0.000481	0.000481	0.000481	0.000481	0.000481	0.000481	0.000481	0.000481	0.000481	0.000481	0.384023	0.212223	0.284408	0.121270	0.000481	0.000481	0.000481	0.000481	
0.000481	0.000481	0.000481	0.000481	0.000481	0.000481	0.000481	0.000481	0.000481	0.000481	0.000481	0.000481	0.000481	0.000481	0.000481	0.000481	0.000481	0.000481	0.000481	0.000481	0.000481	0.000481	0.000481	0.000481	0.000481	0.000481	0.000481	0.000481	0.000481	0.000481	0.000481	0.000481	0.060154	0.167469	0.095284	0.062560	0.037055	0.069779	0.064485	0.042348	0.050048	0.129451	0.051492	0.054860	0.010587	0.066410	0.019731	0.025987	0.000481	0.000481	0.000481	0.000481	0.000481	0.000481	0.000481	0.000481	0.000481	0.000481	0.000481	0.000481	0.000481	0.000481	0.000481	0.000481	
0.012512	0.024062	0.017324	0.007700	0.025024	0.076035	0.044755	0.023099	0.006737	0.057267	0.010587	0.022137	0.002887	0.032724	0.019249	0.009143	0.009143	0.011550	0.012512	0.005294	0.013474	0.018287	0.029836	0.009625	0.012512	0.018768	0.022137	0.012512	0.003369	0.011068	0.023580	0.005775	0.007218	0.017806	0.011068	0.015399	0.024062	0.042348	0.037055	0.027430	0.009625	0.020212	0.010587	0.012512	0.004331	0.013474	0.028874	0.009625	0.000481	0.006737	0.000481	0.004331	0.013956	0.015399	0.025024	0.013474	0.000481	0.006256	0.010106	0.004331	0.001925	0.011068	0.009625	0.004812	
0.006737	0.007218	0.008181	0.007218	0.010106	0.014918	0.026949	0.008181	0.011068	0.012512	0.012993	0.004812	0.004331	0.010587	0.009625	0.008181	0.017806	0.024543	0.023099	0.011068	0.039942	0.023099	0.073628	0.015399	0.041386	0.029355	0.043792	0.022137	0.013956	0.012512	0.038980	0.008181	0.007700	0.009625	0.006737	0.005294	0.024543	0.027430	0.042348	0.008181	0.012512	0.012512	0.017324	0.011068	0.008181	0.016362	0.019731	0.007218	0.003369	0.004331	0.003369	0.001444	0.017806	0.012031	0.029836	0.008662	0.021174	0.019249	0.029836	0.011068	0.005294	0.007218	0.012031	0.004812	
0.009143	0.014437	0.004331	0.007700	0.011068	0.011068	0.015881	0.007700	0.012512	0.012993	0.008181	0.007700	0.001925	0.009143	0.003850	0.010106	0.021174	0.035611	0.013956	0.021655	0.017324	0.016362	0.027430	0.016362	0.057748	0.048604	0.034167	0.032243	0.004812	0.013956	0.010587	0.011068	0.016362	0.027911	0.011068	0.030799	0.017324	0.014918	0.019731	0.021655	0.021655	0.043311	0.013956	0.025024	0.002887	0.015881	0.010587	0.019731	0.007218	0.014437	0.007700	0.002406	0.011068	0.014437	0.015399	0.005775	0.027911	0.025987	0.012512	0.013956	0.002887	0.013956	0.003369	0.008181	
0.009625	0.018287	0.016843	0.009143	0.012993	0.038017	0.026949	0.014437	0.003850	0.015399	0.008662	0.009143	0.005775	0.027430	0.016362	0.012993	0.011068	0.016362	0.021655	0.007700	0.010587	0.014437	0.025987	0.005775	0.016843	0.030799	0.015881	0.014918	0.005775	0.012031	0.021655	0.012031	0.025024	0.041867	0.028874	0.024062	0.028393	0.040905	0.038980	0.022618	0.012031	0.025987	0.012031	0.018768	0.006737	0.031761	0.027911	0.012512	0.000481	0.009143	0.000481	0.002406	0.011550	0.011068	0.023099	0.007218	0.000481	0.009143	0.013956	0.004812	0.003369	0.018287	0.013956	0.013474	
0.009625	0.012993	0.014437	0.009143	0.023580	0.023580	0.028874	0.009625	0.016843	0.025987	0.013956	0.011068	0.004812	0.020212	0.008662	0.009625	0.015399	0.023580	0.017324	0.007218	0.030318	0.013956	0.047642	0.012512	0.028393	0.032243	0.040423	0.013956	0.010106	0.013956	0.021655	0.004331	0.010106	0.013956	0.004812	0.004331	0.022137	0.020212	0.029836	0.009143	0.010587	0.022137	0.010106	0.007700	0.006256	0.014437	0.020212	0.006737	0.006737	0.005775	0.006737	0.002406	0.028393	0.013474	0.038017	0.009625	0.021174	0.027911	0.020212	0.010587	0.008662	0.015399	0.020212	0.006737	
0.010587	0.016362	0.004331	0.010587	0.010106	0.020212	0.012993	0.012993	0.007700	0.017806	0.010106	0.007700	0.003850	0.008662	0.003850	0.006737	0.024062	0.036574	0.020212	0.023580	0.015881	0.020693	0.017806	0.016843	0.048604	0.044273	0.027911	0.023580	0.006737	0.016362	0.012031	0.005775	0.015881	0.028874	0.010587	0.021655	0.020693	0.034167	0.025987	0.027430	0.014437	0.029355	0.012993	0.027911	0.003850	0.017806	0.007700	0.013956	0.006737	0.008662	0.010106	0.004331	0.012031	0.017806	0.021655	0.012512	0.015881	0.019249	0.018768	0.016843	0.001925	0.012031	0.003369	0.010106	
0.013474	0.018287	0.016843	0.008662	0.015399	0.038980	0.024062	0.012031	0.006256	0.019249	0.009625	0.010106	0.005294	0.028393	0.018768	0.007700	0.012031	0.017806	0.019249	0.009625	0.020212	0.025505	0.038499	0.008662	0.018287	0.026949	0.016362	0.016843	0.010106	0.014918	0.037536	0.007218	0.017324	0.028393	0.019731	0.021174	0.019731	0.041867	0.028393	0.020693	0.014437	0.025024	0.013474	0.016843	0.005775	0.022137	0.034167	0.013956	0.000481	0.009143	0.000481	0.006256	0.008662	0.017806	0.021655	0.006737	0.000481	0.006256	0.012993	0.007218	0.001925	0.014918	0.016362	0.003369	
0.004812	0.017806	0.012512	0.008181	0.016843	0.015399	0.031761	0.009625	0.020693	0.014918	0.014918	0.005775	0.006256	0.018768	0.011550	0.009143	0.012031	0.027430	0.018768	0.005775	0.033205	0.020212	0.054860	0.015881	0.029355	0.033686	0.035611	0.013474	0.007700	0.010587	0.022618	0.007218	0.010106	0.010106	0.011068	0.008181	0.017324	0.015399	0.029355	0.015399	0.008662	0.014437	0.016843	0.012512	0.009143	0.012031	0.019249	0.010587	0.005294	0.007700	0.006737	0.003369	0.019731	0.013956	0.036092	0.010587	0.035130	0.030799	0.031280	0.009625	0.002887	0.011550	0.012512	0.005294	
0.004812	0.009625	0.007218	0.010587	0.009143	0.024543	0.016843	0.012512	0.011550	0.017324	0.009143	0.011068	0.003369	0.010106	0.004331	0.007700	0.023580	0.027911	0.015399	0.020212	0.011550	0.012512	0.025987	0.014918	0.051011	0.038980	0.032243	0.029836	0.009625	0.015399	0.012512	0.013956	0.022137	0.031761	0.015399	0.024543	0.016843	0.026949	0.022618	0.027430	0.027911	0.028874	0.011550	0.030318	0.001925	0.013474	0.006256	0.019731	0.005294	0.008181	0.008181	0.004331	0.013474	0.011550	0.015399	0.012512	0.018768	0.016362	0.012993	0.017806	0.003850	0.013474	0.005775	0.009143	
0.009625	0.016362	0.021655	0.008181	0.012512	0.035130	0.020212	0.009625	0.004812	0.024062	0.009143	0.008181	0.004812	0.031280	0.012031	0.011550	0.008181	0.014918	0.019249	0.008662	0.010587	0.018287	0.037536	0.009143	0.012993	0.035130	0.016843	0.015881	0.005294	0.012031	0.040423	0.009625	0.021174	0.039942	0.025987	0.022137	0.017806	0.035130	0.033205	0.015399	0.010106	0.023580	0.017806	0.014437	0.009143	0.031761	0.032243	0.015881	0.000481	0.013956	0.000481	0.003850	0.012993	0.012993	0.020693	0.005775	0.000481	0.008662	0.014437	0.005294	0.001925	0.015399	0.025505	0.007700	
0.007700	0.013956	0.012031	0.005775	0.020693	0.026468	0.027911	0.010106	0.014437	0.022137	0.019249	0.011550	0.004331	0.017806	0.011550	0.009143	0.012993	0.017806	0.013956	0.009143	0.022137	0.016843	0.051973	0.010587	0.021655	0.038499	0.038499	0.013474	0.008181	0.007700	0.019249	0.004812	0.005775	0.011068	0.007218	0.004331	0.023580	0.022618	0.033686	0.011550	0.011550	0.024543	0.014437	0.007700	0.009625	0.010587	0.015881	0.007700	0.002887	0.009625	0.005294	0.003369	0.024062	0.012993	0.043311	0.010106	0.028393	0.036574	0.035611	0.009625	0.004812	0.013956	0.021174	0.004812	
0.005775	0.010587	0.006256	0.006737	0.009625	0.016362	0.012993	0.013474	0.006737	0.013956	0.010587	0.007218	0.002406	0.007700	0.005294	0.007218	0.024543	0.030799	0.012512	0.022618	0.016843	0.019731	0.023099	0.019249	0.050048	0.042348	0.033205	0.031280	0.008662	0.012993	0.011068	0.009625	0.015399	0.027911	0.012993	0.019731	0.026468	0.030799	0.028874	0.035611	0.022618	0.036092	0.018287	0.030799	0.005775	0.012031	0.007218	0.017324	0.006737	0.009143	0.004331	0.006737	0.010106	0.012031	0.017324	0.010587	0.018768	0.014437	0.016843	0.017806	0.002887	0.010587	0.005294	0.007700	
0.010106	0.015881	0.021655	0.004812	0.010106	0.038499	0.023099	0.006737	0.005294	0.013956	0.006256	0.010587	0.005775	0.025024	0.015881	0.009143	0.011068	0.018287	0.023580	0.010106	0.011550	0.026468	0.035130	0.005775	0.015399	0.024543	0.025505	0.016843	0.008662	0.023580	0.035611	0.011068	0.015881	0.041867	0.020212	0.020212	0.014918	0.037055	0.038499	0.016362	0.010106	0.027911	0.022618	0.018287	0.007218	0.034167	0.033686	0.012031	0.000481	0.009625	0.000481	0.009143	0.005775	0.008662	0.021655	0.007218	0.000481	0.008181	0.015881	0.004331	0.003850	0.015399	0.015399	0.007218	
0.006256	0.012031	0.014437	0.004812	0.017806	0.023099	0.036574	0.008181	0.015399	0.020693	0.021174	0.008662	0.006256	0.018768	0.013474	0.005775	0.009625	0.014437	0.012993	0.005294	0.025505	0.023580	0.053898	0.007700	0.023099	0.030318	0.045236	0.019731	0.005294	0.007218	0.016843	0.006737	0.008662	0.009625	0.005775	0.007218	0.014918	0.019249	0.030799	0.009625	0.012993	0.022137	0.020693	0.014437	0.006256	0.017324	0.017806	0.008662	0.004812	0.004331	0.011068	0.005294	0.029355	0.015881	0.045236	0.007700	0.018768	0.030318	0.037536	0.013956	0.003850	0.015399	0.013956	0.006256	
0.005294	0.010106	0.006737	0.007218	0.005775	0.016362	0.011068	0.007218	0.011550	0.011550	0.012512	0.008662	0.002887	0.008181	0.002406	0.009143	0.021655	0.030799	0.016843	0.018287	0.016362	0.022618	0.022137	0.020693	0.052936	0.049086	0.029355	0.035130	0.005294	0.011550	0.008662	0.007700	0.011550	0.022137	0.008181	0.028393	0.022137	0.027430	0.027430	0.026468	0.020212	0.046198	0.019731	0.038499	0.005775	0.021174	0.008662	0.021174	0.003369	0.005775	0.005294	0.007218	0.017806	0.016362	0.016362	0.008181	0.015399	0.018768	0.011550	0.016362	0.003369	0.013474	0.004331	0.006256	
0.005294	0.014437	0.014918	0.007218	0.009143	0.033205	0.018768	0.007700	0.006256	0.017806	0.006256	0.006737	0.003369	0.028393	0.018287	0.011068	0.012512	0.017806	0.021655	0.010106	0.014918	0.020693	0.039461	0.007700	0.012512	0.022618	0.030318	0.011550	0.006737	0.011068	0.034167	0.010587	0.018768	0.038980	0.023580	0.018768	0.017806	0.053898	0.037536	0.016362	0.011550	0.027430	0.018768	0.015399	0.008181	0.049086	0.028393	0.012993	0.000481	0.011068	0.000481	0.005294	0.011068	0.014918	0.023099	0.005294	0.000481	0.006256	0.012993	0.004331	0.004331	0.015399	0.015399	0.009143	
0.006256	0.014918	0.011068	0.004812	0.020693	0.019249	0.035611	0.006737	0.015399	0.019249	0.018768	0.007218	0.005294	0.017324	0.014437	0.004331	0.012031	0.017324	0.015399	0.008181	0.029836	0.017806	0.063523	0.011550	0.025024	0.045236	0.042830	0.005775	0.005775	0.015399	0.012993	0.002887	0.007218	0.011550	0.009143	0.002887	0.016362	0.016843	0.029355	0.011550	0.013474	0.023099	0.019731	0.012031	0.004331	0.014437	0.013956	0.005294	0.005775	0.007700	0.006256	0.002887	0.020693	0.019249	0.054379	0.009625	0.016362	0.036092	0.030318	0.013474	0.006256	0.014437	0.015881	0.007218	
0.009143	0.010587	0.005775	0.005775	0.007218	0.022618	0.012993	0.008662	0.010587	0.017324	0.006256	0.007700	0.001444	0.007218	0.004331	0.005775	0.023580	0.030318	0.012993	0.020693	0.013956	0.018768	0.021174	0.019249	0.046198	0.060635	0.039461	0.036574	0.005775	0.014437	0.009143	0.010106	0.010587	0.022618	0.009143	0.027911	0.023099	0.038980	0.026468	0.035130	0.022618	0.037055	0.016843	0.035130	0.001925	0.015399	0.009143	0.012031	0.003850	0.006256	0.005294	0.006256	0.011068	0.014918	0.019249	0.016362	0.019249	0.018287	0.011068	0.008662	0.002887	0.008181	0.002406	0.006256	
0.007700	0.017806	0.016843	0.004812	0.007700	0.036574	0.017806	0.007700	0.003850	0.012031	0.012031	0.005294	0.003369	0.032724	0.014437	0.010106	0.007700	0.017806	0.023580	0.006256	0.016362	0.030799	0.041867	0.006256	0.012512	0.026949	0.026468	0.013956	0.007700	0.016843	0.045236	0.009625	0.020693	0.038017	0.024543	0.015399	0.020212	0.043311	0.050529	0.019249	0.008662	0.030318	0.015399	0.019249	0.008181	0.036092	0.030799	0.012993	0.000481	0.006737	0.000481	0.004331	0.008181	0.012993	0.020693	0.003369	0.000481	0.007218	0.013474	0.003850	0.003369	0.010587	0.015399	0.004812	
0.006256	0.013474	0.011068	0.005775	0.015881	0.026468	0.028393	0.009625	0.013474	0.020212	0.022137	0.009625	0.003369	0.012512	0.010587	0.004331	0.011068	0.017324	0.017806	0.006256	0.025987	0.025505	0.060154	0.012031	0.022137	0.040423	0.051973	0.016362	0.007700	0.008181	0.015881	0.004812	0.005294	0.008181	0.004812	0.007218	0.017324	0.020693	0.031761	0.006737	0.017324	0.020693	0.021655	0.007700	0.007700	0.011068	0.017324	0.006256	0.002406	0.006256	0.009625	0.004331	0.022618	0.015881	0.047161	0.010587	0.024062	0.033686	0.032243	0.015881	0.004331	0.011068	0.017324	0.004812	
0.006256	0.006737	0.002887	0.009143	0.009625	0.012993	0.011068	0.011550	0.009625	0.015881	0.010106	0.007700	0.004812	0.006737	0.005294	0.006737	0.021174	0.023099	0.014437	0.023099	0.019731	0.022137	0.029355	0.017324	0.047642	0.049086	0.040905	0.029836	0.008662	0.014437	0.008181	0.007700	0.013474	0.027911	0.012031	0.023580	0.023580	0.030799	0.023099	0.037536	0.032724	0.038980	0.018768	0.037536	0.003369	0.021174	0.006737	0.018287	0.003850	0.008662	0.002887	0.007700	0.008662	0.011068	0.013474	0.009625	0.021174	0.016843	0.012031	0.011068	0.002887	0.006256	0.003850	0.007218	
0.005775	0.015399	0.017806	0.005775	0.010587	0.038017	0.013956	0.003850	0.002887	0.017324	0.005775	0.006256	0.002887	0.033205	0.014437	0.012993	0.011068	0.016843	0.027430	0.006256	0.010587	0.025505	0.033686	0.007218	0.011550	0.028393	0.024543	0.012512	0.002406	0.023580	0.045717	0.004331	0.021174	0.039461	0.029836	0.020693	0.012512	0.043311	0.048123	0.016843	0.012031	0.033205	0.022618	0.013956	0.006737	0.028874	0.035611	0.014918	0.000481	0.012993	0.000481	0.005775	0.007218	0.013956	0.022618	0.004812	0.000481	0.009625	0.009625	0.004331	0.001925	0.018768	0.015881	0.003369	
0.007218	0.008181	0.016362	0.006737	0.018287	0.026468	0.031761	0.008181	0.015881	0.022137	0.025024	0.012512	0.006256	0.011550	0.013956	0.006737	0.010587	0.013956	0.012512	0.003850	0.025024	0.022618	0.062079	0.011068	0.025024	0.039461	0.040423	0.013474	0.003850	0.007700	0.017324	0.003850	0.007700	0.008662	0.006737	0.003850	0.021655	0.024543	0.032243	0.010106	0.011550	0.023099	0.014918	0.012993	0.008662	0.008181	0.015881	0.004331	0.001444	0.003850	0.005294	0.003369	0.021655	0.016843	0.058710	0.007218	0.021174	0.032724	0.045236	0.012512	0.001925	0.010587	0.016362	0.006737	
0.005775	0.008662	0.003369	0.009143	0.005775	0.007218	0.009625	0.012031	0.005775	0.015881	0.008662	0.010587	0.001925	0.007218	0.002887	0.005775	0.025505	0.022618	0.017324	0.021174	0.015399	0.020693	0.029355	0.025024	0.057748	0.049086	0.042348	0.035611	0.006737	0.010587	0.009625	0.009625	0.012993	0.022137	0.015399	0.023099	0.018287	0.031280	0.029355	0.038499	0.018287	0.047161	0.021174	0.038980	0.005775	0.017324	0.006737	0.021655	0.002406	0.005775	0.004812	0.007700	0.006256	0.012512	0.011068	0.008181	0.013956	0.022137	0.013474	0.013956	0.001925	0.011550	0.001444	0.006737	
0.009625	0.011068	0.016843	0.009143	0.008181	0.025505	0.017324	0.008181	0.002887	0.017806	0.012031	0.008181	0.004331	0.034649	0.012512	0.009625	0.010587	0.011068	0.018287	0.005775	0.008181	0.023580	0.035130	0.004812	0.012031	0.031280	0.022137	0.013956	0.005775	0.026468	0.045717	0.005775	0.017806	0.032243	0.025987	0.019731	0.020693	0.050529	0.048123	0.014918	0.013956	0.033686	0.021655	0.016362	0.009625	0.037055	0.038017	0.014437	0.000481	0.009625	0.000481	0.005775	0.008181	0.013474	0.021655	0.003369	0.000481	0.009143	0.007700	0.003369	0.002887	0.017806	0.015881	0.007218	
0.009625	0.013956	0.007700	0.007218	0.012031	0.017806	0.025505	0.008662	0.011550	0.021655	0.021174	0.007218	0.005294	0.016362	0.012031	0.006737	0.007218	0.016362	0.013956	0.007700	0.020212	0.020693	0.059673	0.012512	0.025505	0.040423	0.039461	0.016843	0.004331	0.010106	0.012031	0.004812	0.007218	0.008662	0.010106	0.003369	0.021655	0.023099	0.035130	0.012031	0.011068	0.022618	0.017806	0.012031	0.005775	0.010106	0.019249	0.006737	0.004331	0.004812	0.006256	0.007218	0.021174	0.018287	0.063523	0.012993	0.021655	0.035130	0.042348	0.012993	0.006256	0.011068	0.012993	0.006737	
0.003369	0.012031	0.004331	0.008662	0.009143	0.012031	0.010106	0.012512	0.006737	0.014918	0.006737	0.009625	0.002406	0.007700	0.006256	0.009143	0.018287	0.020212	0.016362	0.020212	0.015881	0.017324	0.029355	0.017324	0.049086	0.055823	0.040423	0.038499	0.007700	0.013474	0.010587	0.014437	0.012512	0.023580	0.008662	0.025024	0.016843	0.027911	0.032724	0.042348	0.020212	0.035611	0.024543	0.040423	0.003850	0.014437	0.006737	0.024062	0.003850	0.009143	0.003850	0.004812	0.006256	0.012031	0.016843	0.012512	0.016362	0.018287	0.011550	0.010106	0.002406	0.009143	0.004331	0.009143	
0.005294	0.014437	0.011550	0.006737	0.010106	0.033686	0.018287	0.002887	0.001925	0.016843	0.007218	0.007218	0.003369	0.032724	0.015399	0.007218	0.006256	0.015881	0.020212	0.005775	0.007700	0.026949	0.028874	0.005775	0.012993	0.037055	0.028874	0.010106	0.006737	0.022618	0.046198	0.009143	0.014437	0.033686	0.023099	0.021174	0.015399	0.051492	0.042348	0.015399	0.012031	0.035611	0.019731	0.015881	0.008181	0.037055	0.040423	0.012993	0.000481	0.010106	0.000481	0.005294	0.008181	0.012993	0.019249	0.004331	0.000481	0.008181	0.015399	0.003850	0.001925	0.024543	0.022618	0.007700	
