>NC_008463
0.010052	0.011438	0.012132	0.010399	0.009705	0.015251	0.015945	0.013172	0.010052	0.020451	0.015945	0.005546	0.006586	0.010399	0.007279	0.009012	0.014905	0.012825	0.013865	0.016291	0.016984	0.029809	0.035009	0.026343	0.022184	0.047487	0.027036	0.020451	0.006932	0.015598	0.021490	0.016291	0.019411	0.015251	0.009012	0.012825	0.021144	0.039515	0.036049	0.020451	0.008666	0.037435	0.017331	0.014905	0.005546	0.013518	0.008319	0.012825	0.004159	0.006239	0.004159	0.005199	0.012478	0.022877	0.022530	0.017331	0.011785	0.017678	0.017678	0.010399	0.004853	0.023224	0.006239	0.016291	
0.010745	0.013865	0.014211	0.009705	0.009359	0.020451	0.009359	0.006586	0.008319	0.015598	0.008666	0.006586	0.007279	0.016984	0.012825	0.007626	0.016984	0.012825	0.018371	0.012132	0.018718	0.032236	0.034662	0.021837	0.019411	0.044021	0.027383	0.018718	0.010399	0.021490	0.029116	0.016291	0.016638	0.018024	0.009359	0.008666	0.017331	0.050260	0.037782	0.017678	0.012478	0.039168	0.013865	0.012478	0.007972	0.019064	0.014211	0.010052	0.005199	0.006932	0.006239	0.005546	0.012478	0.022530	0.020104	0.007626	0.010399	0.012132	0.012132	0.008666	0.003120	0.024957	0.013172	0.013172	
0.010399	0.015598	0.015598	0.007972	0.011785	0.020451	0.010745	0.008666	0.010399	0.019411	0.012132	0.006239	0.006932	0.013172	0.007279	0.008666	0.013172	0.014905	0.015945	0.013865	0.025997	0.034662	0.041941	0.022877	0.018718	0.045061	0.026690	0.011438	0.006932	0.014905	0.019757	0.012132	0.012825	0.015945	0.011785	0.010052	0.020104	0.045061	0.035009	0.010745	0.007626	0.029463	0.013865	0.011092	0.005893	0.014558	0.013518	0.012478	0.007279	0.010399	0.004506	0.006586	0.016984	0.029116	0.023224	0.013172	0.019064	0.023570	0.018718	0.007972	0.004159	0.022184	0.007626	0.013172	
0.011785	0.013518	0.010745	0.007626	0.011092	0.021490	0.012825	0.011438	0.010745	0.016638	0.011785	0.008666	0.007626	0.014905	0.006239	0.009705	0.014211	0.019064	0.020797	0.020797	0.028076	0.030503	0.038821	0.031889	0.021837	0.041248	0.028076	0.019757	0.009359	0.013865	0.017331	0.014905	0.015598	0.019064	0.009012	0.012132	0.024957	0.041248	0.033969	0.017331	0.010052	0.031889	0.013518	0.015945	0.005546	0.014558	0.009012	0.007626	0.005893	0.007972	0.005199	0.004853	0.012478	0.025997	0.018371	0.007972	0.012825	0.014211	0.011785	0.009359	0.004506	0.022530	0.006239	0.013172	
0.010745	0.019411	0.011438	0.005893	0.013865	0.023570	0.013172	0.009012	0.009359	0.019411	0.008319	0.008666	0.004506	0.022530	0.008319	0.010052	0.021144	0.022530	0.020797	0.012132	0.022877	0.032929	0.042634	0.020797	0.022530	0.042981	0.019757	0.018718	0.004506	0.022184	0.026343	0.015598	0.021490	0.015598	0.010745	0.007626	0.016291	0.041248	0.032236	0.014211	0.011438	0.030503	0.013518	0.009705	0.008666	0.021144	0.012478	0.011438	0.005199	0.011438	0.004506	0.005893	0.013172	0.024263	0.019064	0.009359	0.009012	0.012825	0.011092	0.005893	0.002773	0.020451	0.007626	0.014558	
0.013518	0.022877	0.010745	0.011438	0.013518	0.030503	0.014211	0.010745	0.009705	0.017331	0.015945	0.004506	0.003466	0.013518	0.006239	0.008319	0.017331	0.015945	0.018371	0.014558	0.019411	0.032582	0.046101	0.023917	0.021144	0.038128	0.029116	0.018718	0.005546	0.015251	0.015251	0.017331	0.014905	0.013865	0.011438	0.012132	0.020451	0.040208	0.029463	0.015598	0.010052	0.027383	0.009359	0.005893	0.008319	0.013172	0.008666	0.012825	0.003813	0.006932	0.004506	0.005199	0.012825	0.030849	0.028769	0.013865	0.012825	0.020451	0.014558	0.006932	0.006239	0.019411	0.007279	0.018718	
0.014558	0.015945	0.010399	0.008666	0.016638	0.020797	0.010745	0.011438	0.011092	0.019757	0.007972	0.006239	0.006239	0.014558	0.011092	0.011438	0.017331	0.018371	0.014905	0.015598	0.030503	0.033969	0.040555	0.029116	0.028423	0.042634	0.025650	0.021837	0.008666	0.016984	0.021490	0.016984	0.014558	0.016984	0.008666	0.013518	0.020104	0.030849	0.030156	0.022184	0.018024	0.031196	0.013518	0.006239	0.003466	0.014905	0.007972	0.009705	0.005893	0.008319	0.004853	0.004506	0.014905	0.021490	0.015598	0.009359	0.012132	0.013518	0.006239	0.005546	0.003120	0.024263	0.011092	0.018718	
0.014558	0.016638	0.010745	0.010399	0.012825	0.021837	0.016638	0.008319	0.009359	0.014905	0.008319	0.006239	0.007626	0.013172	0.008666	0.012825	0.023917	0.021837	0.020451	0.015945	0.024610	0.028769	0.030503	0.023224	0.022184	0.036395	0.021144	0.017331	0.010399	0.019757	0.024957	0.016984	0.021837	0.021490	0.010399	0.015945	0.023917	0.037782	0.027383	0.018024	0.014211	0.021490	0.009359	0.008319	0.005546	0.013518	0.010052	0.010745	0.004159	0.007279	0.002773	0.007279	0.015598	0.022877	0.024610	0.007626	0.014558	0.016984	0.013172	0.006932	0.004159	0.026690	0.006239	0.019757	
0.013172	0.025997	0.014211	0.011092	0.015251	0.024263	0.014905	0.012825	0.010745	0.019757	0.008319	0.005546	0.009359	0.019411	0.009012	0.011785	0.019757	0.023570	0.017678	0.015945	0.028076	0.034662	0.029809	0.018718	0.024263	0.032929	0.024263	0.017678	0.009705	0.015598	0.018718	0.013172	0.022184	0.015598	0.010745	0.011785	0.017678	0.040555	0.021490	0.010052	0.009012	0.025303	0.010399	0.007279	0.007279	0.013865	0.006932	0.010745	0.006239	0.009012	0.003813	0.008666	0.017678	0.023224	0.022530	0.009705	0.012825	0.018371	0.010745	0.007972	0.005199	0.022530	0.011092	0.021490	
0.015251	0.021837	0.013172	0.011092	0.016291	0.032582	0.014211	0.011092	0.011785	0.017678	0.008319	0.008666	0.009012	0.018024	0.007626	0.012825	0.018371	0.023917	0.015945	0.020451	0.028076	0.034662	0.034662	0.025303	0.023917	0.034315	0.018371	0.012132	0.008666	0.011092	0.017678	0.013865	0.023224	0.015251	0.007279	0.011092	0.020104	0.036742	0.022877	0.016638	0.011092	0.025303	0.008666	0.008666	0.003466	0.016984	0.005546	0.012478	0.010745	0.009359	0.004853	0.006586	0.016984	0.024263	0.017331	0.012825	0.011092	0.016291	0.007626	0.010745	0.006932	0.020451	0.006932	0.022877	
0.017678	0.025997	0.014558	0.009359	0.014905	0.022530	0.020451	0.012478	0.011092	0.014905	0.008319	0.006932	0.005546	0.021837	0.008319	0.013518	0.023224	0.019411	0.021837	0.016984	0.028769	0.039515	0.035355	0.024610	0.022877	0.030156	0.017331	0.018718	0.006932	0.019757	0.025303	0.013865	0.015598	0.018718	0.009705	0.013865	0.016291	0.037782	0.028076	0.011438	0.007279	0.018718	0.008666	0.008319	0.007626	0.012825	0.010745	0.009012	0.008666	0.010052	0.002426	0.006932	0.013518	0.019064	0.021490	0.012478	0.009705	0.014558	0.009012	0.004506	0.005199	0.030156	0.007279	0.019411	
0.011785	0.027383	0.013865	0.012132	0.018371	0.028769	0.015945	0.011092	0.009012	0.019757	0.012478	0.007279	0.006239	0.020797	0.009359	0.010745	0.021490	0.022877	0.016638	0.012478	0.019064	0.034662	0.039861	0.025303	0.024957	0.041594	0.021144	0.017678	0.007972	0.013518	0.025303	0.014211	0.015251	0.016984	0.009012	0.009705	0.016638	0.027730	0.020104	0.013865	0.014558	0.017331	0.006239	0.005199	0.003813	0.016984	0.006239	0.011438	0.007279	0.007626	0.006586	0.003813	0.021837	0.024610	0.027730	0.010399	0.016984	0.015598	0.013518	0.005546	0.005546	0.020451	0.010399	0.019411	
0.009705	0.020104	0.014211	0.011785	0.019757	0.025303	0.018024	0.011785	0.011438	0.014558	0.010399	0.009705	0.006586	0.013172	0.007972	0.010399	0.025650	0.015251	0.021144	0.013865	0.028076	0.031542	0.034662	0.021490	0.032929	0.035355	0.018371	0.016984	0.006239	0.015251	0.024610	0.014558	0.020797	0.018024	0.013865	0.012825	0.022530	0.032582	0.023224	0.015945	0.012825	0.020451	0.011092	0.009012	0.005199	0.010052	0.006932	0.013518	0.005893	0.007279	0.005199	0.005199	0.018024	0.024263	0.019411	0.010052	0.016291	0.015251	0.012478	0.007279	0.002773	0.021490	0.011092	0.020451	
0.012132	0.022877	0.018371	0.008666	0.015945	0.018024	0.016984	0.009705	0.017331	0.020104	0.013172	0.003813	0.007972	0.014905	0.010052	0.010745	0.024610	0.025997	0.021837	0.015945	0.023224	0.030503	0.039515	0.020451	0.024263	0.030503	0.020451	0.020104	0.007972	0.013172	0.025303	0.012825	0.026690	0.019757	0.013865	0.013172	0.016638	0.037088	0.020451	0.011438	0.017331	0.017678	0.010745	0.006586	0.006239	0.017678	0.011438	0.007626	0.004853	0.006586	0.006239	0.003120	0.012478	0.018718	0.020104	0.008666	0.012132	0.018371	0.013172	0.006932	0.004853	0.027036	0.012478	0.014558	
0.015251	0.020104	0.018718	0.014211	0.019064	0.027730	0.019411	0.009012	0.018024	0.019064	0.017331	0.005893	0.008319	0.015598	0.007279	0.009705	0.019064	0.016984	0.020451	0.011785	0.028769	0.026690	0.034315	0.014558	0.033276	0.026343	0.023570	0.013865	0.009705	0.011438	0.019757	0.009359	0.028076	0.018024	0.016984	0.007972	0.020104	0.029809	0.029116	0.007626	0.016638	0.016638	0.013865	0.010399	0.007279	0.010745	0.006586	0.012825	0.008319	0.008319	0.005893	0.004506	0.013865	0.025997	0.024957	0.007972	0.016638	0.017331	0.017678	0.007626	0.005546	0.017331	0.008666	0.014211	
0.019064	0.021144	0.020104	0.010399	0.021490	0.016638	0.017678	0.007626	0.015251	0.017331	0.022184	0.007279	0.008666	0.012478	0.009012	0.008319	0.026690	0.016984	0.026690	0.011438	0.034315	0.022530	0.034315	0.019064	0.041248	0.028423	0.023570	0.014558	0.005199	0.011438	0.016291	0.006239	0.025650	0.024957	0.023570	0.010399	0.022530	0.024610	0.021837	0.010399	0.025997	0.018371	0.015251	0.012825	0.006932	0.012825	0.009705	0.008319	0.007972	0.006239	0.009705	0.006932	0.016291	0.016291	0.013865	0.008666	0.011785	0.012132	0.013172	0.005199	0.005893	0.021490	0.007972	0.010745	
0.017331	0.015251	0.040555	0.006239	0.024263	0.014211	0.025303	0.005546	0.019064	0.014211	0.040208	0.006586	0.007279	0.011092	0.014558	0.006239	0.031196	0.013865	0.040555	0.009012	0.022877	0.016291	0.029809	0.011092	0.033622	0.014211	0.031542	0.008319	0.005546	0.009359	0.026343	0.004506	0.022184	0.012478	0.049220	0.010399	0.018371	0.020451	0.024610	0.012825	0.037088	0.011785	0.021144	0.004159	0.006932	0.008666	0.018024	0.006239	0.009705	0.005546	0.006932	0.004506	0.014558	0.014905	0.021490	0.007279	0.013518	0.009705	0.016984	0.002773	0.003466	0.014211	0.007972	0.007972	
0.018718	0.008666	0.048527	0.004506	0.012478	0.010745	0.020104	0.003813	0.029809	0.014905	0.082842	0.009705	0.006586	0.005199	0.013172	0.005199	0.024610	0.009359	0.039168	0.006932	0.016984	0.012825	0.027383	0.008666	0.035009	0.016291	0.045407	0.004506	0.006239	0.005546	0.021144	0.003813	0.020104	0.011785	0.065165	0.006239	0.013172	0.009705	0.021490	0.005546	0.058232	0.012478	0.034662	0.004506	0.005546	0.005893	0.008666	0.001733	0.009359	0.003120	0.008666	0.002080	0.010399	0.010399	0.017331	0.005199	0.021144	0.010052	0.030156	0.005546	0.005893	0.008666	0.006239	0.004159	
0.011785	0.006932	0.048527	0.005546	0.006586	0.009012	0.015598	0.001733	0.023917	0.011785	0.116464	0.009359	0.003466	0.004506	0.008666	0.003120	0.015251	0.003120	0.030849	0.003813	0.008319	0.006932	0.023224	0.005199	0.028076	0.010399	0.042981	0.004853	0.003120	0.004506	0.012825	0.002773	0.020797	0.014558	0.098787	0.010052	0.009012	0.011438	0.027036	0.006239	0.122010	0.013518	0.044367	0.013172	0.004159	0.005199	0.009705	0.005199	0.008666	0.002773	0.009359	0.003466	0.004853	0.004853	0.012132	0.003466	0.016984	0.003466	0.026343	0.002426	0.002426	0.004506	0.005893	0.002080	
0.007626	0.006932	0.039515	0.002426	0.005199	0.007626	0.012132	0.002426	0.029116	0.015945	0.129983	0.012478	0.003466	0.004506	0.012478	0.002426	0.003813	0.003813	0.019757	0.001386	0.004853	0.004853	0.019411	0.003120	0.021144	0.010052	0.042634	0.004159	0.001386	0.002426	0.011438	0.001386	0.033622	0.013865	0.131369	0.012132	0.005893	0.012825	0.014905	0.005546	0.148354	0.016638	0.050260	0.014905	0.009012	0.002080	0.014558	0.004159	0.002426	0.003120	0.006239	0.001386	0.004853	0.003120	0.006586	0.004159	0.011092	0.003466	0.020451	0.002080	0.001733	0.004506	0.004506	0.002426	
0.011092	0.010745	0.020451	0.005199	0.005893	0.009705	0.006932	0.005199	0.041248	0.031889	0.101213	0.022530	0.004159	0.004506	0.004159	0.004506	0.003813	0.004506	0.009012	0.003466	0.004853	0.009012	0.009012	0.005546	0.019411	0.009705	0.020797	0.003120	0.001733	0.003120	0.006932	0.003466	0.036395	0.019064	0.139341	0.014905	0.009705	0.014905	0.013865	0.007626	0.153206	0.019757	0.048873	0.021490	0.011092	0.006586	0.009012	0.006932	0.003813	0.004506	0.005199	0.002080	0.001733	0.003120	0.005546	0.003120	0.013518	0.006932	0.017678	0.004853	0.001040	0.004506	0.002080	0.002773	
0.013518	0.015251	0.015945	0.010399	0.007626	0.013172	0.010745	0.007279	0.049220	0.032236	0.061005	0.031542	0.003466	0.008319	0.005546	0.008319	0.007279	0.005199	0.006239	0.003466	0.007972	0.008666	0.013172	0.006932	0.010399	0.009359	0.009359	0.006239	0.003813	0.004506	0.008319	0.004853	0.046794	0.031196	0.123744	0.025650	0.015945	0.023570	0.016638	0.012132	0.093241	0.029809	0.033969	0.031542	0.010399	0.013172	0.010399	0.018024	0.005199	0.005199	0.004853	0.002773	0.005546	0.005199	0.004853	0.003120	0.010052	0.003813	0.005546	0.002773	0.001386	0.006586	0.004506	0.005199	
0.014558	0.031196	0.016984	0.010052	0.013518	0.019064	0.013518	0.010745	0.039515	0.042288	0.039515	0.029463	0.007279	0.014905	0.012478	0.007626	0.011092	0.009012	0.010745	0.006239	0.009359	0.018024	0.013518	0.009705	0.010399	0.017678	0.010399	0.006932	0.001733	0.009012	0.014211	0.004506	0.053033	0.031542	0.058232	0.020104	0.013865	0.026690	0.023224	0.011438	0.027036	0.030156	0.019411	0.033276	0.016638	0.021490	0.020451	0.013518	0.004159	0.007626	0.004159	0.003120	0.005546	0.010745	0.008319	0.007972	0.010052	0.007626	0.006239	0.004853	0.003466	0.011785	0.011092	0.010052	
0.024610	0.028769	0.016291	0.013172	0.015945	0.027036	0.025650	0.010745	0.017331	0.029463	0.021837	0.021490	0.009012	0.013172	0.008666	0.008666	0.009705	0.012478	0.011785	0.008319	0.012478	0.026343	0.021490	0.014211	0.011438	0.024957	0.012132	0.010052	0.006239	0.010399	0.013518	0.009705	0.023917	0.024957	0.022530	0.015598	0.017678	0.045407	0.021490	0.013172	0.018371	0.024957	0.012132	0.020104	0.009359	0.023224	0.023917	0.018024	0.007626	0.007972	0.006239	0.007279	0.009359	0.021837	0.016638	0.009359	0.019411	0.019064	0.011438	0.008319	0.005199	0.014211	0.005546	0.010745	
0.012132	0.027730	0.015945	0.010052	0.013518	0.030156	0.019411	0.011092	0.013865	0.021490	0.014211	0.007279	0.005893	0.022184	0.005893	0.010399	0.016291	0.016291	0.014558	0.008319	0.020451	0.033276	0.041248	0.025650	0.023570	0.035702	0.014558	0.011438	0.004853	0.012478	0.018371	0.011785	0.022530	0.019757	0.010052	0.014211	0.016291	0.036742	0.027730	0.017678	0.015251	0.025650	0.007279	0.009359	0.009359	0.021837	0.014558	0.014211	0.005893	0.009359	0.009359	0.005199	0.011438	0.024610	0.017331	0.007626	0.016984	0.018024	0.007626	0.009012	0.007626	0.018371	0.009705	0.011438	
0.014211	0.017331	0.017678	0.007626	0.016984	0.022877	0.024610	0.008666	0.010745	0.021490	0.011438	0.006239	0.004159	0.014905	0.013865	0.004853	0.014558	0.015598	0.019411	0.012132	0.022530	0.027383	0.057886	0.016984	0.028076	0.042634	0.018371	0.016638	0.003120	0.016984	0.029463	0.012478	0.019757	0.025303	0.015945	0.008666	0.017678	0.039861	0.031889	0.011438	0.012132	0.014211	0.008666	0.008666	0.002426	0.013865	0.011785	0.009012	0.005893	0.008666	0.006586	0.006586	0.011438	0.025997	0.028769	0.008666	0.016638	0.017678	0.010399	0.003813	0.001386	0.016984	0.015251	0.014211	
0.011785	0.024610	0.010745	0.007279	0.009359	0.027036	0.017331	0.013172	0.006932	0.031196	0.013865	0.007626	0.003120	0.021144	0.003120	0.007626	0.009012	0.027383	0.022184	0.010052	0.011092	0.056499	0.025997	0.022530	0.022530	0.075910	0.022877	0.021837	0.004159	0.019064	0.013518	0.009012	0.017331	0.029116	0.011785	0.009359	0.012825	0.048873	0.020451	0.013865	0.011785	0.020451	0.007279	0.009359	0.004853	0.015945	0.006586	0.007972	0.001386	0.003120	0.004159	0.002426	0.009012	0.032236	0.012478	0.009012	0.023570	0.028769	0.008319	0.009705	0.002426	0.024610	0.005546	0.007972	
0.004853	0.019757	0.010399	0.004506	0.008666	0.048873	0.022184	0.004506	0.006586	0.034315	0.005546	0.002426	0.003813	0.020797	0.001733	0.002773	0.004853	0.021144	0.012478	0.003813	0.014905	0.087695	0.047487	0.014558	0.013865	0.042288	0.011092	0.009012	0.001733	0.021837	0.029809	0.005199	0.012132	0.029116	0.016291	0.007279	0.016638	0.097400	0.030849	0.011438	0.007626	0.033276	0.006932	0.004506	0.005546	0.029463	0.009359	0.004159	0.004506	0.005199	0.002426	0.002426	0.006239	0.054073	0.016291	0.004159	0.007972	0.015945	0.003120	0.001733	0.001040	0.020104	0.006586	0.004853	
0.022530	0.000347	0.002426	0.001040	0.068284	0.000347	0.005893	0.000693	0.035355	0.000347	0.004853	0.001040	0.013172	0.000347	0.003120	0.001386	0.038475	0.000347	0.005199	0.002426	0.262392	0.000347	0.019411	0.005893	0.105026	0.000347	0.009705	0.001733	0.023224	0.000347	0.010052	0.001040	0.026343	0.000347	0.005893	0.003466	0.110572	0.000347	0.012132	0.002773	0.019411	0.000347	0.005546	0.001386	0.013865	0.000347	0.002426	0.001040	0.009359	0.000347	0.001733	0.000693	0.077643	0.000347	0.010052	0.004159	0.043674	0.000347	0.003120	0.000347	0.012132	0.000347	0.002426	0.002080	
0.000347	0.000347	0.000347	0.095667	0.000347	0.000347	0.000347	0.000347	0.000347	0.000347	0.000347	0.014211	0.000347	0.000347	0.000347	0.006586	0.000347	0.000347	0.000347	0.517851	0.000347	0.000347	0.000347	0.000347	0.000347	0.000347	0.000347	0.046447	0.000347	0.000347	0.000347	0.012478	0.000347	0.000347	0.000347	0.202426	0.000347	0.000347	0.000347	0.000347	0.000347	0.000347	0.000347	0.022184	0.000347	0.000347	0.000347	0.003466	0.000347	0.000347	0.000347	0.061352	0.000347	0.000347	0.000347	0.000347	0.000347	0.000347	0.000347	0.016984	0.000347	0.000347	0.000347	0.004506	
0.000347	0.000347	0.000347	0.000347	0.000347	0.000347	0.000347	0.000347	0.000347	0.000347	0.000347	0.000347	0.000347	0.000347	0.876256	0.000347	0.000347	0.000347	0.000347	0.000347	0.000347	0.000347	0.000347	0.000347	0.000347	0.000347	0.000347	0.000347	0.000347	0.000347	0.000347	0.000347	0.000347	0.000347	0.000347	0.000347	0.000347	0.000347	0.000347	0.000347	0.000347	0.000347	0.000347	0.000347	0.000347	0.000347	0.098787	0.000347	0.000347	0.000347	0.000347	0.000347	0.000347	0.000347	0.000347	0.000347	0.000347	0.000347	0.000347	0.000347	0.000347	0.000347	0.025997	0.000347	
0.000347	0.000347	0.000347	0.000347	0.000347	0.000347	0.000347	0.000347	0.000347	0.000347	0.000347	0.000347	0.000347	0.000347	0.000347	0.000347	0.000347	0.000347	0.000347	0.000347	0.000347	0.000347	0.000347	0.000347	0.000347	0.000347	0.000347	0.000347	0.000347	0.000347	0.000347	0.000347	0.000347	0.000347	0.000347	0.000347	0.000347	0.000347	0.000347	0.000347	0.000347	0.000347	0.000347	0.000347	0.000347	0.000347	0.000347	0.000347	0.000347	0.000347	0.000347	0.000347	0.000347	0.000347	0.000347	0.000347	0.436049	0.256846	0.191681	0.116811	0.000347	0.000347	0.000347	0.000347	
0.000347	0.000347	0.000347	0.000347	0.000347	0.000347	0.000347	0.000347	0.000347	0.000347	0.000347	0.000347	0.000347	0.000347	0.000347	0.000347	0.000347	0.000347	0.000347	0.000347	0.000347	0.000347	0.000347	0.000347	0.000347	0.000347	0.000347	0.000347	0.000347	0.000347	0.000347	0.000347	0.157712	0.095667	0.135182	0.048527	0.058579	0.075910	0.071404	0.051993	0.058925	0.090468	0.025997	0.017331	0.007972	0.074177	0.005893	0.029809	0.000347	0.000347	0.000347	0.000347	0.000347	0.000347	0.000347	0.000347	0.000347	0.000347	0.000347	0.000347	0.000347	0.000347	0.000347	0.000347	
0.044714	0.058925	0.033276	0.021837	0.010052	0.056846	0.011785	0.018024	0.009012	0.089428	0.009012	0.028769	0.001040	0.031542	0.009012	0.007972	0.023570	0.014905	0.012478	0.008666	0.009012	0.029116	0.023570	0.015251	0.007279	0.034315	0.007626	0.023224	0.003120	0.014905	0.028423	0.006586	0.017331	0.021490	0.007279	0.013865	0.018718	0.033622	0.014905	0.024263	0.006239	0.010052	0.003120	0.007626	0.002080	0.007626	0.003120	0.005546	0.000347	0.006932	0.000347	0.001386	0.006239	0.041594	0.019064	0.008319	0.000347	0.001733	0.003466	0.001386	0.001040	0.016638	0.008666	0.004506	
0.024610	0.032236	0.019411	0.009705	0.032929	0.024263	0.036049	0.009012	0.017678	0.016638	0.010052	0.009012	0.013518	0.012478	0.009705	0.010052	0.015945	0.011785	0.010052	0.006239	0.048180	0.042981	0.053726	0.016291	0.020797	0.020797	0.018718	0.009012	0.011785	0.012825	0.030156	0.011092	0.009705	0.006239	0.003466	0.003466	0.038475	0.044021	0.046794	0.006239	0.005546	0.008319	0.004853	0.004506	0.014905	0.015251	0.020797	0.010052	0.001386	0.001733	0.003120	0.001040	0.022877	0.017678	0.024957	0.005199	0.019757	0.014905	0.011092	0.003466	0.003466	0.008666	0.006932	0.005546	
0.013172	0.017331	0.009012	0.012132	0.010399	0.009705	0.013518	0.018371	0.012132	0.010745	0.006239	0.006932	0.002080	0.007972	0.002773	0.007626	0.050607	0.028076	0.034662	0.029116	0.032236	0.017331	0.041941	0.037435	0.074523	0.044714	0.020104	0.022184	0.004506	0.011785	0.008319	0.012132	0.027383	0.016291	0.008666	0.011438	0.014905	0.009705	0.020797	0.015251	0.013518	0.013865	0.006932	0.010399	0.001733	0.008319	0.002080	0.013865	0.012478	0.011785	0.004159	0.015251	0.012825	0.009705	0.014905	0.011785	0.032236	0.016984	0.006932	0.011438	0.005199	0.014558	0.004506	0.012478	
0.022184	0.027383	0.042288	0.011785	0.012132	0.039168	0.010745	0.011438	0.009012	0.029463	0.007279	0.010745	0.004159	0.037782	0.011785	0.014211	0.013865	0.014905	0.031542	0.010052	0.007972	0.011785	0.016984	0.009705	0.016291	0.039168	0.012478	0.023224	0.007279	0.021837	0.045061	0.008666	0.036049	0.042981	0.026690	0.026690	0.014905	0.036742	0.022184	0.012478	0.007972	0.020451	0.005546	0.006239	0.006932	0.019757	0.014558	0.009705	0.000347	0.006932	0.000347	0.005893	0.004159	0.016984	0.014558	0.006932	0.000347	0.004506	0.011438	0.001386	0.002080	0.024957	0.011438	0.007626	
0.012478	0.033276	0.015945	0.010745	0.021144	0.031542	0.024263	0.015251	0.033622	0.032582	0.020451	0.014211	0.008319	0.020797	0.011785	0.013518	0.005893	0.014905	0.009012	0.009359	0.024610	0.028076	0.034662	0.017331	0.018718	0.025303	0.011092	0.009359	0.004159	0.011785	0.013172	0.011438	0.007626	0.014211	0.005893	0.005893	0.025650	0.030503	0.022877	0.014558	0.011785	0.014211	0.005893	0.004853	0.010052	0.015251	0.005893	0.010399	0.002426	0.009705	0.003813	0.004506	0.031196	0.023570	0.038128	0.011438	0.030156	0.029463	0.011785	0.011438	0.003466	0.018024	0.007279	0.011438	
0.007626	0.008319	0.006586	0.005893	0.015251	0.017331	0.015251	0.024263	0.008319	0.013172	0.004506	0.008666	0.002773	0.013865	0.003466	0.010399	0.038475	0.025303	0.014211	0.024610	0.027730	0.022877	0.022184	0.040901	0.048180	0.034662	0.012825	0.024263	0.014211	0.015945	0.011092	0.017331	0.029116	0.024610	0.010399	0.030156	0.023917	0.025303	0.023224	0.029116	0.015945	0.016291	0.006239	0.010745	0.003813	0.018024	0.001733	0.016291	0.003813	0.011438	0.003466	0.007279	0.013518	0.015945	0.014211	0.022184	0.015598	0.009705	0.003813	0.009012	0.005199	0.022877	0.004506	0.014211	
0.019064	0.022184	0.026690	0.011092	0.008666	0.039168	0.012825	0.009012	0.005546	0.019757	0.003466	0.005893	0.004159	0.038475	0.013172	0.012132	0.024610	0.017331	0.022184	0.016291	0.011785	0.035009	0.024957	0.009705	0.011438	0.036395	0.006932	0.020104	0.005546	0.035702	0.063432	0.011785	0.028423	0.025997	0.015945	0.017678	0.011785	0.038821	0.012825	0.010399	0.004506	0.010052	0.004506	0.008319	0.009012	0.021144	0.011785	0.010745	0.000347	0.017678	0.000347	0.007626	0.005546	0.033969	0.020797	0.010399	0.000347	0.005893	0.012825	0.001733	0.003120	0.032582	0.014211	0.008319	
0.016638	0.028423	0.018371	0.009012	0.022530	0.023917	0.024263	0.012478	0.025650	0.019411	0.012825	0.007279	0.010745	0.021490	0.011438	0.009012	0.008666	0.012132	0.010052	0.006932	0.036049	0.053033	0.037782	0.020104	0.019064	0.032236	0.010399	0.009705	0.006586	0.017331	0.006239	0.009359	0.004853	0.007626	0.005199	0.004159	0.020451	0.020451	0.019757	0.011438	0.007626	0.010052	0.006932	0.003120	0.010399	0.009705	0.010399	0.005546	0.003813	0.010399	0.004506	0.003120	0.039168	0.032236	0.039861	0.016638	0.035009	0.033969	0.018024	0.015598	0.004506	0.017331	0.010399	0.010745	
0.010399	0.009012	0.004853	0.009705	0.015251	0.012478	0.012478	0.018371	0.012825	0.014211	0.004853	0.006239	0.002080	0.009705	0.003466	0.007972	0.040208	0.024263	0.021144	0.032582	0.021144	0.018718	0.029116	0.060659	0.047487	0.036395	0.016291	0.021490	0.011785	0.011785	0.014905	0.022184	0.029116	0.023570	0.005893	0.028769	0.025303	0.019064	0.016638	0.034662	0.017331	0.011785	0.006239	0.012825	0.002426	0.009359	0.004853	0.019064	0.010399	0.009705	0.002426	0.009705	0.011092	0.017678	0.014558	0.022530	0.012132	0.012132	0.004853	0.009359	0.005546	0.014905	0.002773	0.011438	
0.022530	0.027383	0.027730	0.012478	0.005546	0.037435	0.013518	0.010052	0.005199	0.020451	0.001733	0.006932	0.003120	0.048527	0.012825	0.016291	0.021837	0.018024	0.022530	0.010399	0.006239	0.031889	0.021837	0.007972	0.009012	0.036742	0.010399	0.016638	0.004159	0.046794	0.066551	0.018718	0.027383	0.028076	0.014558	0.019757	0.010399	0.037435	0.015251	0.011438	0.009012	0.013865	0.001733	0.007626	0.009705	0.017331	0.014905	0.007972	0.000347	0.013518	0.000347	0.007626	0.004159	0.026343	0.009012	0.006239	0.000347	0.007972	0.013865	0.003813	0.001733	0.037435	0.013518	0.007972	
0.014558	0.031196	0.018718	0.007626	0.023224	0.027730	0.025303	0.010745	0.023570	0.021837	0.010399	0.009359	0.011438	0.021144	0.009705	0.007972	0.004506	0.009012	0.006239	0.006586	0.032236	0.041594	0.037435	0.021837	0.014211	0.027730	0.011785	0.005893	0.005546	0.013518	0.009705	0.006932	0.003466	0.010399	0.005199	0.004506	0.020797	0.023917	0.023570	0.010745	0.009705	0.008666	0.006586	0.002773	0.006932	0.012478	0.006932	0.008666	0.002773	0.006239	0.004159	0.005546	0.032582	0.045061	0.049567	0.022877	0.031196	0.040901	0.022184	0.013518	0.006586	0.023224	0.010745	0.010399	
0.007626	0.007972	0.004506	0.005199	0.009705	0.010052	0.018024	0.019064	0.008666	0.011785	0.006586	0.007279	0.003466	0.007626	0.002080	0.011092	0.031542	0.030156	0.021490	0.025650	0.027036	0.022877	0.032236	0.056153	0.055113	0.036742	0.016984	0.027036	0.011438	0.017331	0.013865	0.023570	0.022184	0.015598	0.009359	0.031542	0.024263	0.018718	0.019411	0.036742	0.015598	0.010745	0.006586	0.018024	0.005199	0.008666	0.002773	0.014905	0.005546	0.011092	0.004159	0.009705	0.011785	0.019757	0.017678	0.021144	0.011438	0.015251	0.005893	0.004506	0.003466	0.014905	0.003466	0.012132	
0.012825	0.019411	0.026690	0.007972	0.004159	0.042288	0.010399	0.007972	0.005199	0.023224	0.004853	0.006239	0.003813	0.046101	0.010399	0.011785	0.022877	0.016291	0.024263	0.009359	0.006239	0.031889	0.024957	0.008319	0.009012	0.047487	0.009012	0.021837	0.005199	0.048527	0.064471	0.014905	0.026690	0.027036	0.016291	0.020797	0.010052	0.042288	0.013518	0.008666	0.006239	0.017331	0.003120	0.009359	0.007626	0.026690	0.011438	0.011092	0.000347	0.014558	0.000347	0.008319	0.002773	0.025997	0.011438	0.008319	0.000347	0.004159	0.015598	0.002080	0.002080	0.036395	0.013172	0.010052	
0.009705	0.020451	0.021144	0.011438	0.012825	0.027730	0.025303	0.011438	0.019064	0.020797	0.020451	0.007279	0.009012	0.016984	0.011785	0.008666	0.002426	0.009359	0.007279	0.004159	0.028423	0.048180	0.040901	0.024957	0.013865	0.026343	0.010745	0.009359	0.003813	0.012478	0.009012	0.007972	0.005546	0.006932	0.005199	0.003120	0.018024	0.029116	0.026343	0.018718	0.010745	0.009705	0.006932	0.005199	0.010052	0.010745	0.007972	0.010745	0.002426	0.009012	0.004853	0.002426	0.039168	0.036395	0.063778	0.018371	0.025997	0.038475	0.022184	0.012825	0.004506	0.022184	0.010052	0.011092	
0.004853	0.007972	0.002080	0.005199	0.008319	0.008319	0.013518	0.015598	0.007972	0.013172	0.009359	0.007972	0.002426	0.005893	0.003466	0.009359	0.032929	0.023224	0.014905	0.027383	0.034315	0.025303	0.021837	0.059965	0.053726	0.047834	0.025303	0.029463	0.013518	0.018718	0.018024	0.023224	0.018718	0.013172	0.008319	0.029463	0.019064	0.016291	0.026343	0.033622	0.013172	0.021144	0.008319	0.017678	0.002426	0.006586	0.005199	0.020451	0.004506	0.012825	0.001386	0.008666	0.009705	0.020451	0.014211	0.018024	0.012478	0.014211	0.004853	0.007279	0.004853	0.017678	0.004853	0.011092	
0.018371	0.018371	0.018371	0.005893	0.002773	0.040555	0.007972	0.005893	0.003120	0.015598	0.002773	0.005199	0.002080	0.045407	0.014905	0.008319	0.010745	0.018024	0.032236	0.010399	0.005546	0.035702	0.022530	0.006586	0.008666	0.040555	0.009705	0.016984	0.002426	0.041248	0.071404	0.012132	0.028423	0.028423	0.015945	0.014558	0.009012	0.056846	0.019411	0.011092	0.006239	0.027036	0.008666	0.005893	0.007972	0.032236	0.010399	0.011785	0.000347	0.017678	0.000347	0.004853	0.003120	0.027383	0.011785	0.006586	0.000347	0.010399	0.017331	0.003466	0.001386	0.039515	0.015251	0.007972	
0.011092	0.022877	0.014905	0.009012	0.013865	0.031542	0.027730	0.009359	0.019064	0.023224	0.015945	0.008666	0.006239	0.012132	0.009359	0.007972	0.003120	0.008666	0.004159	0.004506	0.032582	0.056153	0.049567	0.022184	0.009705	0.025650	0.019064	0.007279	0.001386	0.012825	0.007972	0.007972	0.004159	0.005546	0.006586	0.002080	0.021144	0.032582	0.029809	0.010052	0.008666	0.016291	0.009705	0.003813	0.005546	0.012132	0.007279	0.006586	0.002080	0.007279	0.002773	0.001733	0.036395	0.037782	0.070364	0.013865	0.024263	0.043674	0.024610	0.019411	0.004506	0.021490	0.007279	0.006932	
0.004159	0.004853	0.002426	0.009012	0.009012	0.010399	0.010052	0.014905	0.006932	0.008319	0.004506	0.008666	0.002426	0.006239	0.001733	0.006932	0.032582	0.020797	0.020451	0.030156	0.032582	0.024263	0.036049	0.065165	0.058925	0.060659	0.027036	0.030849	0.011438	0.014905	0.011438	0.017678	0.016291	0.016638	0.006932	0.021837	0.020104	0.020797	0.023224	0.044714	0.015945	0.022877	0.008666	0.021837	0.005199	0.011092	0.004159	0.018718	0.002080	0.006586	0.002773	0.006239	0.011092	0.019757	0.011438	0.016291	0.005893	0.012825	0.005893	0.007279	0.003120	0.010399	0.002773	0.013172	
0.012825	0.016291	0.019064	0.006932	0.002080	0.034662	0.007972	0.004159	0.002773	0.023224	0.003120	0.003466	0.004159	0.045061	0.010745	0.007279	0.011785	0.018718	0.034662	0.007626	0.008666	0.029463	0.029463	0.007626	0.006932	0.045754	0.009012	0.019064	0.004159	0.040901	0.085962	0.010052	0.024610	0.034662	0.016291	0.012132	0.005893	0.068977	0.021144	0.008666	0.004506	0.029116	0.005893	0.006586	0.004506	0.031196	0.022530	0.010399	0.000347	0.016291	0.000347	0.005199	0.002773	0.023570	0.012825	0.003466	0.000347	0.005546	0.012132	0.002080	0.001733	0.032236	0.014558	0.007972	
0.010399	0.018024	0.016291	0.004853	0.021144	0.027730	0.026690	0.010399	0.016291	0.023570	0.022877	0.007626	0.006932	0.008319	0.011092	0.005546	0.004159	0.004853	0.007972	0.002426	0.025303	0.059272	0.051646	0.020451	0.010052	0.030503	0.023224	0.007626	0.001733	0.006586	0.009012	0.006586	0.002426	0.005893	0.003813	0.002426	0.024957	0.038821	0.030156	0.009705	0.006586	0.013518	0.007972	0.002080	0.006932	0.010052	0.008666	0.005546	0.003120	0.003813	0.002773	0.004853	0.025650	0.036395	0.066551	0.020797	0.025303	0.056846	0.036049	0.015598	0.004853	0.015251	0.009359	0.006239	
0.005199	0.005893	0.002426	0.006586	0.006932	0.005546	0.006932	0.013172	0.008666	0.009359	0.007626	0.005199	0.002080	0.005546	0.002426	0.004506	0.031889	0.017678	0.015945	0.031542	0.027383	0.019064	0.039168	0.076603	0.047487	0.063085	0.035702	0.028769	0.009705	0.012825	0.019064	0.019757	0.015251	0.013172	0.007626	0.022184	0.019064	0.027036	0.025650	0.052686	0.019757	0.033622	0.015251	0.021490	0.002080	0.009012	0.005199	0.016638	0.004159	0.006239	0.003466	0.006586	0.006586	0.010052	0.010399	0.013172	0.006239	0.015251	0.010399	0.006239	0.001040	0.010745	0.004506	0.007626	
0.013172	0.020797	0.017678	0.004853	0.001733	0.028769	0.007972	0.004506	0.002426	0.020451	0.002773	0.003813	0.002773	0.041941	0.014558	0.007626	0.014558	0.011438	0.024957	0.009012	0.003466	0.027730	0.025997	0.004506	0.006239	0.048873	0.010399	0.016638	0.003466	0.047140	0.094627	0.010399	0.020104	0.030849	0.016984	0.014211	0.010399	0.067938	0.033969	0.009012	0.005893	0.042288	0.008666	0.012132	0.007626	0.031196	0.018371	0.004506	0.000347	0.011785	0.000347	0.002426	0.003466	0.020104	0.010745	0.003813	0.000347	0.016638	0.011438	0.002773	0.001733	0.029809	0.011438	0.005546	
0.007279	0.018371	0.014558	0.007972	0.013865	0.026343	0.024957	0.009705	0.013518	0.018024	0.017331	0.011092	0.005546	0.009359	0.012132	0.003466	0.001733	0.007626	0.006239	0.003466	0.029463	0.042288	0.051646	0.021144	0.012825	0.035702	0.022530	0.007626	0.002426	0.005546	0.006586	0.007279	0.005199	0.004853	0.003466	0.001386	0.021490	0.046794	0.041248	0.018718	0.009012	0.013518	0.007626	0.003120	0.007626	0.010399	0.010052	0.007279	0.002426	0.004853	0.004159	0.004159	0.033969	0.035355	0.064125	0.016638	0.027036	0.044021	0.048527	0.019411	0.002080	0.011092	0.010399	0.004506	
0.004506	0.005546	0.002080	0.004506	0.006586	0.009012	0.010745	0.009359	0.007626	0.009705	0.005546	0.005546	0.001733	0.006239	0.002773	0.006239	0.027730	0.025997	0.016984	0.028076	0.031542	0.016638	0.030156	0.072444	0.048527	0.058925	0.042634	0.031889	0.011092	0.013172	0.021144	0.020797	0.017678	0.013172	0.007626	0.023917	0.018718	0.018718	0.024263	0.049567	0.014211	0.040901	0.015598	0.025303	0.004159	0.009012	0.003813	0.024263	0.004159	0.006932	0.002080	0.004506	0.003466	0.010745	0.010052	0.012132	0.007626	0.018024	0.007279	0.006239	0.003813	0.009359	0.001733	0.007626	
0.007626	0.020104	0.021837	0.004506	0.004159	0.031542	0.011438	0.004506	0.002080	0.018718	0.003466	0.004506	0.002080	0.039515	0.012132	0.007279	0.010052	0.013865	0.029463	0.006932	0.002773	0.022184	0.026690	0.003466	0.005546	0.045754	0.010399	0.013518	0.004159	0.041941	0.089775	0.007626	0.020797	0.027383	0.014558	0.015251	0.010052	0.075910	0.029809	0.011785	0.004159	0.046794	0.010052	0.010052	0.005199	0.034662	0.019757	0.009359	0.000347	0.014905	0.000347	0.005199	0.001733	0.018371	0.014905	0.002773	0.000347	0.012478	0.014211	0.002426	0.001733	0.033622	0.016291	0.007279	
0.008319	0.012825	0.013518	0.004159	0.015251	0.028423	0.024610	0.007972	0.013518	0.022530	0.022530	0.007626	0.005893	0.012825	0.010399	0.002773	0.001733	0.006239	0.005893	0.004853	0.027383	0.041941	0.054766	0.023917	0.012825	0.033276	0.027036	0.009705	0.001733	0.007972	0.007626	0.005199	0.003120	0.003813	0.004159	0.001040	0.029809	0.037782	0.039861	0.016291	0.009012	0.012825	0.008319	0.007972	0.005893	0.009012	0.009359	0.006239	0.003466	0.005199	0.003120	0.001386	0.032929	0.030849	0.071057	0.014905	0.019064	0.054766	0.046447	0.017678	0.001733	0.012825	0.009705	0.007279	
0.003813	0.004853	0.002773	0.005199	0.005893	0.006239	0.004506	0.011438	0.007279	0.012132	0.003813	0.003466	0.002080	0.001733	0.001386	0.006239	0.025303	0.031196	0.016984	0.031889	0.026690	0.015251	0.028076	0.068977	0.048873	0.062392	0.047487	0.031542	0.014558	0.010745	0.018371	0.019411	0.012132	0.012132	0.008666	0.021490	0.026690	0.023224	0.020451	0.053033	0.022184	0.036742	0.019064	0.026343	0.002080	0.010745	0.003813	0.026343	0.003813	0.004506	0.000693	0.006239	0.005893	0.011785	0.009705	0.015251	0.005893	0.015598	0.008666	0.006932	0.001386	0.007626	0.003466	0.009012	
0.007972	0.014905	0.016984	0.005199	0.001733	0.039168	0.008666	0.003120	0.001386	0.022530	0.002426	0.002773	0.002080	0.041941	0.013865	0.006932	0.008666	0.018024	0.029116	0.009359	0.004506	0.023224	0.024610	0.004159	0.005199	0.038475	0.009705	0.009359	0.005199	0.044714	0.088388	0.010399	0.019064	0.029116	0.019411	0.016638	0.004506	0.083536	0.029463	0.009359	0.007626	0.050953	0.009705	0.010745	0.004506	0.033969	0.022184	0.007626	0.000347	0.014905	0.000347	0.004506	0.003120	0.016638	0.007972	0.003120	0.000347	0.011785	0.012478	0.002426	0.002773	0.037435	0.014558	0.006239	
