>NC_002929
0.007977	0.007407	0.007977	0.011966	0.009687	0.011396	0.011396	0.006268	0.006268	0.011966	0.009687	0.006268	0.010826	0.013675	0.009117	0.014815	0.009117	0.011966	0.011966	0.015954	0.019373	0.075783	0.042735	0.029060	0.019373	0.055271	0.035897	0.017094	0.009687	0.011396	0.015954	0.014245	0.012536	0.017094	0.006268	0.013105	0.027350	0.045584	0.052422	0.013675	0.007977	0.043305	0.016524	0.013675	0.003989	0.008547	0.005128	0.012536	0.006268	0.008547	0.002849	0.008547	0.011396	0.019943	0.019373	0.005698	0.011966	0.023932	0.014245	0.007977	0.006838	0.014815	0.008547	0.014245	
0.009117	0.007977	0.010826	0.007977	0.008547	0.018803	0.010826	0.006838	0.003419	0.011966	0.007977	0.005698	0.006838	0.021083	0.011966	0.009687	0.017094	0.015385	0.019943	0.015385	0.014815	0.082051	0.035328	0.020513	0.015385	0.054131	0.041026	0.015385	0.004558	0.018234	0.025071	0.006838	0.010826	0.017664	0.007977	0.009117	0.017094	0.059259	0.045014	0.013105	0.007977	0.041595	0.015385	0.011396	0.007977	0.011396	0.013675	0.011966	0.006838	0.011966	0.002849	0.009687	0.012536	0.011966	0.015954	0.007977	0.006838	0.016524	0.007977	0.007407	0.005128	0.019943	0.010826	0.019943	
0.008547	0.011966	0.011396	0.011966	0.013105	0.011966	0.019943	0.007977	0.002849	0.018234	0.015954	0.004558	0.005128	0.011966	0.013105	0.011966	0.015385	0.010826	0.011966	0.014815	0.025641	0.086040	0.043875	0.016524	0.015385	0.054701	0.024501	0.012536	0.005698	0.011966	0.018803	0.011966	0.009117	0.008547	0.006838	0.009117	0.017664	0.049003	0.045014	0.012536	0.007977	0.037607	0.017664	0.009117	0.006838	0.013105	0.009687	0.010256	0.006268	0.007977	0.002849	0.007407	0.013105	0.030769	0.015954	0.010826	0.011966	0.022792	0.018234	0.008547	0.005128	0.017664	0.007977	0.017664	
0.004558	0.017094	0.007977	0.009687	0.008547	0.012536	0.011396	0.006838	0.006268	0.010256	0.010826	0.005698	0.005128	0.015954	0.009687	0.012536	0.018234	0.016524	0.011396	0.023362	0.022222	0.093447	0.039316	0.022792	0.018234	0.061538	0.030199	0.014815	0.006268	0.008547	0.020513	0.012536	0.008547	0.011396	0.006268	0.011966	0.018803	0.045014	0.049003	0.020513	0.009117	0.037607	0.017094	0.012536	0.003419	0.013105	0.003419	0.014815	0.006268	0.006838	0.004558	0.005128	0.013105	0.015385	0.019373	0.006838	0.009117	0.013675	0.017094	0.009687	0.006838	0.015954	0.011396	0.017664	
0.006838	0.010826	0.012536	0.007407	0.009687	0.015385	0.014815	0.011966	0.006838	0.010826	0.007407	0.005128	0.005698	0.016524	0.012536	0.015385	0.022222	0.012536	0.011396	0.016524	0.083761	0.022222	0.046154	0.014245	0.013105	0.051282	0.032479	0.022222	0.007407	0.011966	0.028490	0.009117	0.008547	0.012536	0.010256	0.011396	0.017094	0.042735	0.046154	0.017094	0.009117	0.041595	0.017094	0.007407	0.005128	0.015385	0.011966	0.010256	0.002849	0.008547	0.005128	0.005128	0.010826	0.017094	0.014815	0.010826	0.009687	0.014815	0.010256	0.010256	0.008547	0.021652	0.011966	0.015385	
0.007407	0.018234	0.009117	0.005698	0.006268	0.016524	0.011396	0.010256	0.007977	0.019373	0.006838	0.005128	0.006268	0.009687	0.015385	0.009117	0.018234	0.014245	0.075783	0.013105	0.014815	0.025641	0.038746	0.018234	0.017094	0.054131	0.032479	0.018234	0.008547	0.011396	0.018803	0.015385	0.009687	0.014815	0.005698	0.008547	0.021652	0.041026	0.039316	0.016524	0.009687	0.033618	0.016524	0.007407	0.006268	0.015954	0.008547	0.014245	0.007977	0.006838	0.001709	0.010256	0.015954	0.021652	0.020513	0.007407	0.015385	0.021652	0.013105	0.014815	0.004558	0.014245	0.013675	0.017664	
0.008547	0.013105	0.013105	0.008547	0.013105	0.018234	0.014245	0.008547	0.004558	0.014245	0.006838	0.066667	0.007977	0.013675	0.005128	0.010826	0.014815	0.013675	0.010256	0.019943	0.022222	0.025071	0.040456	0.017094	0.014245	0.052991	0.027350	0.015385	0.006268	0.010826	0.014815	0.020513	0.015954	0.013105	0.006268	0.014815	0.024501	0.042735	0.043875	0.017664	0.011396	0.035897	0.013105	0.008547	0.011396	0.015385	0.005128	0.013675	0.006838	0.006268	0.003419	0.009117	0.010826	0.014245	0.014815	0.011396	0.014815	0.017094	0.013675	0.010826	0.005698	0.021652	0.007407	0.021652	
0.013105	0.010826	0.010256	0.011966	0.014815	0.015385	0.010256	0.005698	0.007407	0.013675	0.007407	0.004558	0.006838	0.021083	0.013105	0.011396	0.019943	0.019943	0.018803	0.011966	0.022792	0.026781	0.035328	0.015385	0.019373	0.059259	0.021083	0.013675	0.009117	0.013675	0.017094	0.014815	0.012536	0.017664	0.005698	0.009117	0.021652	0.042735	0.042735	0.013105	0.006268	0.037037	0.010256	0.007407	0.005128	0.015385	0.009117	0.071795	0.002279	0.013675	0.004558	0.010826	0.015954	0.018234	0.017094	0.010256	0.005698	0.011396	0.009687	0.005698	0.006268	0.026781	0.012536	0.021083	
0.007407	0.015954	0.010256	0.014245	0.014815	0.021083	0.014245	0.011966	0.006838	0.015385	0.006838	0.010256	0.005128	0.015954	0.011396	0.011396	0.025641	0.011966	0.017664	0.019943	0.020513	0.029630	0.038177	0.014815	0.022222	0.042165	0.026211	0.014815	0.002849	0.012536	0.014245	0.014815	0.008547	0.011966	0.008547	0.009687	0.026211	0.045584	0.031909	0.017664	0.007977	0.025641	0.007407	0.007407	0.005698	0.011396	0.002849	0.011396	0.005698	0.012536	0.003419	0.005698	0.021083	0.020513	0.022222	0.013105	0.018803	0.019373	0.006838	0.006838	0.007977	0.080342	0.011396	0.019373	
0.010826	0.018803	0.007407	0.010256	0.010256	0.017664	0.014245	0.010256	0.005698	0.011966	0.014245	0.007977	0.011396	0.018803	0.006268	0.013105	0.021652	0.026211	0.017094	0.017664	0.026211	0.027350	0.043305	0.019943	0.026211	0.041026	0.023362	0.015954	0.005128	0.013105	0.021652	0.017664	0.012536	0.019943	0.009117	0.014245	0.021652	0.026781	0.034758	0.019373	0.006838	0.022222	0.008547	0.009687	0.007407	0.011966	0.006838	0.013105	0.005698	0.007977	0.001140	0.006838	0.074074	0.021083	0.014815	0.010256	0.012536	0.011396	0.006268	0.009687	0.003989	0.021652	0.010256	0.021083	
0.007407	0.019943	0.013675	0.009687	0.017664	0.026781	0.015954	0.012536	0.007407	0.014245	0.008547	0.004558	0.005128	0.014245	0.011396	0.018234	0.024501	0.075214	0.017094	0.015385	0.014245	0.026781	0.031339	0.020513	0.015385	0.055840	0.017664	0.018234	0.011396	0.012536	0.019943	0.015954	0.014245	0.015954	0.010256	0.010826	0.014815	0.039316	0.021652	0.010826	0.006268	0.030199	0.013105	0.002849	0.014245	0.011966	0.008547	0.008547	0.011396	0.005698	0.003419	0.007407	0.016524	0.025641	0.016524	0.006838	0.013675	0.011966	0.011966	0.007407	0.006838	0.024501	0.011966	0.021652	
0.018234	0.016524	0.010826	0.011966	0.009687	0.017094	0.015954	0.074074	0.010256	0.018234	0.011396	0.004558	0.010256	0.010256	0.006838	0.015954	0.019943	0.014245	0.013675	0.015385	0.026781	0.038177	0.032479	0.021083	0.017094	0.041595	0.015954	0.010826	0.007977	0.008547	0.017094	0.017094	0.010256	0.016524	0.005128	0.010826	0.023362	0.040456	0.035328	0.013105	0.007977	0.022792	0.010256	0.010256	0.007977	0.009687	0.007977	0.007407	0.005128	0.017094	0.005698	0.009687	0.023362	0.020513	0.012536	0.006838	0.015385	0.018803	0.010826	0.006838	0.008547	0.022792	0.012536	0.020513	
0.012536	0.020513	0.010826	0.009687	0.017094	0.015385	0.018803	0.013105	0.007407	0.014245	0.009117	0.004558	0.008547	0.019943	0.006838	0.012536	0.022792	0.024501	0.017094	0.018803	0.023362	0.031909	0.031339	0.029630	0.021652	0.041595	0.021652	0.011396	0.009117	0.075214	0.014245	0.016524	0.011966	0.019943	0.007407	0.011396	0.021652	0.033618	0.032479	0.013675	0.011396	0.023362	0.006268	0.007407	0.007977	0.014245	0.002279	0.007977	0.007977	0.011966	0.004558	0.010256	0.010826	0.021083	0.010826	0.008547	0.009117	0.015954	0.011966	0.007407	0.009117	0.018234	0.010826	0.022792	
0.011966	0.015385	0.012536	0.015385	0.018803	0.022222	0.022222	0.013675	0.006838	0.013675	0.011966	0.007407	0.008547	0.012536	0.014815	0.014245	0.019943	0.016524	0.020513	0.015954	0.014245	0.030199	0.034188	0.023362	0.012536	0.039316	0.027350	0.014245	0.007977	0.012536	0.033048	0.011396	0.014815	0.014245	0.007407	0.013105	0.015954	0.034188	0.031339	0.013675	0.009117	0.023362	0.008547	0.007977	0.001709	0.011396	0.007407	0.010256	0.005128	0.014245	0.006838	0.008547	0.074074	0.017664	0.018803	0.017094	0.013105	0.010826	0.005698	0.004558	0.006838	0.022222	0.012536	0.018234	
0.010826	0.018234	0.017664	0.005128	0.015385	0.017664	0.018234	0.009117	0.007977	0.014815	0.018803	0.005698	0.015385	0.017094	0.009687	0.010826	0.079772	0.017664	0.014245	0.011396	0.024501	0.023932	0.032479	0.023362	0.026211	0.044444	0.022792	0.013105	0.007407	0.018234	0.023932	0.018234	0.011966	0.011396	0.007977	0.010256	0.026781	0.025071	0.025641	0.009687	0.014245	0.021652	0.009117	0.008547	0.010826	0.006838	0.006838	0.009687	0.004558	0.010256	0.005128	0.005128	0.017664	0.016524	0.014815	0.009687	0.018234	0.018234	0.018803	0.012536	0.007407	0.017094	0.014245	0.015385	
0.011396	0.011396	0.074074	0.010256	0.016524	0.017094	0.016524	0.007407	0.010256	0.009117	0.019943	0.005698	0.005698	0.014245	0.005128	0.006838	0.029060	0.021083	0.019943	0.014245	0.019373	0.018803	0.026781	0.018234	0.019373	0.034758	0.024501	0.012536	0.012536	0.010256	0.016524	0.012536	0.019373	0.015954	0.015385	0.015954	0.017664	0.037037	0.029630	0.014815	0.026211	0.023362	0.013675	0.006268	0.013105	0.009687	0.005128	0.011966	0.014245	0.010826	0.008547	0.007407	0.015954	0.016524	0.014815	0.011966	0.015385	0.014245	0.017664	0.007407	0.004558	0.015385	0.009117	0.025071	
0.019373	0.013675	0.029060	0.011966	0.019943	0.016524	0.013675	0.009117	0.009687	0.012536	0.087749	0.007977	0.008547	0.017094	0.013675	0.008547	0.017664	0.017664	0.025071	0.009117	0.026211	0.013105	0.030199	0.019943	0.018803	0.031339	0.031909	0.005698	0.007977	0.009117	0.024501	0.010826	0.021652	0.012536	0.026211	0.010826	0.019373	0.026211	0.026781	0.009117	0.029630	0.021083	0.018803	0.006268	0.009687	0.006268	0.008547	0.007407	0.010256	0.014815	0.003419	0.007407	0.010256	0.012536	0.017664	0.009117	0.010256	0.008547	0.013675	0.003419	0.010256	0.023932	0.011396	0.010826	
0.014815	0.011966	0.035897	0.006268	0.015954	0.014245	0.023932	0.004558	0.009117	0.012536	0.056410	0.005698	0.011396	0.010826	0.009117	0.007977	0.026211	0.011396	0.028490	0.009687	0.016524	0.012536	0.028490	0.010826	0.022222	0.027920	0.027920	0.010256	0.012536	0.009117	0.017664	0.007977	0.011966	0.010826	0.038177	0.007407	0.026211	0.018803	0.022792	0.005698	0.103704	0.015954	0.025641	0.006838	0.008547	0.004558	0.006838	0.003419	0.009117	0.013105	0.009117	0.005128	0.020513	0.012536	0.016524	0.006838	0.017094	0.013675	0.020513	0.006838	0.007407	0.012536	0.007977	0.009687	
0.009117	0.009117	0.039886	0.003989	0.015954	0.010826	0.015954	0.004558	0.020513	0.018234	0.066097	0.006838	0.006838	0.009687	0.006838	0.005128	0.030769	0.008547	0.031339	0.008547	0.013675	0.008547	0.027350	0.008547	0.022222	0.019943	0.041595	0.007977	0.003989	0.006838	0.009687	0.007407	0.016524	0.013105	0.105983	0.016524	0.011966	0.022792	0.025071	0.010256	0.056980	0.021083	0.041595	0.010826	0.005698	0.009687	0.005698	0.008547	0.013105	0.010826	0.011966	0.003989	0.009117	0.013105	0.010826	0.003989	0.013105	0.005128	0.019373	0.003989	0.005128	0.007977	0.008547	0.007407	
0.011966	0.009117	0.041595	0.006838	0.011396	0.006268	0.017094	0.006838	0.022792	0.074074	0.085470	0.006838	0.005128	0.008547	0.009687	0.009687	0.015385	0.003989	0.025071	0.006268	0.007407	0.009687	0.025641	0.012536	0.017664	0.018234	0.037037	0.006268	0.003419	0.005128	0.015385	0.003419	0.022792	0.016524	0.065527	0.007977	0.013675	0.019373	0.022792	0.008547	0.096866	0.021652	0.039316	0.010826	0.004558	0.007977	0.011396	0.005698	0.003419	0.007407	0.006268	0.004558	0.006268	0.010256	0.011966	0.005698	0.006268	0.007977	0.014815	0.001709	0.002849	0.009117	0.010256	0.006268	
0.011966	0.010256	0.016524	0.014815	0.009117	0.010826	0.009687	0.007407	0.026211	0.024501	0.074644	0.013105	0.005698	0.007407	0.003989	0.008547	0.011396	0.009687	0.009687	0.007977	0.009687	0.010826	0.016524	0.008547	0.022792	0.019943	0.027350	0.007407	0.008547	0.005698	0.013105	0.006268	0.021652	0.019373	0.085470	0.017094	0.015954	0.078632	0.017664	0.009687	0.101425	0.019943	0.044444	0.010826	0.005698	0.005128	0.008547	0.006268	0.002279	0.003419	0.003989	0.006268	0.007407	0.013675	0.005128	0.004558	0.013105	0.010256	0.018803	0.004558	0.002849	0.010826	0.005128	0.006268	
0.011396	0.010826	0.010256	0.014815	0.007977	0.014245	0.013105	0.007407	0.035328	0.022792	0.039316	0.018234	0.010826	0.019373	0.002279	0.013675	0.010826	0.009687	0.014245	0.007407	0.009687	0.074074	0.021652	0.008547	0.008547	0.016524	0.014245	0.009687	0.006838	0.007407	0.007977	0.007977	0.033048	0.018234	0.091168	0.021083	0.017094	0.019943	0.027350	0.010256	0.087749	0.025071	0.035328	0.017094	0.006268	0.011396	0.008547	0.009687	0.004558	0.007407	0.004558	0.006268	0.006838	0.011396	0.005128	0.005698	0.010256	0.003989	0.011966	0.004558	0.002849	0.007977	0.003419	0.013105	
0.015954	0.016524	0.018803	0.008547	0.012536	0.018803	0.009117	0.005698	0.037607	0.027920	0.035897	0.018803	0.011396	0.014815	0.012536	0.010826	0.011396	0.009687	0.010826	0.009687	0.010256	0.014815	0.079772	0.014815	0.014245	0.029630	0.012536	0.010826	0.003989	0.007407	0.014245	0.006268	0.039886	0.027920	0.053561	0.020513	0.012536	0.029630	0.019373	0.006838	0.028490	0.030199	0.022222	0.019943	0.011396	0.012536	0.016524	0.009117	0.004558	0.009117	0.005698	0.007407	0.010826	0.013675	0.014245	0.007407	0.004558	0.003989	0.010256	0.003419	0.005128	0.015385	0.011396	0.012536	
0.015385	0.026211	0.013105	0.017094	0.016524	0.022792	0.014245	0.009687	0.025071	0.029060	0.017664	0.017094	0.008547	0.016524	0.005698	0.015385	0.010826	0.015385	0.010826	0.009117	0.015954	0.027350	0.020513	0.013105	0.010826	0.030199	0.072934	0.008547	0.003989	0.007977	0.019373	0.003419	0.025071	0.025641	0.018803	0.015385	0.025641	0.031339	0.021652	0.013105	0.020513	0.027920	0.018803	0.013675	0.013105	0.013675	0.012536	0.013675	0.003989	0.010256	0.006268	0.011396	0.009687	0.014815	0.013675	0.011966	0.011966	0.019943	0.011966	0.010826	0.004558	0.019943	0.006268	0.007977	
0.014815	0.017094	0.014815	0.008547	0.027920	0.018803	0.019373	0.011396	0.007407	0.022792	0.013105	0.005698	0.011966	0.026781	0.003419	0.010826	0.015954	0.022792	0.010256	0.018803	0.024501	0.025641	0.023932	0.022222	0.014815	0.034758	0.014245	0.006268	0.006268	0.012536	0.021083	0.007977	0.019943	0.025071	0.010826	0.012536	0.026781	0.039316	0.026781	0.014245	0.008547	0.089459	0.009687	0.013675	0.013105	0.015954	0.007977	0.013105	0.008547	0.010256	0.005698	0.005698	0.011966	0.023932	0.017094	0.005128	0.016524	0.017094	0.007407	0.002849	0.005698	0.017664	0.006838	0.010256	
0.018234	0.009687	0.021652	0.009687	0.030199	0.011966	0.026781	0.006268	0.010826	0.012536	0.011396	0.006838	0.008547	0.015385	0.012536	0.009117	0.024501	0.018234	0.033618	0.014815	0.028490	0.018803	0.050142	0.010256	0.021652	0.033048	0.023362	0.009117	0.003989	0.010256	0.030769	0.007977	0.013675	0.009117	0.011966	0.012536	0.023362	0.092877	0.039886	0.007977	0.011396	0.018234	0.012536	0.002279	0.005128	0.009687	0.005698	0.007977	0.011396	0.010256	0.008547	0.006838	0.022222	0.021083	0.020513	0.009117	0.013675	0.013675	0.007407	0.004558	0.003989	0.010826	0.013105	0.014245	
0.009687	0.028490	0.010826	0.018803	0.009687	0.013675	0.013675	0.010256	0.016524	0.035328	0.011396	0.012536	0.005128	0.021083	0.003989	0.013675	0.020513	0.037607	0.015385	0.030769	0.010256	0.027350	0.085470	0.021652	0.017094	0.082051	0.020513	0.017664	0.001709	0.012536	0.013675	0.005698	0.015385	0.023932	0.006838	0.011396	0.011966	0.033618	0.021652	0.010256	0.007977	0.028490	0.010256	0.007977	0.005698	0.012536	0.002279	0.002279	0.003419	0.006838	0.005128	0.006268	0.007977	0.015954	0.012536	0.009687	0.021083	0.023932	0.003419	0.013675	0.005698	0.017094	0.003989	0.012536	
0.009117	0.025641	0.003989	0.010256	0.007407	0.058689	0.016524	0.014245	0.005698	0.021652	0.006268	0.004558	0.004558	0.056410	0.001140	0.005128	0.010826	0.018234	0.003989	0.006838	0.010256	0.045584	0.016524	0.018234	0.012536	0.048433	0.066097	0.006268	0.002849	0.018803	0.018234	0.011966	0.007407	0.039316	0.009117	0.006838	0.030769	0.102564	0.022792	0.013675	0.008547	0.026211	0.006268	0.004558	0.005128	0.032479	0.004558	0.009687	0.006838	0.007407	0.000570	0.003419	0.006838	0.039886	0.011396	0.005128	0.006838	0.007977	0.003989	0.005128	0.002849	0.022792	0.003989	0.004558	
0.029060	0.000570	0.002279	0.002279	0.082621	0.000570	0.005698	0.001709	0.011966	0.000570	0.004558	0.000570	0.018803	0.000570	0.005128	0.002849	0.037607	0.000570	0.012536	0.004558	0.221083	0.000570	0.019373	0.005698	0.056410	0.000570	0.005128	0.005128	0.040456	0.000570	0.007977	0.002279	0.025641	0.000570	0.005698	0.001709	0.090028	0.000570	0.010256	0.003419	0.078063	0.000570	0.001709	0.002279	0.014815	0.000570	0.002279	0.002849	0.010256	0.000570	0.001709	0.002849	0.107692	0.000570	0.016524	0.005698	0.022792	0.000570	0.002279	0.002279	0.019943	0.000570	0.002849	0.007977	
0.000570	0.000570	0.000570	0.100855	0.000570	0.000570	0.000570	0.000570	0.000570	0.000570	0.000570	0.020513	0.000570	0.000570	0.000570	0.009687	0.000570	0.000570	0.000570	0.499715	0.000570	0.000570	0.000570	0.000570	0.000570	0.000570	0.000570	0.050142	0.000570	0.000570	0.000570	0.014815	0.000570	0.000570	0.000570	0.167521	0.000570	0.000570	0.000570	0.000570	0.000570	0.000570	0.000570	0.011966	0.000570	0.000570	0.000570	0.008547	0.000570	0.000570	0.000570	0.092308	0.000570	0.000570	0.000570	0.000570	0.000570	0.000570	0.000570	0.016524	0.000570	0.000570	0.000570	0.014245	
0.000570	0.000570	0.000570	0.000570	0.000570	0.000570	0.000570	0.000570	0.000570	0.000570	0.000570	0.000570	0.000570	0.000570	0.858689	0.000570	0.000570	0.000570	0.000570	0.000570	0.000570	0.000570	0.000570	0.000570	0.000570	0.000570	0.000570	0.000570	0.000570	0.000570	0.000570	0.000570	0.000570	0.000570	0.000570	0.000570	0.000570	0.000570	0.000570	0.000570	0.000570	0.000570	0.000570	0.000570	0.000570	0.000570	0.097436	0.000570	0.000570	0.000570	0.000570	0.000570	0.000570	0.000570	0.000570	0.000570	0.000570	0.000570	0.000570	0.000570	0.000570	0.000570	0.045584	0.000570	
0.000570	0.000570	0.000570	0.000570	0.000570	0.000570	0.000570	0.000570	0.000570	0.000570	0.000570	0.000570	0.000570	0.000570	0.000570	0.000570	0.000570	0.000570	0.000570	0.000570	0.000570	0.000570	0.000570	0.000570	0.000570	0.000570	0.000570	0.000570	0.000570	0.000570	0.000570	0.000570	0.000570	0.000570	0.000570	0.000570	0.000570	0.000570	0.000570	0.000570	0.000570	0.000570	0.000570	0.000570	0.000570	0.000570	0.000570	0.000570	0.000570	0.000570	0.000570	0.000570	0.000570	0.000570	0.000570	0.000570	0.456410	0.237037	0.185185	0.123647	0.000570	0.000570	0.000570	0.000570	
0.000570	0.000570	0.000570	0.000570	0.000570	0.000570	0.000570	0.000570	0.000570	0.000570	0.000570	0.000570	0.000570	0.000570	0.000570	0.000570	0.000570	0.000570	0.000570	0.000570	0.000570	0.000570	0.000570	0.000570	0.000570	0.000570	0.000570	0.000570	0.000570	0.000570	0.000570	0.000570	0.210256	0.095726	0.104843	0.047293	0.056980	0.075214	0.058120	0.048433	0.054131	0.095726	0.023362	0.013675	0.007977	0.084330	0.007977	0.025071	0.000570	0.000570	0.000570	0.000570	0.000570	0.000570	0.000570	0.000570	0.000570	0.000570	0.000570	0.000570	0.000570	0.000570	0.000570	0.000570	
0.052991	0.100285	0.028490	0.030199	0.013105	0.040456	0.027350	0.016524	0.007407	0.080342	0.002279	0.016524	0.001709	0.018803	0.019373	0.009117	0.019373	0.013105	0.016524	0.009687	0.007407	0.026211	0.027350	0.015954	0.008547	0.025071	0.009117	0.017094	0.004558	0.009117	0.025641	0.010826	0.016524	0.013105	0.008547	0.017664	0.020513	0.026781	0.025071	0.025071	0.003989	0.010826	0.002849	0.007407	0.002849	0.005698	0.002849	0.003989	0.000570	0.006268	0.000570	0.002279	0.007977	0.039316	0.015954	0.022792	0.000570	0.002849	0.003989	0.002279	0.001709	0.011966	0.004558	0.008547	
0.021083	0.033618	0.018803	0.015954	0.087749	0.014815	0.023932	0.006268	0.019373	0.016524	0.008547	0.009687	0.015954	0.022792	0.014245	0.006838	0.013105	0.014815	0.012536	0.008547	0.043305	0.030769	0.050142	0.008547	0.029060	0.033048	0.023362	0.010256	0.022792	0.010256	0.031909	0.015385	0.003419	0.006838	0.004558	0.005698	0.050142	0.020513	0.036467	0.011966	0.003989	0.006838	0.003989	0.003419	0.014815	0.012536	0.007977	0.007977	0.001709	0.003419	0.003419	0.002279	0.013105	0.008547	0.018803	0.005128	0.020513	0.018234	0.010826	0.002849	0.006268	0.005128	0.011396	0.009687	
0.015954	0.012536	0.002849	0.007977	0.011966	0.012536	0.019943	0.014245	0.011396	0.019373	0.002849	0.005698	0.006268	0.009687	0.002849	0.013675	0.051282	0.094017	0.017664	0.031339	0.022222	0.009687	0.021083	0.021652	0.038746	0.052422	0.020513	0.017664	0.007407	0.008547	0.006268	0.009687	0.026211	0.019373	0.006268	0.021083	0.023932	0.014815	0.019943	0.015954	0.011396	0.017664	0.005128	0.012536	0.002279	0.008547	0.005128	0.010256	0.013105	0.022222	0.007977	0.016524	0.012536	0.012536	0.010256	0.015385	0.029060	0.022792	0.005698	0.007977	0.006838	0.018234	0.002849	0.011966	
0.029630	0.023932	0.032479	0.020513	0.011396	0.095157	0.022792	0.018803	0.003989	0.020513	0.003419	0.006838	0.007977	0.027350	0.021652	0.019943	0.022222	0.017664	0.022792	0.007977	0.006838	0.014815	0.020513	0.007407	0.010256	0.029060	0.010256	0.021652	0.005128	0.022792	0.031909	0.007407	0.023932	0.027920	0.011966	0.026781	0.023932	0.049003	0.028490	0.010826	0.007407	0.018234	0.003989	0.004558	0.008547	0.009117	0.015954	0.010256	0.000570	0.010826	0.000570	0.010826	0.005128	0.025641	0.009687	0.004558	0.000570	0.004558	0.010256	0.001709	0.002849	0.019373	0.013675	0.009687	
0.022792	0.022222	0.021083	0.010256	0.022792	0.020513	0.030199	0.006838	0.024501	0.022792	0.006838	0.013675	0.018803	0.022222	0.010826	0.014245	0.009117	0.014245	0.013675	0.010256	0.034188	0.091168	0.037037	0.022222	0.019373	0.033618	0.017094	0.011396	0.005698	0.013675	0.013675	0.008547	0.005698	0.007977	0.002849	0.005698	0.029630	0.013105	0.018234	0.011396	0.006268	0.014815	0.004558	0.002279	0.009687	0.009687	0.004558	0.010826	0.004558	0.007977	0.005128	0.006838	0.025641	0.017664	0.030199	0.005128	0.028490	0.031339	0.009117	0.014245	0.009687	0.017664	0.009117	0.010826	
0.010256	0.013675	0.002849	0.015385	0.009117	0.011966	0.015954	0.015385	0.011396	0.015954	0.005128	0.010256	0.003989	0.013675	0.001140	0.014245	0.033048	0.029060	0.016524	0.033618	0.075783	0.017664	0.025071	0.023932	0.028490	0.043875	0.013675	0.029630	0.006268	0.019943	0.006268	0.013105	0.029630	0.017094	0.007977	0.023932	0.025071	0.033618	0.019373	0.024501	0.011966	0.014815	0.003989	0.006838	0.007407	0.015954	0.003419	0.014815	0.007977	0.014815	0.005698	0.015385	0.007977	0.018234	0.017094	0.019943	0.008547	0.017094	0.003989	0.008547	0.004558	0.015385	0.004558	0.019943	
0.020513	0.023932	0.019943	0.016524	0.008547	0.034188	0.021083	0.010826	0.006268	0.019943	0.003419	0.003419	0.006268	0.041595	0.020513	0.019943	0.017094	0.015385	0.014245	0.071225	0.006838	0.033048	0.024501	0.017094	0.009687	0.039886	0.007407	0.020513	0.005128	0.021652	0.042735	0.014245	0.018234	0.018803	0.005128	0.018234	0.017094	0.042165	0.022222	0.010256	0.005128	0.012536	0.002849	0.006268	0.007407	0.023362	0.013675	0.010826	0.000570	0.014245	0.000570	0.006838	0.006838	0.033048	0.014245	0.010826	0.000570	0.004558	0.009687	0.000570	0.003989	0.025071	0.021652	0.011396	
0.017664	0.012536	0.013105	0.013105	0.021652	0.018803	0.021652	0.010256	0.014245	0.010826	0.007977	0.006838	0.076353	0.014815	0.010826	0.010826	0.009117	0.011396	0.013675	0.005128	0.038746	0.035897	0.056410	0.011396	0.019943	0.034188	0.017664	0.010256	0.009117	0.012536	0.017094	0.010256	0.006268	0.007977	0.003419	0.003989	0.029060	0.013675	0.022792	0.011396	0.005698	0.009117	0.004558	0.003989	0.010826	0.010256	0.002849	0.006838	0.003419	0.010256	0.005128	0.003989	0.038177	0.021083	0.041595	0.010826	0.025641	0.037037	0.021652	0.014245	0.005698	0.019943	0.014245	0.016524	
0.008547	0.011396	0.006268	0.010256	0.007407	0.009687	0.013105	0.011966	0.010256	0.007977	0.007407	0.009687	0.002279	0.010256	0.002849	0.010826	0.034188	0.030199	0.021083	0.042165	0.018803	0.023362	0.024501	0.022792	0.041026	0.053561	0.011396	0.036467	0.011966	0.010826	0.005128	0.015954	0.019373	0.017664	0.007407	0.021083	0.021652	0.017664	0.018803	0.033048	0.013105	0.016524	0.006838	0.015385	0.003989	0.011966	0.001140	0.018234	0.067236	0.017094	0.004558	0.013105	0.011966	0.017094	0.010826	0.017664	0.015385	0.015954	0.003989	0.009687	0.003989	0.017094	0.006268	0.017094	
0.015385	0.014815	0.086610	0.012536	0.006838	0.043305	0.017664	0.008547	0.005128	0.019373	0.005128	0.009687	0.007977	0.037607	0.019373	0.021652	0.017664	0.013105	0.017664	0.011396	0.007407	0.030769	0.018234	0.011396	0.005128	0.035897	0.009117	0.017094	0.006268	0.019373	0.047293	0.012536	0.021652	0.026211	0.013105	0.018803	0.014815	0.049003	0.019373	0.010826	0.005698	0.013675	0.002849	0.007407	0.017664	0.027350	0.011396	0.014815	0.000570	0.014245	0.000570	0.006838	0.005698	0.025641	0.013675	0.005128	0.000570	0.005698	0.007407	0.001709	0.002849	0.026781	0.019943	0.012536	
0.012536	0.018803	0.014815	0.009117	0.018803	0.022222	0.017664	0.009687	0.018803	0.077493	0.014245	0.007407	0.011966	0.015385	0.011966	0.010256	0.006268	0.011396	0.006838	0.010256	0.038746	0.038746	0.053561	0.017664	0.015385	0.025641	0.015385	0.012536	0.006268	0.007407	0.012536	0.009687	0.004558	0.005128	0.001709	0.005128	0.022792	0.021652	0.014815	0.015385	0.005698	0.008547	0.004558	0.005698	0.009117	0.009117	0.003989	0.013675	0.003989	0.013675	0.007977	0.009117	0.026781	0.029060	0.044444	0.010826	0.021083	0.035328	0.030199	0.011396	0.005698	0.018234	0.018803	0.018803	
0.007407	0.009117	0.003419	0.007407	0.011396	0.009687	0.009687	0.018234	0.009117	0.006838	0.006268	0.009117	0.003419	0.010256	0.003989	0.015954	0.035897	0.023932	0.008547	0.038746	0.026781	0.022222	0.029060	0.033618	0.038746	0.051282	0.017664	0.022792	0.010256	0.010826	0.010826	0.021652	0.022792	0.014815	0.005698	0.017664	0.083761	0.015954	0.015954	0.031339	0.013105	0.027350	0.008547	0.015385	0.004558	0.012536	0.003989	0.015954	0.005698	0.014245	0.002849	0.010256	0.010826	0.013675	0.009117	0.016524	0.010256	0.021083	0.004558	0.011396	0.006268	0.021083	0.004558	0.020513	
0.022792	0.015385	0.018803	0.014815	0.005698	0.031909	0.013105	0.011396	0.002849	0.009117	0.003989	0.004558	0.007977	0.034758	0.016524	0.014815	0.019943	0.015954	0.023362	0.073504	0.005698	0.027350	0.017094	0.011396	0.007407	0.039886	0.006838	0.009687	0.005698	0.029060	0.051282	0.013675	0.018803	0.023932	0.009687	0.018803	0.019943	0.055271	0.021083	0.010256	0.007407	0.016524	0.006838	0.006268	0.009687	0.027920	0.009117	0.011966	0.000570	0.012536	0.000570	0.010826	0.005698	0.025641	0.014815	0.008547	0.000570	0.006838	0.012536	0.003419	0.002849	0.030199	0.023362	0.017664	
0.018803	0.014815	0.018234	0.010256	0.013675	0.023932	0.021083	0.009117	0.014815	0.017664	0.014245	0.005698	0.013675	0.020513	0.071795	0.011966	0.010256	0.011966	0.007977	0.006838	0.031909	0.040456	0.051852	0.015954	0.012536	0.026211	0.018803	0.008547	0.006838	0.012536	0.011966	0.010256	0.003419	0.006268	0.003419	0.005128	0.021652	0.018234	0.023932	0.008547	0.007407	0.011966	0.006268	0.004558	0.006838	0.006838	0.002849	0.007407	0.002849	0.010826	0.006838	0.005698	0.039316	0.025071	0.046154	0.011396	0.022222	0.037607	0.024501	0.015954	0.009117	0.021083	0.014815	0.013105	
0.006838	0.011966	0.002279	0.014245	0.011966	0.008547	0.008547	0.014815	0.009117	0.010826	0.006268	0.010256	0.002849	0.009687	0.005698	0.009687	0.035328	0.023932	0.014815	0.032479	0.019943	0.026211	0.024501	0.037037	0.045584	0.043305	0.023362	0.030769	0.006838	0.011396	0.009687	0.017094	0.019373	0.012536	0.001140	0.023932	0.021652	0.019373	0.026211	0.026211	0.009117	0.026781	0.015385	0.012536	0.003989	0.007977	0.003419	0.019373	0.005698	0.013675	0.001709	0.015385	0.007407	0.019373	0.007977	0.026211	0.010256	0.076923	0.004558	0.009687	0.002849	0.016524	0.004558	0.018803	
0.018803	0.018234	0.015954	0.014245	0.003989	0.038177	0.014815	0.005128	0.002279	0.008547	0.003989	0.005128	0.005128	0.047293	0.016524	0.017094	0.015385	0.015954	0.019943	0.009687	0.002849	0.038177	0.021083	0.011396	0.008547	0.037037	0.007977	0.013675	0.005698	0.030199	0.056410	0.011966	0.025641	0.025071	0.010256	0.013105	0.010256	0.106553	0.026781	0.014245	0.006268	0.025071	0.008547	0.009687	0.009117	0.028490	0.013675	0.011966	0.000570	0.010256	0.000570	0.005128	0.003989	0.026211	0.011396	0.003989	0.000570	0.006838	0.011966	0.003989	0.007407	0.026211	0.019943	0.011396	
0.011966	0.019373	0.017094	0.011966	0.019943	0.016524	0.024501	0.008547	0.014815	0.009117	0.017094	0.005698	0.005698	0.017664	0.007407	0.011396	0.003419	0.005698	0.006268	0.005698	0.026211	0.105413	0.052991	0.024501	0.006838	0.033048	0.023362	0.010826	0.004558	0.007977	0.012536	0.009687	0.003989	0.006838	0.004558	0.002279	0.017664	0.025071	0.025641	0.009117	0.007407	0.015954	0.005128	0.003989	0.007977	0.005698	0.007977	0.010826	0.002849	0.007977	0.004558	0.011966	0.031339	0.029060	0.058120	0.013675	0.019373	0.036467	0.034758	0.015954	0.009117	0.014815	0.015954	0.012536	
0.005128	0.006838	0.003419	0.006838	0.006268	0.009687	0.011396	0.012536	0.010256	0.007977	0.007407	0.006838	0.003989	0.013105	0.005128	0.009687	0.032479	0.019373	0.013675	0.029630	0.021083	0.023932	0.087749	0.043305	0.048433	0.056980	0.026211	0.029630	0.014245	0.012536	0.012536	0.016524	0.011966	0.013675	0.003419	0.019373	0.014815	0.017664	0.027350	0.034758	0.018803	0.031909	0.014245	0.015385	0.005128	0.012536	0.005698	0.013105	0.003419	0.012536	0.002849	0.008547	0.009117	0.013675	0.009687	0.013675	0.007977	0.021083	0.006268	0.008547	0.005698	0.015954	0.004558	0.018234	
0.010256	0.013675	0.021083	0.007977	0.002849	0.029060	0.013675	0.006838	0.002279	0.014245	0.003989	0.002849	0.003989	0.031339	0.018803	0.010256	0.013675	0.009117	0.017664	0.010826	0.003989	0.032479	0.022792	0.005698	0.068946	0.042735	0.011966	0.012536	0.002849	0.017664	0.074644	0.009117	0.021652	0.028490	0.014815	0.020513	0.009117	0.072934	0.027920	0.007977	0.003989	0.038746	0.005698	0.005698	0.008547	0.022222	0.017094	0.012536	0.000570	0.017094	0.000570	0.010826	0.002849	0.026211	0.015385	0.009687	0.000570	0.010826	0.013675	0.002849	0.001709	0.033618	0.016524	0.005698	
0.015385	0.013675	0.008547	0.008547	0.017664	0.014245	0.027350	0.009117	0.009687	0.019373	0.016524	0.008547	0.006838	0.018234	0.013105	0.011966	0.002279	0.007977	0.003989	0.004558	0.034758	0.035328	0.068376	0.022222	0.014245	0.034758	0.021652	0.009117	0.003419	0.006838	0.012536	0.007407	0.002849	0.004558	0.003419	0.064957	0.027920	0.033048	0.034758	0.010826	0.005698	0.013675	0.008547	0.007407	0.005128	0.007407	0.004558	0.006838	0.001709	0.006268	0.006268	0.002849	0.020513	0.025641	0.042735	0.015954	0.022792	0.048433	0.039886	0.015954	0.003419	0.010256	0.014245	0.009687	
0.004558	0.006268	0.003989	0.007407	0.006268	0.007977	0.007977	0.010256	0.007407	0.006268	0.003419	0.005128	0.001140	0.007407	0.004558	0.067806	0.030199	0.020513	0.010826	0.039316	0.020513	0.018803	0.027350	0.041595	0.046154	0.059259	0.033048	0.034758	0.007407	0.014815	0.013675	0.022222	0.009687	0.017664	0.004558	0.020513	0.026211	0.024501	0.027920	0.037607	0.018234	0.041026	0.009687	0.017664	0.003419	0.016524	0.005698	0.015385	0.001709	0.009117	0.001709	0.006268	0.006268	0.011966	0.009117	0.015385	0.004558	0.023362	0.009117	0.007407	0.005698	0.011966	0.003989	0.014245	
0.010256	0.008547	0.019373	0.007977	0.002279	0.031339	0.014815	0.005128	0.002849	0.013675	0.001709	0.002849	0.003989	0.043875	0.015954	0.009687	0.009687	0.013105	0.025641	0.010826	0.003419	0.026781	0.023932	0.009117	0.003989	0.046154	0.010826	0.011396	0.003989	0.021083	0.068376	0.011396	0.023362	0.027350	0.013105	0.012536	0.016524	0.068376	0.039316	0.005698	0.002849	0.037037	0.007407	0.007977	0.006838	0.029060	0.021083	0.007977	0.000570	0.011396	0.000570	0.005128	0.003989	0.026211	0.017094	0.003419	0.000570	0.011966	0.012536	0.002849	0.001709	0.031909	0.076353	0.009687	
0.009687	0.014245	0.012536	0.007407	0.014245	0.017094	0.021083	0.007977	0.009687	0.024501	0.015385	0.009117	0.006268	0.011966	0.013675	0.004558	0.002279	0.005128	0.014245	0.004558	0.025641	0.032479	0.078632	0.015954	0.013105	0.037037	0.031909	0.013105	0.002849	0.005698	0.007407	0.007407	0.000570	0.004558	0.001709	0.003419	0.025071	0.025641	0.045014	0.013105	0.005128	0.015385	0.005128	0.006838	0.004558	0.007407	0.007407	0.005698	0.001140	0.005698	0.004558	0.005128	0.034188	0.026781	0.051852	0.013105	0.085470	0.044444	0.036467	0.015385	0.006838	0.010256	0.010256	0.011396	
0.002849	0.006268	0.001709	0.002849	0.005698	0.006838	0.007407	0.009687	0.007407	0.010826	0.011396	0.003419	0.002279	0.004558	0.003989	0.009687	0.028490	0.023932	0.012536	0.034188	0.015385	0.015954	0.023932	0.046724	0.046724	0.085470	0.039316	0.025071	0.010826	0.012536	0.013675	0.013105	0.012536	0.074644	0.003419	0.022792	0.019943	0.029060	0.028490	0.043875	0.014815	0.035897	0.015385	0.022792	0.001709	0.013105	0.009687	0.019943	0.001140	0.009117	0.002279	0.007977	0.006268	0.015954	0.004558	0.008547	0.008547	0.015385	0.008547	0.006268	0.002279	0.007407	0.006838	0.012536	
0.006838	0.011396	0.020513	0.006268	0.002279	0.088889	0.017094	0.005698	0.001709	0.013105	0.001140	0.003989	0.003419	0.041026	0.014815	0.008547	0.008547	0.013105	0.018803	0.006838	0.003989	0.029060	0.026211	0.008547	0.003419	0.043875	0.011396	0.005698	0.002279	0.021083	0.075214	0.010256	0.022222	0.027350	0.014815	0.013105	0.011966	0.090028	0.038177	0.007407	0.011966	0.044444	0.009687	0.008547	0.005128	0.026781	0.021652	0.003989	0.000570	0.009117	0.000570	0.006838	0.003989	0.016524	0.013105	0.003989	0.000570	0.013105	0.017094	0.003419	0.002279	0.027920	0.016524	0.008547	
0.008547	0.011966	0.012536	0.005128	0.012536	0.017664	0.022792	0.007977	0.014245	0.015954	0.017664	0.006838	0.006268	0.009687	0.010826	0.006268	0.003419	0.005128	0.008547	0.005128	0.029630	0.039316	0.075214	0.080342	0.009117	0.046154	0.025641	0.013675	0.006268	0.004558	0.008547	0.006268	0.004558	0.001709	0.009117	0.002279	0.023362	0.027920	0.049573	0.013675	0.002279	0.017094	0.013105	0.006838	0.002849	0.007407	0.006838	0.004558	0.001709	0.003419	0.004558	0.003419	0.023362	0.022222	0.062108	0.009117	0.023362	0.035897	0.047293	0.021652	0.002279	0.010256	0.011966	0.006838	
0.006268	0.003419	0.002849	0.005698	0.001709	0.003989	0.007407	0.009117	0.008547	0.008547	0.012536	0.005128	0.001709	0.006268	0.004558	0.003419	0.021083	0.018234	0.011966	0.037607	0.021083	0.017094	0.038177	0.030769	0.050142	0.076353	0.050712	0.032479	0.009687	0.007977	0.014245	0.079202	0.016524	0.007977	0.003989	0.020513	0.011966	0.025641	0.027350	0.050142	0.013105	0.049003	0.018803	0.022792	0.005698	0.017094	0.007407	0.018803	0.002279	0.007977	0.001709	0.005698	0.003989	0.010826	0.007977	0.009117	0.005698	0.014815	0.009687	0.007977	0.002849	0.007977	0.002849	0.010256	
0.007407	0.015954	0.015385	0.007407	0.002849	0.021652	0.009117	0.003989	0.001140	0.014245	0.003419	0.001709	0.006838	0.036467	0.014245	0.011966	0.003989	0.010826	0.015954	0.007977	0.002279	0.026781	0.025641	0.002849	0.007407	0.050142	0.013105	0.010256	0.002279	0.018803	0.071795	0.006268	0.018803	0.030769	0.015954	0.011966	0.012536	0.080912	0.046724	0.008547	0.006838	0.059259	0.013105	0.012536	0.006838	0.023362	0.029630	0.008547	0.000570	0.011396	0.000570	0.007407	0.003419	0.018234	0.015385	0.002279	0.000570	0.013105	0.014245	0.001140	0.000570	0.086610	0.014245	0.010256	
