>NC_007494
0.009852	0.009852	0.014778	0.004926	0.002463	0.019704	0.024631	0.012315	0.007389	0.029557	0.014778	0.004926	0.002463	0.009852	0.007389	0.007389	0.017241	0.019704	0.024631	0.017241	0.027094	0.032020	0.049261	0.024631	0.029557	0.051724	0.056650	0.017241	0.004926	0.019704	0.017241	0.009852	0.024631	0.014778	0.014778	0.012315	0.019704	0.046798	0.046798	0.022167	0.014778	0.051724	0.041872	0.012315	0.007389	0.012315	0.009852	0.017241	0.002463	0.007389	0.007389	0.007389	0.009852	0.012315	0.032020	0.009852	0.007389	0.027094	0.014778	0.007389	0.002463	0.019704	0.004926	0.014778	
0.009852	0.014778	0.022167	0.007389	0.017241	0.019704	0.012315	0.002463	0.009852	0.022167	0.019704	0.009852	0.002463	0.022167	0.009852	0.007389	0.012315	0.012315	0.029557	0.004926	0.009852	0.032020	0.046798	0.022167	0.024631	0.054187	0.054187	0.019704	0.002463	0.024631	0.017241	0.024631	0.014778	0.019704	0.017241	0.007389	0.029557	0.049261	0.049261	0.032020	0.014778	0.064039	0.036946	0.012315	0.002463	0.017241	0.014778	0.007389	0.004926	0.002463	0.004926	0.004926	0.007389	0.019704	0.024631	0.009852	0.017241	0.012315	0.007389	0.002463	0.007389	0.022167	0.012315	0.007389	
0.012315	0.017241	0.009852	0.002463	0.014778	0.022167	0.004926	0.007389	0.007389	0.024631	0.034483	0.007389	0.004926	0.007389	0.009852	0.002463	0.012315	0.014778	0.019704	0.017241	0.017241	0.032020	0.044335	0.027094	0.027094	0.049261	0.034483	0.022167	0.009852	0.022167	0.019704	0.014778	0.012315	0.024631	0.009852	0.019704	0.049261	0.044335	0.046798	0.012315	0.022167	0.064039	0.029557	0.002463	0.004926	0.012315	0.014778	0.012315	0.004926	0.002463	0.004926	0.002463	0.017241	0.022167	0.036946	0.009852	0.019704	0.014778	0.014778	0.004926	0.002463	0.017241	0.012315	0.014778	
0.007389	0.012315	0.012315	0.009852	0.004926	0.027094	0.017241	0.009852	0.007389	0.012315	0.022167	0.002463	0.007389	0.019704	0.002463	0.012315	0.012315	0.032020	0.019704	0.034483	0.014778	0.029557	0.049261	0.027094	0.027094	0.064039	0.022167	0.019704	0.007389	0.017241	0.012315	0.019704	0.012315	0.019704	0.024631	0.019704	0.014778	0.051724	0.056650	0.029557	0.034483	0.046798	0.017241	0.014778	0.002463	0.012315	0.014778	0.007389	0.002463	0.007389	0.007389	0.004926	0.007389	0.017241	0.017241	0.017241	0.014778	0.022167	0.009852	0.009852	0.009852	0.024631	0.007389	0.002463	
0.014778	0.004926	0.012315	0.002463	0.012315	0.024631	0.022167	0.012315	0.022167	0.017241	0.019704	0.004926	0.009852	0.022167	0.027094	0.009852	0.007389	0.014778	0.009852	0.009852	0.019704	0.046798	0.027094	0.032020	0.017241	0.059113	0.034483	0.029557	0.012315	0.034483	0.022167	0.014778	0.022167	0.019704	0.024631	0.017241	0.014778	0.066502	0.044335	0.019704	0.014778	0.029557	0.019704	0.007389	0.002463	0.022167	0.017241	0.004926	0.007389	0.009852	0.002463	0.007389	0.004926	0.027094	0.024631	0.017241	0.004926	0.007389	0.014778	0.009852	0.004926	0.027094	0.007389	0.002463	
0.017241	0.014778	0.009852	0.009852	0.002463	0.009852	0.027094	0.009852	0.009852	0.017241	0.017241	0.004926	0.002463	0.019704	0.009852	0.004926	0.022167	0.009852	0.012315	0.007389	0.024631	0.049261	0.076355	0.014778	0.024631	0.046798	0.032020	0.014778	0.007389	0.036946	0.019704	0.017241	0.014778	0.019704	0.012315	0.012315	0.017241	0.036946	0.039409	0.019704	0.014778	0.032020	0.032020	0.009852	0.004926	0.012315	0.022167	0.012315	0.004926	0.004926	0.012315	0.007389	0.019704	0.029557	0.036946	0.019704	0.017241	0.027094	0.024631	0.004926	0.004926	0.012315	0.009852	0.004926	
0.022167	0.017241	0.017241	0.002463	0.014778	0.017241	0.012315	0.004926	0.004926	0.019704	0.009852	0.012315	0.002463	0.014778	0.014778	0.004926	0.014778	0.014778	0.017241	0.017241	0.032020	0.027094	0.032020	0.034483	0.034483	0.078818	0.044335	0.022167	0.007389	0.019704	0.027094	0.009852	0.009852	0.019704	0.017241	0.019704	0.027094	0.036946	0.044335	0.014778	0.019704	0.044335	0.024631	0.017241	0.004926	0.019704	0.004926	0.004926	0.007389	0.004926	0.002463	0.004926	0.004926	0.032020	0.017241	0.027094	0.017241	0.024631	0.009852	0.009852	0.007389	0.017241	0.004926	0.009852	
0.007389	0.022167	0.009852	0.014778	0.012315	0.014778	0.022167	0.007389	0.012315	0.022167	0.007389	0.012315	0.004926	0.019704	0.009852	0.009852	0.019704	0.022167	0.024631	0.012315	0.022167	0.041872	0.039409	0.009852	0.017241	0.056650	0.024631	0.007389	0.002463	0.024631	0.029557	0.024631	0.017241	0.027094	0.019704	0.012315	0.024631	0.073892	0.046798	0.022167	0.002463	0.034483	0.034483	0.017241	0.002463	0.022167	0.024631	0.012315	0.002463	0.009852	0.002463	0.007389	0.009852	0.024631	0.027094	0.009852	0.007389	0.029557	0.012315	0.002463	0.004926	0.009852	0.007389	0.007389	
0.017241	0.012315	0.012315	0.004926	0.014778	0.039409	0.019704	0.007389	0.014778	0.017241	0.019704	0.004926	0.004926	0.022167	0.014778	0.004926	0.004926	0.024631	0.019704	0.019704	0.029557	0.066502	0.032020	0.027094	0.032020	0.049261	0.044335	0.009852	0.007389	0.017241	0.012315	0.012315	0.009852	0.017241	0.007389	0.004926	0.024631	0.061576	0.032020	0.024631	0.009852	0.034483	0.024631	0.009852	0.009852	0.004926	0.017241	0.007389	0.002463	0.002463	0.002463	0.007389	0.012315	0.027094	0.022167	0.014778	0.009852	0.032020	0.024631	0.004926	0.004926	0.029557	0.007389	0.012315	
0.007389	0.012315	0.009852	0.004926	0.012315	0.022167	0.014778	0.007389	0.004926	0.014778	0.012315	0.009852	0.002463	0.014778	0.009852	0.009852	0.022167	0.022167	0.017241	0.019704	0.022167	0.041872	0.091133	0.039409	0.029557	0.034483	0.032020	0.009852	0.007389	0.024631	0.017241	0.024631	0.014778	0.019704	0.017241	0.014778	0.032020	0.049261	0.039409	0.012315	0.024631	0.059113	0.012315	0.017241	0.002463	0.004926	0.012315	0.009852	0.009852	0.007389	0.002463	0.007389	0.012315	0.032020	0.012315	0.017241	0.017241	0.014778	0.007389	0.012315	0.004926	0.014778	0.009852	0.007389	
0.009852	0.029557	0.009852	0.004926	0.012315	0.022167	0.019704	0.007389	0.014778	0.019704	0.004926	0.007389	0.004926	0.022167	0.014778	0.004926	0.017241	0.022167	0.029557	0.009852	0.022167	0.044335	0.044335	0.034483	0.024631	0.059113	0.056650	0.017241	0.007389	0.017241	0.034483	0.017241	0.009852	0.027094	0.017241	0.022167	0.022167	0.046798	0.036946	0.017241	0.014778	0.032020	0.014778	0.002463	0.004926	0.014778	0.012315	0.017241	0.002463	0.007389	0.002463	0.004926	0.012315	0.012315	0.027094	0.007389	0.004926	0.019704	0.017241	0.007389	0.002463	0.024631	0.014778	0.009852	
0.007389	0.017241	0.012315	0.002463	0.036946	0.024631	0.012315	0.012315	0.012315	0.014778	0.019704	0.012315	0.002463	0.024631	0.009852	0.004926	0.024631	0.012315	0.017241	0.014778	0.022167	0.036946	0.041872	0.024631	0.034483	0.044335	0.036946	0.012315	0.002463	0.027094	0.022167	0.014778	0.014778	0.017241	0.014778	0.012315	0.022167	0.041872	0.039409	0.027094	0.017241	0.044335	0.019704	0.012315	0.002463	0.009852	0.009852	0.012315	0.004926	0.004926	0.004926	0.004926	0.012315	0.022167	0.024631	0.019704	0.027094	0.022167	0.017241	0.009852	0.002463	0.022167	0.009852	0.014778	
0.009852	0.009852	0.017241	0.014778	0.009852	0.014778	0.014778	0.012315	0.014778	0.019704	0.012315	0.002463	0.002463	0.019704	0.007389	0.004926	0.017241	0.014778	0.032020	0.029557	0.027094	0.024631	0.046798	0.027094	0.019704	0.051724	0.036946	0.009852	0.012315	0.019704	0.027094	0.024631	0.014778	0.034483	0.024631	0.017241	0.022167	0.041872	0.039409	0.022167	0.027094	0.036946	0.017241	0.012315	0.004926	0.024631	0.007389	0.009852	0.002463	0.002463	0.002463	0.002463	0.019704	0.024631	0.022167	0.017241	0.024631	0.009852	0.012315	0.004926	0.004926	0.019704	0.007389	0.014778	
0.009852	0.009852	0.019704	0.004926	0.022167	0.017241	0.014778	0.007389	0.014778	0.024631	0.029557	0.007389	0.007389	0.024631	0.024631	0.007389	0.017241	0.009852	0.029557	0.022167	0.014778	0.024631	0.034483	0.032020	0.024631	0.027094	0.061576	0.009852	0.004926	0.024631	0.036946	0.012315	0.027094	0.024631	0.014778	0.019704	0.039409	0.041872	0.029557	0.007389	0.019704	0.032020	0.019704	0.007389	0.002463	0.007389	0.012315	0.007389	0.007389	0.012315	0.002463	0.002463	0.027094	0.017241	0.022167	0.017241	0.014778	0.014778	0.007389	0.012315	0.002463	0.024631	0.014778	0.012315	
0.009852	0.024631	0.022167	0.004926	0.022167	0.014778	0.012315	0.007389	0.014778	0.014778	0.029557	0.007389	0.007389	0.022167	0.014778	0.004926	0.024631	0.022167	0.036946	0.019704	0.014778	0.024631	0.051724	0.009852	0.029557	0.039409	0.029557	0.002463	0.004926	0.017241	0.036946	0.004926	0.024631	0.017241	0.022167	0.009852	0.017241	0.024631	0.039409	0.017241	0.022167	0.046798	0.039409	0.009852	0.004926	0.009852	0.017241	0.004926	0.002463	0.002463	0.007389	0.004926	0.009852	0.029557	0.029557	0.012315	0.019704	0.029557	0.027094	0.012315	0.002463	0.014778	0.014778	0.007389	
0.012315	0.017241	0.024631	0.007389	0.017241	0.017241	0.022167	0.009852	0.024631	0.027094	0.029557	0.007389	0.004926	0.009852	0.014778	0.009852	0.014778	0.014778	0.029557	0.004926	0.012315	0.032020	0.029557	0.019704	0.039409	0.027094	0.059113	0.007389	0.004926	0.014778	0.024631	0.002463	0.032020	0.019704	0.024631	0.009852	0.024631	0.017241	0.059113	0.029557	0.041872	0.044335	0.032020	0.007389	0.009852	0.007389	0.009852	0.004926	0.004926	0.004926	0.004926	0.004926	0.022167	0.007389	0.022167	0.012315	0.029557	0.024631	0.017241	0.012315	0.002463	0.007389	0.009852	0.002463	
0.014778	0.007389	0.036946	0.004926	0.017241	0.014778	0.017241	0.007389	0.022167	0.012315	0.044335	0.004926	0.007389	0.004926	0.009852	0.004926	0.024631	0.012315	0.034483	0.004926	0.024631	0.009852	0.034483	0.004926	0.027094	0.029557	0.068966	0.007389	0.009852	0.019704	0.034483	0.007389	0.041872	0.012315	0.061576	0.019704	0.029557	0.029557	0.054187	0.009852	0.059113	0.044335	0.024631	0.009852	0.002463	0.012315	0.009852	0.009852	0.004926	0.002463	0.004926	0.009852	0.009852	0.009852	0.017241	0.002463	0.022167	0.012315	0.019704	0.004926	0.002463	0.009852	0.004926	0.002463	
0.029557	0.012315	0.041872	0.002463	0.009852	0.004926	0.014778	0.004926	0.027094	0.012315	0.093596	0.004926	0.007389	0.019704	0.007389	0.004926	0.019704	0.004926	0.046798	0.009852	0.007389	0.007389	0.041872	0.007389	0.022167	0.014778	0.073892	0.012315	0.009852	0.002463	0.007389	0.004926	0.051724	0.024631	0.049261	0.004926	0.034483	0.009852	0.029557	0.024631	0.064039	0.029557	0.051724	0.012315	0.004926	0.004926	0.014778	0.002463	0.002463	0.009852	0.007389	0.002463	0.009852	0.012315	0.012315	0.012315	0.022167	0.009852	0.024631	0.002463	0.004926	0.012315	0.002463	0.004926	
0.027094	0.007389	0.066502	0.002463	0.014778	0.012315	0.022167	0.002463	0.017241	0.017241	0.103448	0.007389	0.007389	0.004926	0.004926	0.002463	0.014778	0.009852	0.027094	0.009852	0.004926	0.007389	0.017241	0.004926	0.017241	0.014778	0.059113	0.007389	0.007389	0.012315	0.024631	0.004926	0.036946	0.007389	0.083744	0.007389	0.019704	0.024631	0.019704	0.002463	0.130542	0.032020	0.071429	0.009852	0.002463	0.009852	0.009852	0.009852	0.002463	0.004926	0.012315	0.007389	0.007389	0.012315	0.012315	0.007389	0.009852	0.004926	0.012315	0.004926	0.002463	0.007389	0.004926	0.002463	
0.012315	0.004926	0.059113	0.004926	0.009852	0.004926	0.009852	0.004926	0.019704	0.017241	0.145320	0.007389	0.002463	0.007389	0.009852	0.007389	0.004926	0.002463	0.029557	0.009852	0.009852	0.007389	0.032020	0.007389	0.014778	0.009852	0.041872	0.004926	0.002463	0.002463	0.009852	0.002463	0.014778	0.014778	0.133005	0.012315	0.012315	0.027094	0.022167	0.007389	0.150246	0.017241	0.068966	0.009852	0.002463	0.007389	0.017241	0.002463	0.002463	0.002463	0.012315	0.002463	0.009852	0.012315	0.009852	0.002463	0.014778	0.007389	0.017241	0.004926	0.004926	0.009852	0.002463	0.002463	
0.007389	0.004926	0.019704	0.002463	0.002463	0.012315	0.007389	0.002463	0.046798	0.019704	0.152709	0.014778	0.002463	0.009852	0.012315	0.004926	0.009852	0.004926	0.017241	0.009852	0.004926	0.009852	0.029557	0.007389	0.022167	0.017241	0.029557	0.004926	0.002463	0.002463	0.014778	0.002463	0.017241	0.024631	0.142857	0.014778	0.009852	0.012315	0.014778	0.014778	0.150246	0.032020	0.059113	0.032020	0.004926	0.009852	0.009852	0.002463	0.004926	0.002463	0.002463	0.002463	0.007389	0.004926	0.007389	0.007389	0.014778	0.009852	0.009852	0.004926	0.002463	0.002463	0.007389	0.002463	
0.009852	0.012315	0.007389	0.009852	0.004926	0.014778	0.009852	0.007389	0.027094	0.044335	0.098522	0.012315	0.002463	0.017241	0.007389	0.002463	0.007389	0.002463	0.004926	0.009852	0.004926	0.004926	0.019704	0.009852	0.017241	0.027094	0.007389	0.007389	0.002463	0.009852	0.009852	0.009852	0.032020	0.036946	0.133005	0.032020	0.014778	0.019704	0.019704	0.024631	0.093596	0.071429	0.056650	0.029557	0.007389	0.019704	0.007389	0.022167	0.004926	0.002463	0.002463	0.002463	0.004926	0.004926	0.009852	0.004926	0.017241	0.009852	0.007389	0.009852	0.002463	0.002463	0.002463	0.004926	
0.012315	0.009852	0.022167	0.009852	0.019704	0.007389	0.014778	0.012315	0.049261	0.017241	0.073892	0.007389	0.004926	0.022167	0.019704	0.007389	0.012315	0.004926	0.007389	0.004926	0.009852	0.009852	0.007389	0.017241	0.007389	0.029557	0.019704	0.002463	0.004926	0.017241	0.019704	0.004926	0.032020	0.059113	0.056650	0.007389	0.034483	0.041872	0.054187	0.022167	0.051724	0.049261	0.044335	0.024631	0.009852	0.014778	0.022167	0.012315	0.004926	0.002463	0.002463	0.004926	0.004926	0.012315	0.022167	0.009852	0.014778	0.007389	0.002463	0.002463	0.004926	0.019704	0.002463	0.012315	
0.012315	0.019704	0.022167	0.007389	0.017241	0.034483	0.014778	0.009852	0.034483	0.017241	0.032020	0.004926	0.004926	0.009852	0.007389	0.004926	0.012315	0.022167	0.019704	0.014778	0.007389	0.029557	0.019704	0.014778	0.017241	0.022167	0.051724	0.007389	0.009852	0.007389	0.032020	0.012315	0.019704	0.039409	0.041872	0.022167	0.029557	0.027094	0.034483	0.012315	0.041872	0.046798	0.029557	0.022167	0.002463	0.012315	0.019704	0.002463	0.007389	0.009852	0.002463	0.004926	0.017241	0.024631	0.019704	0.012315	0.019704	0.007389	0.019704	0.017241	0.004926	0.012315	0.012315	0.007389	
0.012315	0.009852	0.024631	0.004926	0.017241	0.036946	0.022167	0.014778	0.034483	0.022167	0.019704	0.009852	0.004926	0.027094	0.004926	0.012315	0.009852	0.012315	0.039409	0.009852	0.017241	0.029557	0.046798	0.022167	0.022167	0.034483	0.027094	0.004926	0.007389	0.012315	0.014778	0.014778	0.022167	0.027094	0.027094	0.036946	0.019704	0.024631	0.022167	0.027094	0.019704	0.066502	0.019704	0.027094	0.002463	0.029557	0.014778	0.004926	0.009852	0.002463	0.007389	0.002463	0.014778	0.009852	0.009852	0.007389	0.029557	0.019704	0.012315	0.009852	0.002463	0.009852	0.009852	0.004926	
0.014778	0.017241	0.012315	0.009852	0.004926	0.022167	0.022167	0.002463	0.036946	0.027094	0.029557	0.004926	0.007389	0.029557	0.012315	0.004926	0.007389	0.022167	0.029557	0.009852	0.022167	0.029557	0.036946	0.012315	0.017241	0.029557	0.046798	0.007389	0.007389	0.014778	0.036946	0.012315	0.024631	0.027094	0.036946	0.017241	0.019704	0.039409	0.073892	0.009852	0.014778	0.032020	0.022167	0.009852	0.009852	0.022167	0.012315	0.007389	0.004926	0.007389	0.002463	0.002463	0.009852	0.029557	0.029557	0.009852	0.014778	0.012315	0.012315	0.004926	0.007389	0.012315	0.007389	0.009852	
0.007389	0.017241	0.022167	0.004926	0.009852	0.039409	0.014778	0.009852	0.027094	0.024631	0.024631	0.004926	0.004926	0.022167	0.004926	0.007389	0.014778	0.012315	0.019704	0.009852	0.017241	0.044335	0.034483	0.024631	0.032020	0.059113	0.044335	0.027094	0.007389	0.014778	0.004926	0.007389	0.014778	0.034483	0.017241	0.017241	0.014778	0.039409	0.039409	0.007389	0.029557	0.049261	0.019704	0.012315	0.002463	0.012315	0.007389	0.004926	0.004926	0.002463	0.014778	0.009852	0.014778	0.032020	0.009852	0.022167	0.027094	0.019704	0.014778	0.007389	0.004926	0.012315	0.007389	0.009852	
0.012315	0.007389	0.017241	0.004926	0.007389	0.041872	0.012315	0.004926	0.027094	0.027094	0.014778	0.004926	0.007389	0.024631	0.007389	0.002463	0.004926	0.012315	0.032020	0.007389	0.007389	0.093596	0.044335	0.009852	0.012315	0.054187	0.027094	0.004926	0.007389	0.014778	0.034483	0.007389	0.009852	0.068966	0.027094	0.009852	0.007389	0.103448	0.029557	0.012315	0.022167	0.068966	0.004926	0.007389	0.002463	0.027094	0.017241	0.004926	0.004926	0.007389	0.004926	0.002463	0.009852	0.036946	0.012315	0.002463	0.009852	0.007389	0.002463	0.004926	0.004926	0.017241	0.004926	0.002463	
0.019704	0.002463	0.004926	0.004926	0.081281	0.002463	0.004926	0.007389	0.061576	0.002463	0.012315	0.004926	0.017241	0.002463	0.002463	0.002463	0.024631	0.002463	0.002463	0.002463	0.233990	0.002463	0.019704	0.019704	0.081281	0.002463	0.012315	0.002463	0.014778	0.002463	0.009852	0.002463	0.056650	0.002463	0.007389	0.004926	0.135468	0.002463	0.014778	0.004926	0.034483	0.002463	0.007389	0.004926	0.012315	0.002463	0.004926	0.002463	0.014778	0.002463	0.002463	0.002463	0.051724	0.002463	0.017241	0.012315	0.054187	0.002463	0.004926	0.002463	0.007389	0.002463	0.002463	0.004926	
0.002463	0.002463	0.002463	0.108374	0.002463	0.002463	0.002463	0.002463	0.002463	0.002463	0.002463	0.009852	0.002463	0.002463	0.002463	0.007389	0.002463	0.002463	0.002463	0.495074	0.002463	0.002463	0.002463	0.002463	0.002463	0.002463	0.002463	0.049261	0.002463	0.002463	0.002463	0.036946	0.002463	0.002463	0.002463	0.224138	0.002463	0.002463	0.002463	0.002463	0.002463	0.002463	0.002463	0.029557	0.002463	0.002463	0.002463	0.007389	0.002463	0.002463	0.002463	0.044335	0.002463	0.002463	0.002463	0.002463	0.002463	0.002463	0.002463	0.012315	0.002463	0.002463	0.002463	0.004926	
0.002463	0.002463	0.002463	0.002463	0.002463	0.002463	0.002463	0.002463	0.002463	0.002463	0.002463	0.002463	0.002463	0.002463	0.864532	0.002463	0.002463	0.002463	0.002463	0.002463	0.002463	0.002463	0.002463	0.002463	0.002463	0.002463	0.002463	0.002463	0.002463	0.002463	0.002463	0.002463	0.002463	0.002463	0.002463	0.002463	0.002463	0.002463	0.002463	0.002463	0.002463	0.002463	0.002463	0.002463	0.002463	0.002463	0.093596	0.002463	0.002463	0.002463	0.002463	0.002463	0.002463	0.002463	0.002463	0.002463	0.002463	0.002463	0.002463	0.002463	0.002463	0.002463	0.049261	0.002463	
0.002463	0.002463	0.002463	0.002463	0.002463	0.002463	0.002463	0.002463	0.002463	0.002463	0.002463	0.002463	0.002463	0.002463	0.002463	0.002463	0.002463	0.002463	0.002463	0.002463	0.002463	0.002463	0.002463	0.002463	0.002463	0.002463	0.002463	0.002463	0.002463	0.002463	0.002463	0.002463	0.002463	0.002463	0.002463	0.002463	0.002463	0.002463	0.002463	0.002463	0.002463	0.002463	0.002463	0.002463	0.002463	0.002463	0.002463	0.002463	0.002463	0.002463	0.002463	0.002463	0.002463	0.002463	0.002463	0.002463	0.453202	0.199507	0.275862	0.081281	0.002463	0.002463	0.002463	0.002463	
0.002463	0.002463	0.002463	0.002463	0.002463	0.002463	0.002463	0.002463	0.002463	0.002463	0.002463	0.002463	0.002463	0.002463	0.002463	0.002463	0.002463	0.002463	0.002463	0.002463	0.002463	0.002463	0.002463	0.002463	0.002463	0.002463	0.002463	0.002463	0.002463	0.002463	0.002463	0.002463	0.093596	0.182266	0.110837	0.073892	0.034483	0.076355	0.059113	0.036946	0.091133	0.145320	0.027094	0.019704	0.004926	0.061576	0.012315	0.009852	0.002463	0.002463	0.002463	0.002463	0.002463	0.002463	0.002463	0.002463	0.002463	0.002463	0.002463	0.002463	0.002463	0.002463	0.002463	0.002463	
0.019704	0.024631	0.051724	0.004926	0.009852	0.133005	0.039409	0.007389	0.017241	0.081281	0.009852	0.009852	0.004926	0.046798	0.027094	0.002463	0.007389	0.007389	0.017241	0.009852	0.007389	0.022167	0.044335	0.009852	0.012315	0.034483	0.009852	0.009852	0.002463	0.012315	0.017241	0.012315	0.014778	0.041872	0.022167	0.019704	0.027094	0.051724	0.044335	0.029557	0.009852	0.014778	0.007389	0.002463	0.002463	0.007389	0.012315	0.004926	0.002463	0.002463	0.002463	0.004926	0.004926	0.039409	0.022167	0.002463	0.002463	0.009852	0.004926	0.002463	0.002463	0.009852	0.002463	0.002463	
0.012315	0.017241	0.007389	0.007389	0.017241	0.017241	0.036946	0.004926	0.032020	0.024631	0.024631	0.012315	0.007389	0.012315	0.009852	0.009852	0.009852	0.014778	0.014778	0.009852	0.061576	0.073892	0.088670	0.022167	0.041872	0.049261	0.051724	0.007389	0.012315	0.009852	0.022167	0.004926	0.007389	0.017241	0.007389	0.009852	0.032020	0.039409	0.044335	0.024631	0.009852	0.009852	0.007389	0.004926	0.004926	0.004926	0.002463	0.012315	0.002463	0.002463	0.004926	0.002463	0.007389	0.024631	0.036946	0.007389	0.022167	0.024631	0.009852	0.002463	0.004926	0.007389	0.007389	0.002463	
0.007389	0.009852	0.007389	0.007389	0.009852	0.009852	0.014778	0.017241	0.009852	0.007389	0.012315	0.004926	0.002463	0.007389	0.007389	0.012315	0.029557	0.022167	0.036946	0.029557	0.024631	0.027094	0.059113	0.044335	0.096059	0.056650	0.032020	0.022167	0.012315	0.027094	0.007389	0.012315	0.032020	0.022167	0.014778	0.036946	0.027094	0.014778	0.024631	0.041872	0.041872	0.024631	0.019704	0.007389	0.004926	0.009852	0.002463	0.009852	0.012315	0.004926	0.007389	0.004926	0.004926	0.012315	0.007389	0.009852	0.027094	0.007389	0.004926	0.002463	0.007389	0.012315	0.004926	0.004926	
0.019704	0.019704	0.034483	0.007389	0.004926	0.032020	0.019704	0.002463	0.017241	0.024631	0.019704	0.004926	0.009852	0.044335	0.019704	0.004926	0.009852	0.007389	0.034483	0.014778	0.009852	0.022167	0.024631	0.007389	0.019704	0.051724	0.022167	0.012315	0.004926	0.049261	0.044335	0.014778	0.024631	0.056650	0.054187	0.039409	0.012315	0.049261	0.022167	0.012315	0.014778	0.027094	0.022167	0.004926	0.002463	0.012315	0.009852	0.012315	0.002463	0.007389	0.002463	0.014778	0.009852	0.014778	0.022167	0.009852	0.002463	0.004926	0.012315	0.002463	0.002463	0.024631	0.007389	0.004926	
0.012315	0.017241	0.022167	0.004926	0.024631	0.027094	0.029557	0.009852	0.049261	0.034483	0.027094	0.014778	0.004926	0.036946	0.017241	0.017241	0.007389	0.012315	0.009852	0.007389	0.014778	0.022167	0.061576	0.019704	0.034483	0.027094	0.022167	0.004926	0.004926	0.007389	0.012315	0.007389	0.012315	0.022167	0.009852	0.009852	0.034483	0.017241	0.039409	0.017241	0.019704	0.029557	0.022167	0.004926	0.002463	0.009852	0.002463	0.009852	0.002463	0.009852	0.002463	0.004926	0.034483	0.036946	0.044335	0.014778	0.022167	0.039409	0.017241	0.002463	0.004926	0.019704	0.004926	0.007389	
0.004926	0.014778	0.004926	0.009852	0.007389	0.017241	0.014778	0.022167	0.009852	0.017241	0.012315	0.004926	0.002463	0.012315	0.002463	0.009852	0.024631	0.029557	0.024631	0.029557	0.019704	0.017241	0.036946	0.029557	0.083744	0.044335	0.027094	0.019704	0.017241	0.017241	0.009852	0.017241	0.027094	0.029557	0.017241	0.051724	0.017241	0.034483	0.027094	0.051724	0.027094	0.032020	0.009852	0.019704	0.004926	0.007389	0.007389	0.007389	0.002463	0.007389	0.002463	0.004926	0.019704	0.012315	0.012315	0.029557	0.012315	0.009852	0.004926	0.009852	0.004926	0.012315	0.004926	0.019704	
0.007389	0.017241	0.029557	0.004926	0.004926	0.036946	0.029557	0.009852	0.014778	0.017241	0.012315	0.004926	0.002463	0.051724	0.034483	0.007389	0.009852	0.014778	0.032020	0.007389	0.007389	0.041872	0.027094	0.004926	0.014778	0.029557	0.019704	0.027094	0.004926	0.059113	0.032020	0.036946	0.009852	0.054187	0.041872	0.027094	0.014778	0.044335	0.034483	0.009852	0.007389	0.024631	0.014778	0.007389	0.004926	0.032020	0.007389	0.009852	0.002463	0.012315	0.002463	0.012315	0.002463	0.022167	0.017241	0.007389	0.002463	0.007389	0.009852	0.004926	0.004926	0.022167	0.012315	0.014778	
0.007389	0.009852	0.004926	0.007389	0.034483	0.022167	0.024631	0.017241	0.051724	0.022167	0.027094	0.004926	0.004926	0.029557	0.009852	0.007389	0.002463	0.004926	0.014778	0.007389	0.036946	0.041872	0.049261	0.017241	0.034483	0.039409	0.029557	0.004926	0.002463	0.014778	0.004926	0.009852	0.007389	0.012315	0.009852	0.009852	0.032020	0.017241	0.019704	0.009852	0.024631	0.012315	0.012315	0.007389	0.002463	0.022167	0.012315	0.007389	0.002463	0.009852	0.002463	0.002463	0.036946	0.044335	0.044335	0.039409	0.017241	0.041872	0.017241	0.009852	0.002463	0.041872	0.012315	0.012315	
0.004926	0.007389	0.004926	0.002463	0.012315	0.012315	0.007389	0.004926	0.009852	0.007389	0.007389	0.007389	0.004926	0.012315	0.007389	0.002463	0.017241	0.056650	0.022167	0.044335	0.019704	0.019704	0.032020	0.054187	0.034483	0.054187	0.024631	0.024631	0.014778	0.014778	0.012315	0.041872	0.024631	0.034483	0.017241	0.051724	0.022167	0.009852	0.039409	0.044335	0.022167	0.032020	0.017241	0.014778	0.002463	0.014778	0.002463	0.007389	0.002463	0.004926	0.002463	0.002463	0.017241	0.036946	0.012315	0.041872	0.012315	0.009852	0.009852	0.007389	0.002463	0.022167	0.004926	0.007389	
0.009852	0.012315	0.022167	0.004926	0.014778	0.044335	0.036946	0.007389	0.009852	0.022167	0.007389	0.007389	0.007389	0.061576	0.027094	0.004926	0.012315	0.019704	0.017241	0.022167	0.004926	0.034483	0.022167	0.017241	0.004926	0.051724	0.024631	0.009852	0.007389	0.071429	0.054187	0.012315	0.012315	0.036946	0.017241	0.012315	0.012315	0.046798	0.032020	0.012315	0.017241	0.027094	0.012315	0.002463	0.002463	0.022167	0.022167	0.007389	0.002463	0.007389	0.002463	0.012315	0.007389	0.032020	0.014778	0.009852	0.002463	0.012315	0.009852	0.002463	0.002463	0.044335	0.007389	0.004926	
0.007389	0.017241	0.009852	0.002463	0.012315	0.029557	0.032020	0.002463	0.007389	0.019704	0.024631	0.007389	0.004926	0.017241	0.012315	0.017241	0.012315	0.007389	0.014778	0.004926	0.022167	0.046798	0.068966	0.019704	0.036946	0.032020	0.029557	0.007389	0.009852	0.019704	0.007389	0.009852	0.002463	0.014778	0.012315	0.004926	0.029557	0.036946	0.029557	0.017241	0.009852	0.022167	0.017241	0.004926	0.002463	0.009852	0.007389	0.002463	0.004926	0.004926	0.002463	0.007389	0.049261	0.049261	0.078818	0.022167	0.032020	0.029557	0.036946	0.012315	0.002463	0.007389	0.007389	0.012315	
0.004926	0.009852	0.004926	0.007389	0.007389	0.004926	0.009852	0.022167	0.007389	0.014778	0.009852	0.007389	0.002463	0.007389	0.004926	0.004926	0.019704	0.034483	0.014778	0.044335	0.017241	0.036946	0.041872	0.066502	0.064039	0.066502	0.036946	0.041872	0.019704	0.014778	0.012315	0.014778	0.027094	0.019704	0.012315	0.027094	0.022167	0.017241	0.027094	0.036946	0.029557	0.032020	0.029557	0.017241	0.002463	0.012315	0.002463	0.014778	0.002463	0.004926	0.002463	0.009852	0.007389	0.022167	0.007389	0.017241	0.009852	0.014778	0.002463	0.007389	0.007389	0.017241	0.009852	0.007389	
0.009852	0.022167	0.017241	0.004926	0.007389	0.034483	0.019704	0.007389	0.012315	0.017241	0.002463	0.002463	0.009852	0.061576	0.014778	0.002463	0.004926	0.022167	0.022167	0.004926	0.004926	0.044335	0.022167	0.009852	0.007389	0.044335	0.027094	0.007389	0.007389	0.064039	0.044335	0.027094	0.027094	0.022167	0.027094	0.034483	0.019704	0.064039	0.034483	0.009852	0.014778	0.034483	0.017241	0.012315	0.007389	0.027094	0.029557	0.009852	0.002463	0.014778	0.002463	0.012315	0.007389	0.019704	0.019704	0.004926	0.002463	0.014778	0.009852	0.002463	0.004926	0.029557	0.002463	0.004926	
0.012315	0.012315	0.012315	0.007389	0.024631	0.029557	0.014778	0.012315	0.022167	0.022167	0.019704	0.004926	0.009852	0.027094	0.012315	0.007389	0.007389	0.014778	0.014778	0.002463	0.039409	0.054187	0.059113	0.009852	0.019704	0.044335	0.022167	0.009852	0.002463	0.014778	0.009852	0.004926	0.014778	0.007389	0.012315	0.002463	0.034483	0.029557	0.024631	0.022167	0.014778	0.017241	0.014778	0.009852	0.004926	0.012315	0.004926	0.002463	0.004926	0.009852	0.007389	0.007389	0.049261	0.041872	0.068966	0.022167	0.036946	0.022167	0.019704	0.012315	0.002463	0.022167	0.014778	0.004926	
0.007389	0.009852	0.007389	0.014778	0.004926	0.022167	0.007389	0.009852	0.014778	0.014778	0.012315	0.004926	0.002463	0.004926	0.002463	0.009852	0.029557	0.024631	0.027094	0.066502	0.019704	0.024631	0.051724	0.059113	0.064039	0.056650	0.027094	0.019704	0.012315	0.012315	0.014778	0.027094	0.024631	0.024631	0.017241	0.027094	0.017241	0.029557	0.024631	0.034483	0.029557	0.024631	0.009852	0.012315	0.004926	0.019704	0.004926	0.007389	0.002463	0.007389	0.002463	0.007389	0.007389	0.009852	0.012315	0.046798	0.004926	0.012315	0.014778	0.009852	0.004926	0.004926	0.002463	0.007389	
0.004926	0.022167	0.032020	0.004926	0.007389	0.041872	0.014778	0.002463	0.004926	0.029557	0.012315	0.007389	0.004926	0.071429	0.029557	0.009852	0.004926	0.009852	0.014778	0.019704	0.012315	0.034483	0.027094	0.012315	0.007389	0.051724	0.027094	0.009852	0.004926	0.071429	0.056650	0.017241	0.012315	0.044335	0.032020	0.024631	0.007389	0.054187	0.036946	0.009852	0.009852	0.034483	0.017241	0.002463	0.002463	0.024631	0.012315	0.007389	0.002463	0.012315	0.002463	0.007389	0.007389	0.019704	0.012315	0.002463	0.002463	0.014778	0.004926	0.002463	0.002463	0.034483	0.004926	0.009852	
0.004926	0.009852	0.004926	0.004926	0.032020	0.022167	0.032020	0.002463	0.024631	0.022167	0.029557	0.004926	0.007389	0.032020	0.012315	0.004926	0.007389	0.007389	0.014778	0.004926	0.029557	0.054187	0.044335	0.022167	0.014778	0.049261	0.019704	0.007389	0.002463	0.007389	0.009852	0.007389	0.012315	0.002463	0.002463	0.007389	0.041872	0.044335	0.034483	0.009852	0.017241	0.027094	0.014778	0.002463	0.004926	0.007389	0.004926	0.004926	0.004926	0.004926	0.002463	0.002463	0.051724	0.066502	0.064039	0.019704	0.027094	0.022167	0.041872	0.012315	0.004926	0.027094	0.009852	0.002463	
0.007389	0.007389	0.002463	0.012315	0.007389	0.004926	0.002463	0.009852	0.007389	0.004926	0.009852	0.002463	0.002463	0.007389	0.007389	0.002463	0.061576	0.027094	0.019704	0.046798	0.024631	0.046798	0.061576	0.054187	0.071429	0.046798	0.032020	0.024631	0.007389	0.017241	0.012315	0.017241	0.017241	0.027094	0.009852	0.029557	0.014778	0.029557	0.027094	0.049261	0.017241	0.046798	0.024631	0.017241	0.007389	0.009852	0.002463	0.007389	0.007389	0.002463	0.002463	0.007389	0.002463	0.032020	0.009852	0.029557	0.007389	0.017241	0.002463	0.009852	0.002463	0.007389	0.002463	0.007389	
0.009852	0.044335	0.032020	0.007389	0.004926	0.044335	0.012315	0.002463	0.007389	0.004926	0.017241	0.004926	0.007389	0.054187	0.024631	0.009852	0.009852	0.009852	0.024631	0.004926	0.004926	0.061576	0.036946	0.009852	0.017241	0.041872	0.029557	0.012315	0.004926	0.061576	0.049261	0.027094	0.017241	0.046798	0.024631	0.014778	0.012315	0.051724	0.041872	0.009852	0.014778	0.024631	0.019704	0.009852	0.004926	0.017241	0.022167	0.009852	0.002463	0.004926	0.002463	0.009852	0.004926	0.014778	0.017241	0.004926	0.002463	0.007389	0.009852	0.004926	0.002463	0.022167	0.002463	0.007389	
0.007389	0.012315	0.012315	0.007389	0.022167	0.022167	0.046798	0.014778	0.024631	0.027094	0.027094	0.004926	0.004926	0.014778	0.009852	0.007389	0.004926	0.002463	0.012315	0.007389	0.022167	0.049261	0.078818	0.022167	0.019704	0.061576	0.022167	0.004926	0.002463	0.009852	0.007389	0.007389	0.012315	0.007389	0.012315	0.009852	0.019704	0.032020	0.014778	0.012315	0.012315	0.029557	0.024631	0.009852	0.004926	0.009852	0.009852	0.007389	0.004926	0.004926	0.007389	0.002463	0.024631	0.036946	0.066502	0.027094	0.036946	0.027094	0.024631	0.009852	0.002463	0.017241	0.022167	0.012315	
0.007389	0.009852	0.004926	0.007389	0.007389	0.009852	0.004926	0.004926	0.022167	0.002463	0.012315	0.007389	0.002463	0.012315	0.004926	0.007389	0.022167	0.019704	0.019704	0.027094	0.014778	0.034483	0.046798	0.044335	0.059113	0.071429	0.049261	0.027094	0.007389	0.012315	0.017241	0.039409	0.014778	0.027094	0.012315	0.039409	0.017241	0.041872	0.032020	0.054187	0.022167	0.039409	0.017241	0.019704	0.002463	0.012315	0.002463	0.012315	0.002463	0.004926	0.002463	0.004926	0.007389	0.014778	0.004926	0.024631	0.009852	0.024631	0.004926	0.009852	0.004926	0.017241	0.004926	0.007389	
0.004926	0.017241	0.022167	0.002463	0.002463	0.032020	0.024631	0.002463	0.004926	0.024631	0.007389	0.002463	0.002463	0.061576	0.009852	0.004926	0.007389	0.017241	0.014778	0.007389	0.004926	0.036946	0.049261	0.009852	0.007389	0.044335	0.029557	0.007389	0.002463	0.054187	0.049261	0.022167	0.012315	0.036946	0.041872	0.022167	0.004926	0.068966	0.049261	0.014778	0.004926	0.051724	0.017241	0.009852	0.002463	0.034483	0.022167	0.004926	0.002463	0.004926	0.002463	0.007389	0.002463	0.019704	0.022167	0.009852	0.002463	0.009852	0.012315	0.004926	0.002463	0.049261	0.007389	0.007389	
0.002463	0.012315	0.009852	0.002463	0.014778	0.017241	0.029557	0.014778	0.012315	0.024631	0.036946	0.007389	0.007389	0.014778	0.012315	0.004926	0.002463	0.004926	0.004926	0.002463	0.024631	0.036946	0.081281	0.014778	0.024631	0.068966	0.041872	0.009852	0.002463	0.009852	0.019704	0.004926	0.007389	0.004926	0.004926	0.002463	0.032020	0.039409	0.049261	0.009852	0.009852	0.029557	0.022167	0.004926	0.002463	0.012315	0.007389	0.002463	0.002463	0.002463	0.002463	0.002463	0.032020	0.046798	0.081281	0.039409	0.012315	0.039409	0.029557	0.007389	0.002463	0.012315	0.017241	0.007389	
0.004926	0.002463	0.002463	0.004926	0.002463	0.002463	0.004926	0.014778	0.007389	0.002463	0.007389	0.004926	0.002463	0.002463	0.002463	0.002463	0.017241	0.027094	0.027094	0.032020	0.017241	0.024631	0.044335	0.054187	0.054187	0.098522	0.066502	0.022167	0.009852	0.019704	0.014778	0.034483	0.017241	0.014778	0.007389	0.019704	0.022167	0.049261	0.027094	0.064039	0.022167	0.056650	0.019704	0.032020	0.004926	0.009852	0.002463	0.012315	0.002463	0.004926	0.002463	0.004926	0.004926	0.014778	0.007389	0.022167	0.007389	0.036946	0.007389	0.004926	0.002463	0.009852	0.002463	0.004926	
0.004926	0.014778	0.014778	0.007389	0.009852	0.019704	0.012315	0.007389	0.004926	0.019704	0.009852	0.004926	0.004926	0.036946	0.017241	0.002463	0.002463	0.012315	0.024631	0.007389	0.004926	0.036946	0.036946	0.012315	0.002463	0.054187	0.022167	0.004926	0.002463	0.049261	0.081281	0.022167	0.024631	0.024631	0.027094	0.014778	0.009852	0.110837	0.059113	0.014778	0.019704	0.054187	0.017241	0.009852	0.002463	0.017241	0.039409	0.004926	0.002463	0.009852	0.002463	0.004926	0.004926	0.017241	0.012315	0.007389	0.002463	0.007389	0.009852	0.002463	0.002463	0.039409	0.007389	0.004926	
0.007389	0.009852	0.012315	0.004926	0.009852	0.014778	0.027094	0.009852	0.009852	0.017241	0.034483	0.007389	0.002463	0.017241	0.009852	0.004926	0.002463	0.007389	0.014778	0.004926	0.014778	0.056650	0.091133	0.022167	0.014778	0.054187	0.039409	0.012315	0.004926	0.007389	0.019704	0.009852	0.014778	0.004926	0.004926	0.004926	0.022167	0.036946	0.064039	0.012315	0.012315	0.019704	0.014778	0.012315	0.002463	0.004926	0.009852	0.004926	0.002463	0.002463	0.004926	0.002463	0.017241	0.029557	0.071429	0.024631	0.039409	0.054187	0.041872	0.009852	0.002463	0.014778	0.009852	0.007389	
0.002463	0.012315	0.007389	0.004926	0.004926	0.004926	0.009852	0.004926	0.007389	0.009852	0.009852	0.009852	0.002463	0.004926	0.004926	0.004926	0.009852	0.017241	0.009852	0.027094	0.032020	0.024631	0.046798	0.034483	0.066502	0.091133	0.054187	0.041872	0.009852	0.024631	0.019704	0.014778	0.019704	0.012315	0.017241	0.027094	0.027094	0.019704	0.041872	0.056650	0.022167	0.071429	0.014778	0.022167	0.002463	0.012315	0.007389	0.019704	0.002463	0.004926	0.002463	0.002463	0.007389	0.012315	0.004926	0.019704	0.019704	0.017241	0.009852	0.002463	0.002463	0.012315	0.004926	0.007389	
0.002463	0.007389	0.019704	0.004926	0.002463	0.022167	0.019704	0.002463	0.007389	0.019704	0.007389	0.002463	0.002463	0.036946	0.012315	0.009852	0.012315	0.014778	0.034483	0.009852	0.002463	0.029557	0.024631	0.004926	0.009852	0.054187	0.036946	0.002463	0.002463	0.039409	0.061576	0.012315	0.019704	0.044335	0.029557	0.022167	0.027094	0.066502	0.083744	0.012315	0.014778	0.046798	0.017241	0.009852	0.007389	0.036946	0.029557	0.002463	0.002463	0.004926	0.002463	0.007389	0.002463	0.012315	0.034483	0.004926	0.002463	0.017241	0.014778	0.002463	0.004926	0.029557	0.007389	0.004926	
