>NC_003454
0.000907	0.000907	0.000907	0.000907	0.000907	0.000907	0.000907	0.000907	0.000907	0.000907	0.000907	0.000907	0.000907	0.000907	0.000907	0.000907	0.000907	0.000907	0.000907	0.000907	0.000907	0.000907	0.000907	0.000907	0.000907	0.000907	0.000907	0.000907	0.188577	0.000907	0.000907	0.000907	0.000907	0.000907	0.000907	0.000907	0.000907	0.000907	0.000907	0.000907	0.000907	0.000907	0.000907	0.000907	0.000907	0.000907	0.000907	0.000907	0.000907	0.000907	0.000907	0.000907	0.087942	0.000907	0.000907	0.000907	0.000907	0.000907	0.000907	0.000907	0.726201	0.000907	0.000907	0.000907	
0.000907	0.000907	0.000907	0.000907	0.000907	0.000907	0.000907	0.000907	0.000907	0.000907	0.000907	0.000907	0.000907	0.000907	0.000907	0.000907	0.017226	0.013599	0.007253	0.052584	0.000907	0.000907	0.000907	0.000907	0.000907	0.000907	0.000907	0.000907	0.000907	0.000907	0.000907	0.000907	0.000907	0.000907	0.000907	0.000907	0.000907	0.000907	0.000907	0.000907	0.000907	0.000907	0.000907	0.000907	0.000907	0.000907	0.000907	0.000907	0.272892	0.106981	0.076156	0.460562	0.000907	0.000907	0.000907	0.000907	0.000907	0.000907	0.000907	0.000907	0.000907	0.000907	0.000907	0.000907	
0.108794	0.026292	0.019946	0.136899	0.036265	0.025385	0.000907	0.059837	0.041704	0.009066	0.004533	0.029918	0.117860	0.052584	0.015413	0.329102	0.000907	0.000907	0.000907	0.000907	0.000907	0.000907	0.000907	0.000907	0.000907	0.000907	0.000907	0.000907	0.000907	0.000907	0.000907	0.000907	0.000907	0.000907	0.000907	0.000907	0.000907	0.000907	0.000907	0.000907	0.000907	0.000907	0.000907	0.000907	0.000907	0.000907	0.000907	0.000907	0.000907	0.000907	0.000907	0.000907	0.000907	0.000907	0.000907	0.000907	0.000907	0.000907	0.000907	0.000907	0.000907	0.000907	0.000907	0.000907	
0.058930	0.010879	0.007253	0.034451	0.007253	0.004533	0.002720	0.014506	0.007253	0.011786	0.002720	0.000907	0.034451	0.041704	0.003626	0.059837	0.007253	0.006346	0.000907	0.024479	0.010879	0.005440	0.001813	0.009973	0.000907	0.000907	0.000907	0.000907	0.000907	0.027199	0.003626	0.030825	0.025385	0.003626	0.002720	0.012693	0.000907	0.001813	0.000907	0.008160	0.000907	0.002720	0.002720	0.000907	0.008160	0.010879	0.001813	0.011786	0.038078	0.021759	0.012693	0.048051	0.000907	0.019039	0.000907	0.034451	0.005440	0.009973	0.000907	0.001813	0.000907	0.065277	0.021759	0.243880	
0.046238	0.007253	0.011786	0.064370	0.018132	0.003626	0.000907	0.019946	0.007253	0.004533	0.002720	0.009066	0.045331	0.009973	0.002720	0.061650	0.008160	0.003626	0.001813	0.006346	0.009973	0.002720	0.001813	0.016319	0.001813	0.001813	0.000907	0.001813	0.018132	0.007253	0.002720	0.038985	0.005440	0.003626	0.000907	0.004533	0.006346	0.002720	0.002720	0.013599	0.001813	0.001813	0.000907	0.002720	0.000907	0.000907	0.000907	0.001813	0.018132	0.003626	0.002720	0.019946	0.049864	0.030825	0.000907	0.063463	0.008160	0.003626	0.001813	0.017226	0.086129	0.029918	0.020852	0.209429	
0.023572	0.005440	0.015413	0.033545	0.005440	0.005440	0.000907	0.006346	0.006346	0.005440	0.000907	0.004533	0.038078	0.007253	0.009066	0.040798	0.023572	0.011786	0.011786	0.037171	0.014506	0.005440	0.000907	0.019039	0.001813	0.000907	0.000907	0.002720	0.029012	0.022665	0.012693	0.048957	0.004533	0.003626	0.005440	0.005440	0.004533	0.001813	0.000907	0.004533	0.000907	0.000907	0.002720	0.001813	0.009973	0.002720	0.002720	0.015413	0.041704	0.012693	0.019946	0.076156	0.013599	0.006346	0.000907	0.027199	0.008160	0.007253	0.000907	0.010879	0.083409	0.041704	0.033545	0.153218	
0.038985	0.016319	0.009066	0.029012	0.003626	0.007253	0.001813	0.020852	0.013599	0.014506	0.008160	0.016319	0.030825	0.037171	0.007253	0.077063	0.015413	0.009973	0.002720	0.009973	0.004533	0.006346	0.000907	0.007253	0.000907	0.000907	0.000907	0.000907	0.000907	0.024479	0.002720	0.029012	0.008160	0.001813	0.001813	0.005440	0.002720	0.003626	0.000907	0.007253	0.000907	0.000907	0.000907	0.002720	0.004533	0.004533	0.001813	0.009066	0.058024	0.027199	0.011786	0.063463	0.000907	0.042611	0.001813	0.029012	0.009066	0.021759	0.004533	0.022665	0.000907	0.082502	0.027199	0.147779	
0.053490	0.010879	0.008160	0.048051	0.017226	0.009066	0.000907	0.028105	0.006346	0.002720	0.000907	0.015413	0.046238	0.004533	0.001813	0.055304	0.001813	0.002720	0.000907	0.006346	0.024479	0.007253	0.000907	0.027199	0.001813	0.001813	0.000907	0.000907	0.020852	0.009973	0.002720	0.030825	0.010879	0.003626	0.002720	0.007253	0.011786	0.004533	0.000907	0.020852	0.004533	0.003626	0.003626	0.002720	0.012693	0.007253	0.005440	0.017226	0.011786	0.001813	0.002720	0.020852	0.044424	0.029918	0.002720	0.071623	0.010879	0.007253	0.003626	0.017226	0.086129	0.038078	0.013599	0.125113	
0.030825	0.006346	0.008160	0.032638	0.008160	0.001813	0.000907	0.008160	0.005440	0.000907	0.001813	0.006346	0.022665	0.006346	0.009973	0.043518	0.035358	0.007253	0.011786	0.043518	0.009973	0.015413	0.000907	0.024479	0.000907	0.000907	0.000907	0.002720	0.048957	0.019946	0.019946	0.058930	0.009066	0.002720	0.005440	0.006346	0.005440	0.001813	0.000907	0.007253	0.004533	0.000907	0.000907	0.002720	0.009066	0.004533	0.005440	0.017226	0.063463	0.012693	0.023572	0.066183	0.020852	0.011786	0.000907	0.026292	0.010879	0.002720	0.000907	0.009066	0.063463	0.038078	0.019039	0.107888	
0.058024	0.020852	0.006346	0.053490	0.005440	0.010879	0.000907	0.011786	0.011786	0.011786	0.009066	0.016319	0.051677	0.030825	0.004533	0.061650	0.015413	0.006346	0.002720	0.019946	0.009066	0.012693	0.000907	0.008160	0.000907	0.000907	0.000907	0.000907	0.000907	0.019946	0.003626	0.041704	0.009066	0.003626	0.001813	0.007253	0.000907	0.002720	0.000907	0.000907	0.001813	0.000907	0.000907	0.000907	0.008160	0.002720	0.001813	0.008160	0.060743	0.020852	0.009066	0.053490	0.000907	0.032638	0.001813	0.033545	0.009066	0.018132	0.005440	0.021759	0.000907	0.083409	0.014506	0.128740	
0.053490	0.011786	0.015413	0.062557	0.011786	0.009973	0.000907	0.029012	0.006346	0.002720	0.004533	0.006346	0.048957	0.015413	0.003626	0.066183	0.004533	0.000907	0.002720	0.008160	0.018132	0.009973	0.000907	0.029918	0.000907	0.000907	0.000907	0.001813	0.014506	0.010879	0.004533	0.024479	0.010879	0.001813	0.000907	0.009973	0.009066	0.006346	0.002720	0.013599	0.003626	0.003626	0.002720	0.006346	0.010879	0.004533	0.002720	0.021759	0.020852	0.005440	0.004533	0.030825	0.037171	0.019946	0.002720	0.077063	0.006346	0.002720	0.000907	0.014506	0.087942	0.022665	0.007253	0.122393	
0.037171	0.010879	0.011786	0.029918	0.009066	0.001813	0.000907	0.008160	0.006346	0.002720	0.000907	0.013599	0.032638	0.009973	0.016319	0.052584	0.025385	0.009066	0.009973	0.031732	0.006346	0.009066	0.000907	0.029918	0.001813	0.001813	0.000907	0.002720	0.036265	0.029012	0.015413	0.068903	0.009066	0.001813	0.003626	0.002720	0.004533	0.000907	0.000907	0.003626	0.001813	0.000907	0.000907	0.005440	0.011786	0.002720	0.006346	0.008160	0.054397	0.012693	0.024479	0.070716	0.015413	0.014506	0.001813	0.021759	0.005440	0.002720	0.002720	0.007253	0.066183	0.038078	0.024479	0.106074	
0.039891	0.029012	0.008160	0.048957	0.008160	0.015413	0.000907	0.009973	0.014506	0.015413	0.006346	0.013599	0.039891	0.033545	0.009066	0.052584	0.008160	0.005440	0.002720	0.019039	0.011786	0.007253	0.000907	0.006346	0.000907	0.001813	0.000907	0.000907	0.000907	0.025385	0.004533	0.032638	0.009066	0.000907	0.002720	0.002720	0.001813	0.002720	0.000907	0.002720	0.000907	0.001813	0.000907	0.001813	0.004533	0.009066	0.003626	0.011786	0.060743	0.028105	0.010879	0.047144	0.000907	0.038985	0.000907	0.038985	0.015413	0.018132	0.009973	0.019039	0.000907	0.074343	0.018132	0.142339	
0.044424	0.008160	0.012693	0.052584	0.029918	0.009066	0.001813	0.022665	0.008160	0.006346	0.002720	0.007253	0.045331	0.009973	0.002720	0.059837	0.010879	0.001813	0.002720	0.007253	0.018132	0.006346	0.002720	0.037171	0.000907	0.000907	0.000907	0.000907	0.011786	0.004533	0.002720	0.038985	0.009973	0.004533	0.002720	0.014506	0.016319	0.004533	0.000907	0.015413	0.005440	0.002720	0.001813	0.008160	0.013599	0.002720	0.003626	0.015413	0.014506	0.004533	0.004533	0.022665	0.055304	0.016319	0.001813	0.068903	0.012693	0.003626	0.002720	0.016319	0.077063	0.028105	0.012693	0.121487	
0.029012	0.008160	0.009973	0.032638	0.008160	0.003626	0.001813	0.005440	0.003626	0.004533	0.002720	0.011786	0.033545	0.009066	0.011786	0.042611	0.038985	0.019946	0.015413	0.045331	0.010879	0.001813	0.000907	0.022665	0.003626	0.000907	0.000907	0.001813	0.049864	0.017226	0.015413	0.061650	0.015413	0.002720	0.003626	0.005440	0.005440	0.000907	0.000907	0.006346	0.003626	0.001813	0.000907	0.001813	0.016319	0.005440	0.001813	0.009066	0.050771	0.018132	0.015413	0.063463	0.016319	0.009066	0.000907	0.019039	0.007253	0.002720	0.000907	0.010879	0.085222	0.024479	0.021759	0.104261	
0.040798	0.026292	0.015413	0.051677	0.005440	0.023572	0.001813	0.018132	0.013599	0.010879	0.005440	0.014506	0.038078	0.034451	0.008160	0.066183	0.009973	0.007253	0.000907	0.022665	0.007253	0.004533	0.000907	0.002720	0.000907	0.000907	0.001813	0.000907	0.000907	0.027199	0.001813	0.023572	0.005440	0.004533	0.001813	0.006346	0.000907	0.002720	0.000907	0.005440	0.002720	0.000907	0.000907	0.000907	0.010879	0.004533	0.001813	0.009066	0.088849	0.025385	0.012693	0.058024	0.000907	0.027199	0.000907	0.027199	0.009973	0.017226	0.008160	0.015413	0.000907	0.087942	0.009973	0.118767	
0.073436	0.013599	0.010879	0.047144	0.025385	0.009973	0.000907	0.027199	0.009973	0.002720	0.003626	0.014506	0.062557	0.017226	0.004533	0.054397	0.007253	0.001813	0.000907	0.004533	0.027199	0.004533	0.002720	0.023572	0.000907	0.001813	0.000907	0.000907	0.014506	0.006346	0.003626	0.029012	0.011786	0.002720	0.002720	0.009973	0.012693	0.001813	0.000907	0.014506	0.006346	0.003626	0.000907	0.005440	0.013599	0.005440	0.001813	0.010879	0.019039	0.004533	0.005440	0.021759	0.043518	0.015413	0.002720	0.092475	0.008160	0.002720	0.001813	0.009066	0.075249	0.025385	0.006346	0.110607	
0.046238	0.010879	0.019039	0.035358	0.008160	0.007253	0.000907	0.006346	0.006346	0.003626	0.001813	0.008160	0.025385	0.011786	0.011786	0.034451	0.048051	0.011786	0.013599	0.035358	0.012693	0.003626	0.001813	0.013599	0.000907	0.000907	0.000907	0.004533	0.048051	0.021759	0.019039	0.068903	0.009973	0.002720	0.003626	0.009066	0.007253	0.001813	0.000907	0.000907	0.002720	0.000907	0.000907	0.002720	0.009973	0.007253	0.003626	0.009066	0.058024	0.012693	0.017226	0.077969	0.021759	0.008160	0.001813	0.022665	0.005440	0.001813	0.000907	0.008160	0.062557	0.026292	0.020852	0.095195	
0.055304	0.029012	0.019039	0.058930	0.007253	0.010879	0.002720	0.017226	0.010879	0.015413	0.006346	0.020852	0.038985	0.042611	0.009973	0.066183	0.019039	0.005440	0.002720	0.022665	0.008160	0.006346	0.000907	0.005440	0.000907	0.001813	0.001813	0.000907	0.000907	0.010879	0.003626	0.028105	0.008160	0.001813	0.001813	0.003626	0.001813	0.003626	0.000907	0.000907	0.000907	0.000907	0.001813	0.000907	0.006346	0.006346	0.002720	0.008160	0.058024	0.023572	0.007253	0.057117	0.000907	0.036265	0.000907	0.029012	0.014506	0.013599	0.014506	0.012693	0.000907	0.084316	0.017226	0.105168	
0.051677	0.012693	0.005440	0.070716	0.016319	0.006346	0.000907	0.036265	0.008160	0.003626	0.002720	0.016319	0.054397	0.019039	0.004533	0.064370	0.003626	0.001813	0.004533	0.008160	0.021759	0.012693	0.000907	0.021759	0.002720	0.000907	0.000907	0.000907	0.011786	0.007253	0.001813	0.031732	0.009973	0.004533	0.002720	0.009973	0.007253	0.004533	0.000907	0.019039	0.009066	0.002720	0.001813	0.010879	0.011786	0.006346	0.001813	0.015413	0.016319	0.004533	0.006346	0.019946	0.039891	0.023572	0.003626	0.077063	0.009973	0.003626	0.002720	0.017226	0.059837	0.019946	0.010879	0.116954	
0.030825	0.009973	0.009973	0.030825	0.010879	0.002720	0.001813	0.008160	0.003626	0.004533	0.001813	0.009066	0.032638	0.013599	0.012693	0.049864	0.032638	0.010879	0.011786	0.029918	0.019946	0.009973	0.000907	0.016319	0.002720	0.000907	0.000907	0.001813	0.038985	0.021759	0.019946	0.073436	0.009973	0.003626	0.006346	0.009973	0.005440	0.002720	0.000907	0.001813	0.000907	0.002720	0.001813	0.002720	0.017226	0.006346	0.009066	0.012693	0.044424	0.016319	0.016319	0.060743	0.016319	0.005440	0.000907	0.029918	0.003626	0.003626	0.001813	0.009973	0.077969	0.022665	0.026292	0.101541	
0.032638	0.020852	0.015413	0.048957	0.005440	0.016319	0.002720	0.016319	0.010879	0.013599	0.009066	0.010879	0.042611	0.039891	0.004533	0.044424	0.009973	0.010879	0.002720	0.029012	0.009973	0.005440	0.000907	0.004533	0.000907	0.001813	0.000907	0.000907	0.000907	0.021759	0.003626	0.029918	0.004533	0.001813	0.000907	0.003626	0.003626	0.003626	0.000907	0.003626	0.002720	0.000907	0.001813	0.000907	0.007253	0.004533	0.001813	0.009973	0.071623	0.025385	0.009066	0.060743	0.000907	0.028105	0.000907	0.034451	0.009973	0.027199	0.010879	0.019946	0.000907	0.082502	0.015413	0.138713	
0.053490	0.006346	0.009973	0.048957	0.026292	0.004533	0.001813	0.026292	0.009973	0.002720	0.001813	0.013599	0.049864	0.014506	0.006346	0.071623	0.009973	0.002720	0.001813	0.005440	0.026292	0.006346	0.001813	0.019039	0.002720	0.000907	0.000907	0.000907	0.015413	0.005440	0.003626	0.034451	0.006346	0.002720	0.004533	0.010879	0.011786	0.006346	0.000907	0.024479	0.009973	0.000907	0.002720	0.009066	0.008160	0.001813	0.001813	0.020852	0.020852	0.004533	0.003626	0.022665	0.038078	0.019039	0.001813	0.089755	0.005440	0.004533	0.001813	0.013599	0.073436	0.022665	0.009973	0.116954	
0.028105	0.011786	0.018132	0.032638	0.007253	0.003626	0.000907	0.004533	0.008160	0.003626	0.000907	0.007253	0.026292	0.009066	0.008160	0.044424	0.033545	0.010879	0.015413	0.042611	0.015413	0.006346	0.000907	0.013599	0.001813	0.000907	0.000907	0.002720	0.052584	0.028105	0.018132	0.060743	0.006346	0.005440	0.006346	0.009973	0.001813	0.003626	0.000907	0.002720	0.002720	0.001813	0.000907	0.001813	0.014506	0.004533	0.004533	0.013599	0.052584	0.013599	0.023572	0.057117	0.016319	0.010879	0.000907	0.016319	0.003626	0.001813	0.002720	0.013599	0.068903	0.039891	0.031732	0.103354	
0.042611	0.022665	0.009066	0.046238	0.005440	0.022665	0.001813	0.011786	0.012693	0.025385	0.009066	0.016319	0.046238	0.042611	0.003626	0.049864	0.013599	0.006346	0.003626	0.017226	0.014506	0.002720	0.001813	0.005440	0.000907	0.000907	0.000907	0.000907	0.000907	0.014506	0.001813	0.019946	0.007253	0.001813	0.000907	0.006346	0.001813	0.002720	0.000907	0.002720	0.000907	0.001813	0.000907	0.001813	0.007253	0.005440	0.002720	0.009973	0.059837	0.030825	0.007253	0.064370	0.000907	0.030825	0.000907	0.048957	0.018132	0.016319	0.009973	0.018132	0.000907	0.097008	0.020852	0.103354	
0.051677	0.010879	0.017226	0.043518	0.026292	0.007253	0.000907	0.027199	0.009066	0.003626	0.000907	0.007253	0.053490	0.014506	0.005440	0.060743	0.012693	0.001813	0.002720	0.005440	0.030825	0.006346	0.000907	0.020852	0.001813	0.000907	0.000907	0.001813	0.022665	0.009973	0.006346	0.029918	0.013599	0.000907	0.006346	0.011786	0.018132	0.006346	0.001813	0.018132	0.007253	0.004533	0.000907	0.008160	0.011786	0.004533	0.003626	0.017226	0.019039	0.002720	0.006346	0.027199	0.054397	0.017226	0.000907	0.087035	0.011786	0.002720	0.002720	0.011786	0.056210	0.021759	0.009066	0.096102	
0.033545	0.015413	0.011786	0.036265	0.007253	0.003626	0.000907	0.004533	0.011786	0.007253	0.005440	0.008160	0.035358	0.009066	0.010879	0.032638	0.042611	0.020852	0.020852	0.045331	0.016319	0.007253	0.001813	0.011786	0.000907	0.001813	0.000907	0.000907	0.041704	0.022665	0.029918	0.058930	0.009973	0.002720	0.005440	0.011786	0.001813	0.001813	0.000907	0.007253	0.000907	0.000907	0.000907	0.002720	0.010879	0.005440	0.003626	0.009066	0.049864	0.012693	0.017226	0.064370	0.020852	0.010879	0.001813	0.017226	0.009066	0.001813	0.000907	0.012693	0.057117	0.028105	0.040798	0.077969	
0.042611	0.028105	0.011786	0.053490	0.009066	0.018132	0.003626	0.020852	0.014506	0.013599	0.006346	0.020852	0.050771	0.048051	0.009066	0.049864	0.019946	0.004533	0.001813	0.019946	0.012693	0.003626	0.000907	0.006346	0.000907	0.001813	0.000907	0.001813	0.000907	0.014506	0.000907	0.024479	0.009066	0.002720	0.001813	0.009066	0.001813	0.003626	0.000907	0.005440	0.002720	0.002720	0.000907	0.001813	0.005440	0.007253	0.003626	0.008160	0.057117	0.023572	0.009066	0.055304	0.000907	0.032638	0.000907	0.030825	0.019946	0.029918	0.015413	0.019946	0.000907	0.072529	0.014506	0.090662	
0.050771	0.009066	0.009066	0.059837	0.018132	0.002720	0.003626	0.034451	0.008160	0.003626	0.001813	0.010879	0.048051	0.011786	0.007253	0.070716	0.009066	0.001813	0.001813	0.011786	0.020852	0.003626	0.001813	0.031732	0.003626	0.000907	0.000907	0.000907	0.022665	0.000907	0.004533	0.035358	0.022665	0.001813	0.002720	0.010879	0.014506	0.009066	0.001813	0.022665	0.010879	0.000907	0.002720	0.009066	0.014506	0.002720	0.001813	0.025385	0.028105	0.004533	0.003626	0.021759	0.053490	0.009973	0.000907	0.077969	0.008160	0.001813	0.003626	0.014506	0.052584	0.016319	0.010879	0.093382	
0.041704	0.010879	0.018132	0.039891	0.007253	0.003626	0.000907	0.005440	0.007253	0.001813	0.001813	0.006346	0.029012	0.008160	0.014506	0.052584	0.040798	0.013599	0.016319	0.036265	0.012693	0.002720	0.000907	0.009066	0.001813	0.001813	0.002720	0.001813	0.050771	0.025385	0.015413	0.075249	0.010879	0.002720	0.005440	0.011786	0.003626	0.000907	0.000907	0.001813	0.004533	0.000907	0.001813	0.001813	0.012693	0.004533	0.005440	0.012693	0.045331	0.019039	0.019039	0.054397	0.010879	0.005440	0.001813	0.013599	0.009973	0.004533	0.002720	0.007253	0.068903	0.029012	0.025385	0.101541	
0.043518	0.028105	0.010879	0.056210	0.006346	0.019039	0.004533	0.016319	0.009973	0.021759	0.008160	0.019039	0.049864	0.038078	0.012693	0.041704	0.011786	0.008160	0.000907	0.013599	0.006346	0.002720	0.000907	0.002720	0.000907	0.000907	0.000907	0.001813	0.000907	0.007253	0.002720	0.019039	0.009973	0.002720	0.002720	0.008160	0.001813	0.003626	0.000907	0.002720	0.002720	0.003626	0.001813	0.000907	0.007253	0.004533	0.000907	0.004533	0.050771	0.023572	0.011786	0.075249	0.000907	0.026292	0.000907	0.038985	0.015413	0.019946	0.009973	0.015413	0.000907	0.086129	0.022665	0.132366	
0.058024	0.003626	0.011786	0.042611	0.032638	0.005440	0.002720	0.021759	0.008160	0.002720	0.000907	0.014506	0.058930	0.013599	0.003626	0.077063	0.008160	0.002720	0.001813	0.002720	0.026292	0.005440	0.000907	0.019039	0.003626	0.000907	0.001813	0.000907	0.020852	0.006346	0.003626	0.029918	0.016319	0.003626	0.002720	0.006346	0.016319	0.003626	0.000907	0.025385	0.009066	0.000907	0.003626	0.007253	0.010879	0.002720	0.003626	0.019946	0.018132	0.004533	0.004533	0.031732	0.047144	0.016319	0.001813	0.070716	0.019946	0.004533	0.003626	0.010879	0.070716	0.020852	0.009973	0.096102	
0.038078	0.007253	0.017226	0.038078	0.006346	0.002720	0.000907	0.004533	0.006346	0.000907	0.001813	0.011786	0.025385	0.007253	0.008160	0.042611	0.050771	0.011786	0.020852	0.038985	0.013599	0.009066	0.001813	0.006346	0.002720	0.000907	0.000907	0.001813	0.033545	0.016319	0.025385	0.061650	0.018132	0.002720	0.006346	0.013599	0.003626	0.001813	0.000907	0.002720	0.002720	0.000907	0.000907	0.005440	0.009066	0.002720	0.006346	0.015413	0.059837	0.020852	0.018132	0.062557	0.019039	0.006346	0.001813	0.016319	0.007253	0.003626	0.000907	0.009066	0.065277	0.031732	0.029012	0.097008	
0.038985	0.032638	0.016319	0.078876	0.003626	0.018132	0.001813	0.019039	0.012693	0.023572	0.009973	0.016319	0.034451	0.059837	0.005440	0.053490	0.009973	0.008160	0.000907	0.023572	0.007253	0.004533	0.001813	0.006346	0.002720	0.000907	0.000907	0.000907	0.000907	0.008160	0.001813	0.019039	0.009066	0.002720	0.000907	0.006346	0.001813	0.002720	0.000907	0.000907	0.001813	0.000907	0.000907	0.000907	0.006346	0.010879	0.001813	0.009066	0.054397	0.020852	0.009066	0.048957	0.000907	0.022665	0.000907	0.033545	0.013599	0.023572	0.009973	0.021759	0.000907	0.087942	0.024479	0.103354	
0.055304	0.007253	0.009066	0.040798	0.027199	0.004533	0.000907	0.031732	0.007253	0.005440	0.005440	0.009066	0.069810	0.012693	0.004533	0.070716	0.007253	0.002720	0.001813	0.001813	0.022665	0.005440	0.002720	0.017226	0.001813	0.000907	0.000907	0.001813	0.019946	0.007253	0.001813	0.030825	0.012693	0.007253	0.000907	0.009973	0.019946	0.004533	0.000907	0.023572	0.006346	0.002720	0.001813	0.010879	0.017226	0.001813	0.004533	0.016319	0.014506	0.002720	0.004533	0.020852	0.067996	0.019039	0.000907	0.078876	0.008160	0.007253	0.003626	0.014506	0.064370	0.016319	0.010879	0.093382	
0.037171	0.006346	0.014506	0.031732	0.008160	0.002720	0.000907	0.008160	0.010879	0.001813	0.001813	0.001813	0.017226	0.008160	0.012693	0.035358	0.039891	0.013599	0.029918	0.054397	0.016319	0.005440	0.000907	0.010879	0.001813	0.000907	0.000907	0.001813	0.048051	0.013599	0.017226	0.072529	0.007253	0.003626	0.006346	0.006346	0.004533	0.001813	0.001813	0.008160	0.003626	0.000907	0.000907	0.006346	0.012693	0.004533	0.006346	0.012693	0.058024	0.011786	0.036265	0.065277	0.011786	0.009066	0.000907	0.016319	0.004533	0.002720	0.003626	0.010879	0.054397	0.029918	0.029918	0.097008	
0.047144	0.031732	0.015413	0.048051	0.004533	0.013599	0.002720	0.014506	0.018132	0.026292	0.018132	0.024479	0.043518	0.038985	0.015413	0.059837	0.011786	0.005440	0.000907	0.022665	0.009973	0.003626	0.000907	0.004533	0.001813	0.000907	0.000907	0.000907	0.000907	0.014506	0.006346	0.021759	0.006346	0.005440	0.000907	0.008160	0.001813	0.001813	0.000907	0.001813	0.001813	0.002720	0.000907	0.001813	0.004533	0.009066	0.000907	0.006346	0.055304	0.019946	0.008160	0.048957	0.000907	0.033545	0.001813	0.019946	0.014506	0.023572	0.010879	0.017226	0.000907	0.090662	0.033545	0.092475	
0.057117	0.008160	0.007253	0.048051	0.026292	0.005440	0.000907	0.029918	0.006346	0.002720	0.001813	0.014506	0.053490	0.015413	0.002720	0.056210	0.008160	0.001813	0.000907	0.006346	0.027199	0.003626	0.001813	0.019946	0.002720	0.000907	0.001813	0.000907	0.016319	0.003626	0.003626	0.017226	0.019039	0.002720	0.001813	0.012693	0.017226	0.007253	0.001813	0.027199	0.015413	0.004533	0.000907	0.009973	0.019039	0.003626	0.001813	0.019946	0.023572	0.002720	0.004533	0.019039	0.055304	0.011786	0.000907	0.085222	0.023572	0.004533	0.004533	0.023572	0.056210	0.012693	0.007253	0.104261	
0.040798	0.008160	0.019039	0.039891	0.006346	0.001813	0.000907	0.006346	0.002720	0.000907	0.002720	0.008160	0.032638	0.006346	0.007253	0.039891	0.038078	0.016319	0.031732	0.039891	0.010879	0.002720	0.000907	0.013599	0.000907	0.001813	0.000907	0.001813	0.054397	0.017226	0.029012	0.061650	0.015413	0.003626	0.010879	0.018132	0.001813	0.004533	0.000907	0.005440	0.003626	0.002720	0.000907	0.001813	0.012693	0.009066	0.011786	0.015413	0.049864	0.011786	0.028105	0.055304	0.015413	0.006346	0.001813	0.011786	0.005440	0.001813	0.003626	0.004533	0.058930	0.025385	0.029012	0.084316	
0.038985	0.031732	0.018132	0.055304	0.009066	0.011786	0.002720	0.016319	0.018132	0.031732	0.012693	0.027199	0.041704	0.046238	0.006346	0.058930	0.009066	0.003626	0.002720	0.019039	0.006346	0.007253	0.000907	0.000907	0.000907	0.001813	0.000907	0.000907	0.000907	0.013599	0.003626	0.019039	0.002720	0.002720	0.002720	0.004533	0.000907	0.001813	0.001813	0.002720	0.002720	0.001813	0.001813	0.001813	0.003626	0.004533	0.001813	0.006346	0.055304	0.028105	0.011786	0.063463	0.000907	0.023572	0.000907	0.032638	0.013599	0.030825	0.009973	0.022665	0.000907	0.082502	0.024479	0.093382	
0.041704	0.005440	0.009066	0.049864	0.026292	0.005440	0.001813	0.032638	0.010879	0.005440	0.001813	0.017226	0.060743	0.008160	0.007253	0.066183	0.007253	0.001813	0.000907	0.007253	0.021759	0.005440	0.000907	0.016319	0.001813	0.002720	0.000907	0.000907	0.018132	0.010879	0.001813	0.021759	0.013599	0.000907	0.004533	0.016319	0.021759	0.010879	0.000907	0.032638	0.010879	0.001813	0.002720	0.009973	0.019039	0.005440	0.001813	0.026292	0.015413	0.003626	0.004533	0.023572	0.053490	0.022665	0.003626	0.067090	0.013599	0.004533	0.001813	0.016319	0.057117	0.017226	0.006346	0.097008	
0.033545	0.005440	0.010879	0.028105	0.002720	0.000907	0.001813	0.006346	0.004533	0.004533	0.000907	0.009066	0.029918	0.011786	0.016319	0.038985	0.047144	0.012693	0.019039	0.044424	0.015413	0.006346	0.001813	0.020852	0.000907	0.001813	0.001813	0.002720	0.045331	0.020852	0.025385	0.057117	0.012693	0.000907	0.009066	0.014506	0.002720	0.003626	0.002720	0.005440	0.002720	0.000907	0.000907	0.002720	0.009066	0.004533	0.009973	0.020852	0.042611	0.014506	0.025385	0.072529	0.014506	0.002720	0.001813	0.022665	0.005440	0.001813	0.002720	0.007253	0.064370	0.037171	0.031732	0.077969	
0.037171	0.031732	0.021759	0.045331	0.007253	0.010879	0.000907	0.014506	0.018132	0.014506	0.012693	0.019039	0.038985	0.052584	0.010879	0.057117	0.008160	0.003626	0.001813	0.021759	0.005440	0.005440	0.000907	0.001813	0.003626	0.002720	0.000907	0.000907	0.000907	0.010879	0.002720	0.040798	0.004533	0.000907	0.001813	0.006346	0.001813	0.002720	0.000907	0.003626	0.001813	0.002720	0.000907	0.000907	0.005440	0.008160	0.002720	0.005440	0.059837	0.021759	0.007253	0.059837	0.000907	0.035358	0.000907	0.037171	0.011786	0.031732	0.013599	0.026292	0.000907	0.074343	0.015413	0.104261	
0.047144	0.009973	0.008160	0.044424	0.021759	0.007253	0.000907	0.028105	0.007253	0.002720	0.002720	0.019946	0.061650	0.010879	0.009973	0.050771	0.007253	0.001813	0.001813	0.004533	0.025385	0.008160	0.001813	0.019039	0.000907	0.000907	0.000907	0.000907	0.020852	0.005440	0.004533	0.026292	0.013599	0.004533	0.007253	0.009973	0.022665	0.002720	0.000907	0.025385	0.011786	0.003626	0.001813	0.010879	0.013599	0.005440	0.005440	0.022665	0.016319	0.004533	0.005440	0.019946	0.057117	0.013599	0.002720	0.072529	0.004533	0.004533	0.001813	0.020852	0.060743	0.015413	0.008160	0.123300	
0.024479	0.009973	0.016319	0.033545	0.007253	0.004533	0.000907	0.008160	0.008160	0.001813	0.001813	0.010879	0.029918	0.007253	0.009973	0.031732	0.052584	0.011786	0.021759	0.040798	0.009973	0.005440	0.000907	0.015413	0.001813	0.000907	0.000907	0.002720	0.039891	0.023572	0.014506	0.067090	0.007253	0.002720	0.002720	0.011786	0.005440	0.001813	0.001813	0.002720	0.003626	0.000907	0.000907	0.001813	0.015413	0.007253	0.009973	0.019946	0.049864	0.018132	0.022665	0.066183	0.015413	0.005440	0.001813	0.014506	0.010879	0.003626	0.003626	0.009973	0.063463	0.024479	0.040798	0.094288	
0.037171	0.042611	0.014506	0.039891	0.008160	0.013599	0.002720	0.018132	0.013599	0.018132	0.012693	0.019039	0.035358	0.042611	0.014506	0.059837	0.010879	0.002720	0.002720	0.021759	0.009973	0.002720	0.001813	0.002720	0.000907	0.001813	0.000907	0.001813	0.000907	0.010879	0.002720	0.026292	0.008160	0.004533	0.003626	0.008160	0.001813	0.002720	0.000907	0.001813	0.001813	0.002720	0.000907	0.001813	0.006346	0.005440	0.005440	0.008160	0.059837	0.024479	0.009066	0.055304	0.000907	0.030825	0.000907	0.029918	0.015413	0.025385	0.012693	0.021759	0.000907	0.092475	0.019039	0.100635	
0.048051	0.008160	0.009973	0.049864	0.032638	0.009066	0.000907	0.031732	0.010879	0.003626	0.000907	0.014506	0.049864	0.016319	0.007253	0.051677	0.005440	0.004533	0.002720	0.008160	0.026292	0.003626	0.000907	0.019039	0.002720	0.000907	0.001813	0.000907	0.016319	0.004533	0.003626	0.028105	0.012693	0.002720	0.006346	0.009973	0.018132	0.004533	0.000907	0.024479	0.011786	0.002720	0.003626	0.009066	0.013599	0.001813	0.001813	0.027199	0.021759	0.002720	0.003626	0.015413	0.062557	0.015413	0.000907	0.072529	0.009066	0.006346	0.006346	0.019946	0.073436	0.015413	0.009973	0.096102	
0.030825	0.008160	0.019039	0.029918	0.005440	0.005440	0.000907	0.006346	0.009973	0.000907	0.001813	0.009973	0.024479	0.012693	0.010879	0.035358	0.046238	0.014506	0.036265	0.042611	0.015413	0.007253	0.000907	0.009066	0.000907	0.000907	0.000907	0.000907	0.038985	0.022665	0.019946	0.066183	0.012693	0.000907	0.007253	0.013599	0.006346	0.001813	0.000907	0.004533	0.004533	0.001813	0.000907	0.005440	0.006346	0.009973	0.009066	0.019039	0.050771	0.012693	0.033545	0.056210	0.012693	0.002720	0.003626	0.019039	0.009973	0.002720	0.002720	0.007253	0.053490	0.032638	0.038985	0.077969	
0.040798	0.029012	0.015413	0.055304	0.005440	0.009066	0.002720	0.019039	0.022665	0.021759	0.014506	0.037171	0.033545	0.048051	0.011786	0.048957	0.009066	0.005440	0.000907	0.024479	0.008160	0.002720	0.000907	0.005440	0.001813	0.000907	0.000907	0.002720	0.000907	0.012693	0.003626	0.021759	0.010879	0.002720	0.001813	0.009973	0.000907	0.000907	0.000907	0.003626	0.000907	0.000907	0.001813	0.002720	0.004533	0.009066	0.004533	0.005440	0.056210	0.019946	0.006346	0.040798	0.000907	0.038078	0.000907	0.038078	0.016319	0.028105	0.012693	0.021759	0.000907	0.079782	0.020852	0.097008	
0.044424	0.007253	0.006346	0.058930	0.023572	0.006346	0.000907	0.026292	0.010879	0.004533	0.002720	0.006346	0.058024	0.011786	0.005440	0.055304	0.006346	0.002720	0.001813	0.004533	0.021759	0.008160	0.001813	0.019039	0.001813	0.000907	0.000907	0.001813	0.024479	0.007253	0.004533	0.029918	0.022665	0.001813	0.004533	0.012693	0.021759	0.004533	0.002720	0.022665	0.011786	0.002720	0.005440	0.009973	0.014506	0.009066	0.008160	0.032638	0.015413	0.004533	0.005440	0.014506	0.062557	0.009066	0.000907	0.077063	0.013599	0.001813	0.008160	0.017226	0.063463	0.017226	0.010879	0.081596	
0.030825	0.009973	0.012693	0.035358	0.006346	0.001813	0.001813	0.006346	0.005440	0.002720	0.000907	0.009066	0.023572	0.009066	0.013599	0.044424	0.044424	0.011786	0.024479	0.048957	0.014506	0.004533	0.000907	0.008160	0.000907	0.000907	0.000907	0.003626	0.048957	0.022665	0.025385	0.048051	0.014506	0.004533	0.007253	0.011786	0.005440	0.001813	0.000907	0.001813	0.006346	0.004533	0.000907	0.005440	0.011786	0.005440	0.003626	0.014506	0.041704	0.016319	0.026292	0.076156	0.024479	0.006346	0.000907	0.013599	0.007253	0.001813	0.002720	0.017226	0.064370	0.024479	0.033545	0.077063	
0.047144	0.034451	0.017226	0.032638	0.007253	0.022665	0.000907	0.011786	0.019946	0.019039	0.008160	0.023572	0.037171	0.067090	0.007253	0.060743	0.014506	0.005440	0.003626	0.027199	0.006346	0.003626	0.000907	0.003626	0.000907	0.001813	0.000907	0.000907	0.000907	0.008160	0.003626	0.017226	0.006346	0.002720	0.000907	0.009973	0.002720	0.001813	0.001813	0.003626	0.000907	0.001813	0.000907	0.001813	0.007253	0.009973	0.002720	0.015413	0.062557	0.027199	0.003626	0.055304	0.000907	0.031732	0.001813	0.027199	0.023572	0.026292	0.009066	0.017226	0.000907	0.061650	0.022665	0.098821	
0.061650	0.010879	0.010879	0.047144	0.031732	0.004533	0.001813	0.031732	0.009066	0.002720	0.003626	0.009973	0.058024	0.013599	0.006346	0.047144	0.008160	0.001813	0.000907	0.006346	0.028105	0.003626	0.000907	0.027199	0.001813	0.000907	0.000907	0.001813	0.013599	0.005440	0.003626	0.023572	0.019946	0.003626	0.002720	0.019039	0.016319	0.007253	0.000907	0.024479	0.008160	0.002720	0.002720	0.005440	0.014506	0.002720	0.002720	0.023572	0.014506	0.004533	0.006346	0.020852	0.055304	0.013599	0.000907	0.077063	0.011786	0.001813	0.001813	0.020852	0.062557	0.019946	0.006346	0.103354	
0.040798	0.011786	0.016319	0.035358	0.005440	0.005440	0.001813	0.008160	0.008160	0.003626	0.004533	0.004533	0.029918	0.008160	0.014506	0.040798	0.038985	0.013599	0.024479	0.054397	0.009973	0.010879	0.001813	0.006346	0.000907	0.000907	0.001813	0.000907	0.048051	0.016319	0.026292	0.069810	0.009973	0.003626	0.007253	0.009973	0.002720	0.000907	0.000907	0.003626	0.001813	0.000907	0.002720	0.003626	0.010879	0.004533	0.008160	0.014506	0.037171	0.017226	0.029918	0.064370	0.018132	0.004533	0.002720	0.016319	0.007253	0.001813	0.003626	0.006346	0.053490	0.036265	0.025385	0.082502	
0.035358	0.029918	0.013599	0.048051	0.012693	0.015413	0.003626	0.014506	0.019039	0.027199	0.012693	0.019039	0.045331	0.053490	0.012693	0.052584	0.007253	0.005440	0.001813	0.021759	0.006346	0.006346	0.000907	0.008160	0.002720	0.002720	0.000907	0.000907	0.000907	0.009066	0.002720	0.021759	0.005440	0.002720	0.000907	0.009066	0.001813	0.002720	0.000907	0.001813	0.004533	0.004533	0.001813	0.001813	0.004533	0.003626	0.001813	0.005440	0.051677	0.028105	0.008160	0.054397	0.000907	0.035358	0.002720	0.026292	0.020852	0.019946	0.009066	0.024479	0.000907	0.093382	0.017226	0.096102	
0.048957	0.005440	0.012693	0.032638	0.027199	0.008160	0.003626	0.027199	0.009066	0.002720	0.002720	0.009973	0.063463	0.012693	0.006346	0.050771	0.007253	0.002720	0.003626	0.008160	0.029012	0.008160	0.000907	0.021759	0.002720	0.000907	0.000907	0.003626	0.024479	0.006346	0.003626	0.016319	0.024479	0.001813	0.002720	0.018132	0.022665	0.004533	0.000907	0.026292	0.007253	0.003626	0.002720	0.010879	0.019039	0.003626	0.000907	0.022665	0.019039	0.004533	0.007253	0.020852	0.064370	0.011786	0.001813	0.081596	0.010879	0.001813	0.002720	0.019039	0.060743	0.017226	0.004533	0.093382	
0.038078	0.009066	0.019946	0.032638	0.005440	0.002720	0.000907	0.005440	0.007253	0.006346	0.000907	0.011786	0.030825	0.010879	0.006346	0.031732	0.058024	0.015413	0.010879	0.058930	0.011786	0.002720	0.002720	0.015413	0.002720	0.000907	0.001813	0.001813	0.048051	0.021759	0.027199	0.059837	0.011786	0.004533	0.004533	0.009066	0.002720	0.000907	0.000907	0.004533	0.001813	0.003626	0.000907	0.002720	0.009066	0.007253	0.009973	0.017226	0.053490	0.018132	0.032638	0.063463	0.019039	0.004533	0.002720	0.013599	0.004533	0.001813	0.003626	0.005440	0.051677	0.030825	0.022665	0.077969	
0.047144	0.037171	0.025385	0.051677	0.006346	0.022665	0.000907	0.017226	0.013599	0.028105	0.009066	0.017226	0.046238	0.058024	0.010879	0.048957	0.009973	0.005440	0.000907	0.022665	0.006346	0.002720	0.000907	0.000907	0.000907	0.003626	0.000907	0.001813	0.000907	0.012693	0.006346	0.019039	0.007253	0.003626	0.000907	0.004533	0.002720	0.004533	0.000907	0.004533	0.000907	0.003626	0.000907	0.001813	0.009973	0.006346	0.001813	0.003626	0.057117	0.024479	0.009973	0.048051	0.000907	0.028105	0.000907	0.040798	0.014506	0.023572	0.011786	0.016319	0.000907	0.083409	0.014506	0.087942	
0.055304	0.007253	0.011786	0.047144	0.031732	0.008160	0.000907	0.029918	0.017226	0.003626	0.001813	0.014506	0.051677	0.013599	0.007253	0.054397	0.006346	0.001813	0.003626	0.004533	0.017226	0.002720	0.001813	0.036265	0.000907	0.000907	0.000907	0.000907	0.029012	0.006346	0.002720	0.025385	0.011786	0.003626	0.006346	0.008160	0.026292	0.009066	0.001813	0.021759	0.008160	0.002720	0.002720	0.009066	0.016319	0.002720	0.002720	0.015413	0.021759	0.006346	0.005440	0.024479	0.060743	0.012693	0.005440	0.081596	0.015413	0.004533	0.002720	0.010879	0.056210	0.016319	0.005440	0.081596	
0.035358	0.007253	0.022665	0.029918	0.010879	0.001813	0.000907	0.005440	0.006346	0.008160	0.002720	0.009973	0.027199	0.006346	0.013599	0.037171	0.045331	0.013599	0.018132	0.058930	0.014506	0.005440	0.000907	0.011786	0.005440	0.000907	0.000907	0.002720	0.061650	0.027199	0.028105	0.052584	0.012693	0.004533	0.009973	0.014506	0.002720	0.000907	0.000907	0.007253	0.001813	0.001813	0.001813	0.002720	0.006346	0.007253	0.004533	0.017226	0.052584	0.015413	0.020852	0.064370	0.010879	0.005440	0.000907	0.021759	0.005440	0.004533	0.000907	0.007253	0.053490	0.030825	0.019946	0.072529	
0.042611	0.032638	0.019946	0.050771	0.008160	0.012693	0.001813	0.018132	0.019039	0.018132	0.009973	0.024479	0.049864	0.046238	0.011786	0.059837	0.008160	0.009973	0.001813	0.019039	0.005440	0.004533	0.000907	0.002720	0.000907	0.000907	0.000907	0.000907	0.000907	0.015413	0.002720	0.027199	0.005440	0.004533	0.000907	0.008160	0.002720	0.004533	0.000907	0.007253	0.000907	0.002720	0.001813	0.000907	0.004533	0.008160	0.002720	0.007253	0.052584	0.029012	0.009066	0.058024	0.000907	0.038078	0.002720	0.029918	0.012693	0.025385	0.009066	0.019039	0.000907	0.075249	0.016319	0.087035	
