>NC_000908
0.005000	0.005000	0.005000	0.005000	0.005000	0.005000	0.005000	0.005000	0.005000	0.005000	0.005000	0.005000	0.005000	0.005000	0.005000	0.005000	0.005000	0.005000	0.005000	0.005000	0.005000	0.005000	0.005000	0.005000	0.005000	0.005000	0.005000	0.005000	0.265000	0.005000	0.005000	0.005000	0.005000	0.005000	0.005000	0.005000	0.005000	0.005000	0.005000	0.005000	0.005000	0.005000	0.005000	0.005000	0.005000	0.005000	0.005000	0.005000	0.005000	0.005000	0.005000	0.005000	0.005000	0.005000	0.005000	0.005000	0.005000	0.005000	0.005000	0.005000	0.745000	0.005000	0.005000	0.005000	
0.005000	0.005000	0.005000	0.005000	0.005000	0.005000	0.005000	0.005000	0.005000	0.005000	0.005000	0.005000	0.005000	0.005000	0.005000	0.005000	0.005000	0.005000	0.005000	0.005000	0.005000	0.005000	0.005000	0.005000	0.005000	0.005000	0.005000	0.005000	0.005000	0.005000	0.005000	0.005000	0.005000	0.005000	0.005000	0.005000	0.005000	0.005000	0.005000	0.005000	0.005000	0.005000	0.005000	0.005000	0.005000	0.005000	0.005000	0.005000	0.460000	0.085000	0.175000	0.300000	0.005000	0.005000	0.005000	0.005000	0.005000	0.005000	0.005000	0.005000	0.005000	0.005000	0.005000	0.005000	
0.165000	0.080000	0.040000	0.190000	0.020000	0.005000	0.005000	0.070000	0.045000	0.035000	0.020000	0.090000	0.030000	0.040000	0.040000	0.205000	0.005000	0.005000	0.005000	0.005000	0.005000	0.005000	0.005000	0.005000	0.005000	0.005000	0.005000	0.005000	0.005000	0.005000	0.005000	0.005000	0.005000	0.005000	0.005000	0.005000	0.005000	0.005000	0.005000	0.005000	0.005000	0.005000	0.005000	0.005000	0.005000	0.005000	0.005000	0.005000	0.005000	0.005000	0.005000	0.005000	0.005000	0.005000	0.005000	0.005000	0.005000	0.005000	0.005000	0.005000	0.005000	0.005000	0.005000	0.005000	
0.075000	0.030000	0.020000	0.055000	0.010000	0.015000	0.020000	0.050000	0.025000	0.015000	0.005000	0.010000	0.040000	0.040000	0.020000	0.105000	0.010000	0.005000	0.010000	0.010000	0.005000	0.005000	0.005000	0.005000	0.005000	0.005000	0.005000	0.005000	0.005000	0.025000	0.015000	0.040000	0.015000	0.005000	0.020000	0.020000	0.005000	0.015000	0.005000	0.025000	0.005000	0.005000	0.015000	0.010000	0.015000	0.030000	0.005000	0.055000	0.010000	0.010000	0.010000	0.015000	0.010000	0.015000	0.010000	0.020000	0.015000	0.020000	0.005000	0.015000	0.005000	0.040000	0.025000	0.150000	
0.060000	0.015000	0.025000	0.010000	0.010000	0.005000	0.010000	0.025000	0.005000	0.030000	0.005000	0.020000	0.035000	0.010000	0.020000	0.035000	0.010000	0.010000	0.005000	0.005000	0.025000	0.010000	0.005000	0.010000	0.010000	0.015000	0.005000	0.010000	0.045000	0.010000	0.015000	0.030000	0.010000	0.020000	0.010000	0.010000	0.015000	0.010000	0.005000	0.015000	0.010000	0.005000	0.005000	0.010000	0.005000	0.005000	0.005000	0.025000	0.040000	0.015000	0.005000	0.005000	0.065000	0.010000	0.010000	0.050000	0.025000	0.005000	0.020000	0.015000	0.125000	0.040000	0.040000	0.145000	
0.035000	0.015000	0.025000	0.045000	0.010000	0.015000	0.005000	0.030000	0.015000	0.005000	0.005000	0.020000	0.005000	0.005000	0.005000	0.015000	0.045000	0.010000	0.010000	0.050000	0.010000	0.010000	0.005000	0.010000	0.005000	0.005000	0.005000	0.015000	0.025000	0.020000	0.020000	0.035000	0.010000	0.010000	0.010000	0.020000	0.015000	0.005000	0.010000	0.025000	0.010000	0.005000	0.010000	0.010000	0.020000	0.005000	0.005000	0.025000	0.075000	0.020000	0.055000	0.060000	0.025000	0.015000	0.005000	0.020000	0.015000	0.015000	0.010000	0.040000	0.045000	0.030000	0.040000	0.120000	
0.060000	0.025000	0.025000	0.055000	0.005000	0.020000	0.015000	0.015000	0.025000	0.035000	0.010000	0.030000	0.020000	0.030000	0.015000	0.110000	0.025000	0.010000	0.010000	0.015000	0.010000	0.010000	0.010000	0.015000	0.005000	0.005000	0.005000	0.010000	0.005000	0.015000	0.010000	0.055000	0.015000	0.010000	0.010000	0.010000	0.005000	0.005000	0.005000	0.015000	0.010000	0.005000	0.005000	0.010000	0.010000	0.010000	0.015000	0.050000	0.040000	0.015000	0.020000	0.020000	0.020000	0.010000	0.005000	0.025000	0.020000	0.030000	0.010000	0.010000	0.005000	0.040000	0.030000	0.120000	
0.045000	0.020000	0.025000	0.050000	0.020000	0.005000	0.005000	0.030000	0.010000	0.010000	0.015000	0.030000	0.010000	0.015000	0.020000	0.055000	0.015000	0.005000	0.010000	0.010000	0.015000	0.010000	0.005000	0.015000	0.005000	0.010000	0.010000	0.010000	0.010000	0.005000	0.015000	0.040000	0.035000	0.005000	0.010000	0.010000	0.010000	0.010000	0.010000	0.045000	0.005000	0.005000	0.005000	0.015000	0.015000	0.005000	0.005000	0.035000	0.005000	0.015000	0.010000	0.010000	0.030000	0.015000	0.005000	0.045000	0.010000	0.010000	0.035000	0.015000	0.145000	0.030000	0.040000	0.120000	
0.060000	0.005000	0.005000	0.030000	0.015000	0.005000	0.005000	0.020000	0.015000	0.005000	0.010000	0.025000	0.020000	0.010000	0.025000	0.025000	0.020000	0.015000	0.015000	0.025000	0.005000	0.010000	0.005000	0.020000	0.005000	0.005000	0.005000	0.010000	0.030000	0.015000	0.030000	0.060000	0.010000	0.005000	0.005000	0.010000	0.010000	0.005000	0.005000	0.015000	0.015000	0.010000	0.005000	0.035000	0.015000	0.005000	0.010000	0.040000	0.070000	0.025000	0.040000	0.045000	0.020000	0.015000	0.005000	0.015000	0.015000	0.025000	0.015000	0.025000	0.030000	0.035000	0.030000	0.155000	
0.040000	0.025000	0.050000	0.045000	0.005000	0.015000	0.015000	0.015000	0.010000	0.025000	0.020000	0.010000	0.015000	0.050000	0.010000	0.035000	0.020000	0.005000	0.010000	0.015000	0.015000	0.010000	0.005000	0.005000	0.005000	0.005000	0.005000	0.005000	0.005000	0.030000	0.005000	0.030000	0.015000	0.010000	0.015000	0.010000	0.005000	0.010000	0.010000	0.020000	0.015000	0.005000	0.010000	0.005000	0.015000	0.020000	0.020000	0.040000	0.065000	0.010000	0.010000	0.010000	0.015000	0.025000	0.005000	0.020000	0.020000	0.030000	0.020000	0.025000	0.005000	0.065000	0.055000	0.155000	
0.050000	0.025000	0.025000	0.040000	0.010000	0.010000	0.005000	0.025000	0.025000	0.015000	0.015000	0.030000	0.025000	0.005000	0.015000	0.035000	0.010000	0.005000	0.005000	0.020000	0.030000	0.005000	0.005000	0.020000	0.005000	0.010000	0.010000	0.010000	0.005000	0.005000	0.015000	0.035000	0.025000	0.005000	0.005000	0.015000	0.025000	0.005000	0.015000	0.020000	0.025000	0.010000	0.005000	0.015000	0.015000	0.005000	0.010000	0.015000	0.010000	0.010000	0.015000	0.005000	0.075000	0.020000	0.005000	0.065000	0.025000	0.005000	0.010000	0.050000	0.095000	0.025000	0.020000	0.120000	
0.040000	0.020000	0.010000	0.025000	0.010000	0.005000	0.005000	0.025000	0.010000	0.005000	0.010000	0.025000	0.025000	0.005000	0.025000	0.025000	0.055000	0.015000	0.020000	0.050000	0.010000	0.010000	0.005000	0.015000	0.005000	0.010000	0.005000	0.010000	0.040000	0.015000	0.035000	0.040000	0.035000	0.010000	0.015000	0.020000	0.010000	0.005000	0.005000	0.020000	0.010000	0.010000	0.010000	0.010000	0.010000	0.015000	0.025000	0.055000	0.055000	0.025000	0.035000	0.025000	0.005000	0.015000	0.005000	0.015000	0.010000	0.005000	0.015000	0.030000	0.035000	0.030000	0.025000	0.115000	
0.085000	0.035000	0.030000	0.035000	0.010000	0.020000	0.010000	0.030000	0.010000	0.030000	0.010000	0.030000	0.035000	0.020000	0.010000	0.055000	0.005000	0.015000	0.010000	0.005000	0.010000	0.010000	0.005000	0.010000	0.005000	0.005000	0.005000	0.005000	0.005000	0.010000	0.015000	0.045000	0.010000	0.005000	0.010000	0.010000	0.005000	0.005000	0.005000	0.015000	0.020000	0.010000	0.005000	0.005000	0.025000	0.005000	0.015000	0.030000	0.045000	0.025000	0.015000	0.025000	0.015000	0.020000	0.005000	0.025000	0.015000	0.035000	0.040000	0.020000	0.005000	0.075000	0.065000	0.090000	
0.060000	0.020000	0.025000	0.040000	0.035000	0.020000	0.005000	0.020000	0.030000	0.010000	0.015000	0.010000	0.015000	0.010000	0.010000	0.040000	0.015000	0.005000	0.005000	0.015000	0.015000	0.015000	0.015000	0.010000	0.005000	0.010000	0.005000	0.005000	0.025000	0.010000	0.010000	0.035000	0.020000	0.005000	0.010000	0.015000	0.035000	0.010000	0.005000	0.030000	0.015000	0.005000	0.015000	0.025000	0.020000	0.010000	0.010000	0.020000	0.040000	0.005000	0.010000	0.015000	0.070000	0.010000	0.005000	0.025000	0.050000	0.015000	0.015000	0.025000	0.070000	0.030000	0.020000	0.100000	
0.050000	0.030000	0.010000	0.045000	0.010000	0.005000	0.010000	0.010000	0.010000	0.015000	0.005000	0.020000	0.025000	0.010000	0.020000	0.030000	0.075000	0.015000	0.035000	0.030000	0.015000	0.005000	0.010000	0.025000	0.005000	0.010000	0.010000	0.005000	0.015000	0.020000	0.020000	0.030000	0.035000	0.020000	0.010000	0.035000	0.005000	0.005000	0.005000	0.025000	0.020000	0.005000	0.005000	0.020000	0.015000	0.005000	0.015000	0.030000	0.045000	0.020000	0.030000	0.035000	0.015000	0.010000	0.005000	0.030000	0.020000	0.010000	0.005000	0.015000	0.055000	0.030000	0.035000	0.075000	
0.065000	0.055000	0.035000	0.050000	0.015000	0.020000	0.010000	0.040000	0.015000	0.020000	0.015000	0.035000	0.035000	0.030000	0.025000	0.055000	0.010000	0.005000	0.015000	0.015000	0.010000	0.005000	0.005000	0.005000	0.005000	0.010000	0.010000	0.005000	0.005000	0.010000	0.015000	0.060000	0.010000	0.010000	0.005000	0.030000	0.010000	0.010000	0.005000	0.015000	0.005000	0.005000	0.005000	0.010000	0.020000	0.010000	0.005000	0.025000	0.065000	0.005000	0.015000	0.025000	0.025000	0.020000	0.005000	0.015000	0.025000	0.020000	0.005000	0.040000	0.005000	0.060000	0.035000	0.065000	
0.055000	0.020000	0.030000	0.045000	0.025000	0.010000	0.010000	0.030000	0.015000	0.020000	0.010000	0.025000	0.045000	0.030000	0.020000	0.025000	0.025000	0.010000	0.005000	0.020000	0.005000	0.010000	0.005000	0.035000	0.005000	0.005000	0.005000	0.010000	0.025000	0.005000	0.010000	0.035000	0.020000	0.005000	0.005000	0.020000	0.015000	0.010000	0.010000	0.020000	0.010000	0.005000	0.005000	0.015000	0.020000	0.005000	0.005000	0.060000	0.025000	0.005000	0.025000	0.010000	0.065000	0.010000	0.010000	0.025000	0.020000	0.015000	0.010000	0.035000	0.070000	0.035000	0.025000	0.075000	
0.040000	0.040000	0.005000	0.040000	0.015000	0.005000	0.005000	0.015000	0.020000	0.025000	0.010000	0.010000	0.035000	0.015000	0.010000	0.035000	0.045000	0.020000	0.010000	0.035000	0.015000	0.005000	0.010000	0.010000	0.010000	0.005000	0.010000	0.010000	0.025000	0.015000	0.030000	0.040000	0.015000	0.010000	0.005000	0.020000	0.015000	0.005000	0.010000	0.015000	0.010000	0.005000	0.005000	0.010000	0.010000	0.010000	0.025000	0.040000	0.060000	0.025000	0.035000	0.040000	0.025000	0.010000	0.005000	0.035000	0.010000	0.015000	0.015000	0.020000	0.055000	0.020000	0.035000	0.085000	
0.045000	0.025000	0.025000	0.065000	0.015000	0.025000	0.025000	0.030000	0.020000	0.015000	0.015000	0.005000	0.040000	0.040000	0.010000	0.045000	0.035000	0.015000	0.010000	0.010000	0.010000	0.005000	0.005000	0.005000	0.005000	0.005000	0.005000	0.015000	0.005000	0.015000	0.010000	0.045000	0.020000	0.005000	0.015000	0.010000	0.015000	0.015000	0.005000	0.015000	0.015000	0.015000	0.005000	0.005000	0.020000	0.015000	0.005000	0.010000	0.065000	0.025000	0.010000	0.025000	0.005000	0.025000	0.005000	0.025000	0.030000	0.015000	0.015000	0.040000	0.005000	0.060000	0.040000	0.095000	
0.060000	0.030000	0.035000	0.040000	0.025000	0.020000	0.005000	0.020000	0.015000	0.010000	0.015000	0.020000	0.015000	0.020000	0.020000	0.055000	0.020000	0.005000	0.005000	0.015000	0.040000	0.010000	0.005000	0.015000	0.005000	0.015000	0.010000	0.010000	0.025000	0.005000	0.005000	0.040000	0.030000	0.005000	0.010000	0.025000	0.025000	0.005000	0.005000	0.015000	0.010000	0.005000	0.010000	0.015000	0.020000	0.005000	0.010000	0.030000	0.030000	0.005000	0.015000	0.020000	0.045000	0.010000	0.015000	0.060000	0.015000	0.005000	0.020000	0.025000	0.085000	0.005000	0.025000	0.080000	
0.035000	0.035000	0.030000	0.040000	0.010000	0.010000	0.010000	0.015000	0.020000	0.020000	0.015000	0.010000	0.015000	0.025000	0.025000	0.035000	0.035000	0.035000	0.020000	0.045000	0.010000	0.010000	0.005000	0.020000	0.010000	0.010000	0.005000	0.005000	0.025000	0.020000	0.020000	0.045000	0.005000	0.005000	0.005000	0.030000	0.010000	0.005000	0.005000	0.015000	0.020000	0.005000	0.010000	0.020000	0.005000	0.005000	0.030000	0.030000	0.060000	0.010000	0.055000	0.020000	0.010000	0.010000	0.010000	0.005000	0.010000	0.020000	0.010000	0.020000	0.090000	0.020000	0.030000	0.065000	
0.050000	0.020000	0.010000	0.055000	0.015000	0.025000	0.015000	0.030000	0.015000	0.050000	0.005000	0.040000	0.035000	0.030000	0.015000	0.055000	0.010000	0.015000	0.005000	0.010000	0.015000	0.005000	0.005000	0.010000	0.005000	0.010000	0.005000	0.010000	0.005000	0.010000	0.010000	0.030000	0.005000	0.010000	0.015000	0.030000	0.005000	0.005000	0.020000	0.025000	0.010000	0.015000	0.010000	0.005000	0.005000	0.015000	0.015000	0.020000	0.055000	0.035000	0.020000	0.025000	0.025000	0.015000	0.010000	0.020000	0.035000	0.025000	0.030000	0.015000	0.005000	0.035000	0.025000	0.110000	
0.025000	0.020000	0.040000	0.035000	0.035000	0.005000	0.005000	0.035000	0.015000	0.010000	0.005000	0.020000	0.020000	0.030000	0.025000	0.045000	0.030000	0.010000	0.010000	0.010000	0.020000	0.010000	0.005000	0.015000	0.015000	0.015000	0.005000	0.015000	0.040000	0.005000	0.010000	0.030000	0.025000	0.005000	0.015000	0.020000	0.045000	0.005000	0.005000	0.045000	0.010000	0.010000	0.010000	0.020000	0.025000	0.005000	0.015000	0.025000	0.005000	0.010000	0.025000	0.010000	0.040000	0.010000	0.010000	0.030000	0.015000	0.010000	0.010000	0.030000	0.085000	0.015000	0.025000	0.090000	
0.020000	0.020000	0.020000	0.025000	0.010000	0.010000	0.010000	0.015000	0.030000	0.015000	0.020000	0.025000	0.015000	0.015000	0.015000	0.030000	0.065000	0.035000	0.010000	0.030000	0.005000	0.010000	0.010000	0.005000	0.005000	0.010000	0.005000	0.005000	0.050000	0.020000	0.010000	0.045000	0.025000	0.005000	0.005000	0.020000	0.020000	0.005000	0.010000	0.010000	0.010000	0.005000	0.005000	0.010000	0.005000	0.010000	0.005000	0.065000	0.095000	0.010000	0.025000	0.040000	0.010000	0.010000	0.005000	0.030000	0.025000	0.020000	0.015000	0.015000	0.060000	0.030000	0.030000	0.070000	
0.060000	0.035000	0.015000	0.095000	0.005000	0.020000	0.025000	0.020000	0.010000	0.010000	0.030000	0.010000	0.030000	0.035000	0.015000	0.035000	0.010000	0.015000	0.005000	0.015000	0.005000	0.010000	0.010000	0.010000	0.005000	0.005000	0.015000	0.010000	0.005000	0.025000	0.010000	0.020000	0.015000	0.010000	0.010000	0.035000	0.010000	0.015000	0.010000	0.015000	0.015000	0.010000	0.005000	0.015000	0.015000	0.010000	0.005000	0.025000	0.075000	0.015000	0.025000	0.015000	0.020000	0.020000	0.005000	0.030000	0.020000	0.020000	0.010000	0.010000	0.005000	0.045000	0.055000	0.105000	
0.040000	0.030000	0.040000	0.050000	0.015000	0.015000	0.005000	0.040000	0.015000	0.010000	0.010000	0.020000	0.060000	0.035000	0.020000	0.045000	0.010000	0.010000	0.005000	0.015000	0.035000	0.010000	0.005000	0.015000	0.005000	0.010000	0.010000	0.025000	0.030000	0.015000	0.020000	0.010000	0.015000	0.015000	0.010000	0.010000	0.020000	0.005000	0.010000	0.010000	0.025000	0.010000	0.005000	0.020000	0.015000	0.005000	0.010000	0.015000	0.025000	0.005000	0.010000	0.015000	0.025000	0.025000	0.015000	0.050000	0.045000	0.005000	0.015000	0.020000	0.055000	0.010000	0.020000	0.100000	
0.025000	0.030000	0.010000	0.025000	0.015000	0.010000	0.015000	0.020000	0.025000	0.015000	0.005000	0.020000	0.025000	0.010000	0.005000	0.050000	0.035000	0.010000	0.015000	0.035000	0.020000	0.010000	0.005000	0.020000	0.010000	0.005000	0.010000	0.010000	0.030000	0.010000	0.020000	0.055000	0.035000	0.005000	0.010000	0.040000	0.015000	0.005000	0.005000	0.010000	0.005000	0.005000	0.005000	0.025000	0.030000	0.020000	0.015000	0.020000	0.085000	0.015000	0.030000	0.030000	0.030000	0.010000	0.005000	0.020000	0.015000	0.015000	0.015000	0.025000	0.055000	0.010000	0.040000	0.065000	
0.070000	0.040000	0.010000	0.060000	0.005000	0.030000	0.015000	0.010000	0.020000	0.020000	0.015000	0.010000	0.030000	0.045000	0.015000	0.040000	0.050000	0.015000	0.005000	0.010000	0.005000	0.010000	0.010000	0.010000	0.005000	0.005000	0.010000	0.010000	0.005000	0.015000	0.020000	0.030000	0.025000	0.005000	0.015000	0.010000	0.005000	0.010000	0.015000	0.010000	0.010000	0.010000	0.005000	0.010000	0.025000	0.005000	0.010000	0.040000	0.080000	0.020000	0.025000	0.015000	0.010000	0.005000	0.015000	0.020000	0.020000	0.025000	0.015000	0.020000	0.005000	0.035000	0.035000	0.115000	
0.100000	0.025000	0.040000	0.060000	0.040000	0.005000	0.005000	0.030000	0.015000	0.010000	0.015000	0.015000	0.025000	0.025000	0.010000	0.035000	0.010000	0.005000	0.005000	0.005000	0.020000	0.005000	0.005000	0.025000	0.010000	0.010000	0.010000	0.025000	0.020000	0.010000	0.005000	0.015000	0.015000	0.015000	0.005000	0.020000	0.025000	0.010000	0.015000	0.010000	0.010000	0.005000	0.010000	0.020000	0.010000	0.005000	0.005000	0.030000	0.015000	0.010000	0.010000	0.030000	0.030000	0.020000	0.010000	0.040000	0.030000	0.015000	0.010000	0.025000	0.070000	0.025000	0.040000	0.090000	
0.050000	0.015000	0.030000	0.045000	0.015000	0.005000	0.005000	0.030000	0.010000	0.010000	0.015000	0.025000	0.025000	0.015000	0.030000	0.045000	0.045000	0.015000	0.015000	0.040000	0.005000	0.010000	0.005000	0.020000	0.010000	0.005000	0.005000	0.015000	0.055000	0.005000	0.010000	0.035000	0.025000	0.010000	0.005000	0.025000	0.010000	0.005000	0.005000	0.020000	0.020000	0.005000	0.005000	0.015000	0.020000	0.005000	0.010000	0.050000	0.045000	0.020000	0.020000	0.040000	0.025000	0.005000	0.005000	0.030000	0.015000	0.005000	0.020000	0.020000	0.030000	0.030000	0.045000	0.065000	
0.045000	0.035000	0.030000	0.055000	0.010000	0.010000	0.020000	0.020000	0.010000	0.025000	0.010000	0.025000	0.025000	0.040000	0.015000	0.070000	0.015000	0.015000	0.010000	0.015000	0.005000	0.010000	0.005000	0.005000	0.005000	0.005000	0.005000	0.005000	0.005000	0.025000	0.010000	0.060000	0.015000	0.010000	0.010000	0.020000	0.005000	0.005000	0.010000	0.005000	0.015000	0.005000	0.010000	0.015000	0.015000	0.005000	0.010000	0.045000	0.065000	0.035000	0.010000	0.020000	0.015000	0.010000	0.005000	0.025000	0.030000	0.025000	0.025000	0.015000	0.005000	0.055000	0.045000	0.090000	
0.065000	0.020000	0.025000	0.030000	0.035000	0.015000	0.015000	0.030000	0.025000	0.005000	0.020000	0.010000	0.015000	0.025000	0.015000	0.055000	0.020000	0.005000	0.005000	0.005000	0.015000	0.005000	0.005000	0.010000	0.015000	0.005000	0.005000	0.015000	0.020000	0.005000	0.005000	0.025000	0.035000	0.010000	0.010000	0.005000	0.030000	0.005000	0.005000	0.020000	0.015000	0.010000	0.010000	0.015000	0.020000	0.015000	0.010000	0.015000	0.020000	0.010000	0.005000	0.015000	0.075000	0.010000	0.005000	0.035000	0.020000	0.025000	0.010000	0.025000	0.110000	0.025000	0.035000	0.095000	
0.045000	0.005000	0.040000	0.050000	0.020000	0.005000	0.005000	0.015000	0.015000	0.005000	0.015000	0.010000	0.005000	0.005000	0.015000	0.030000	0.060000	0.020000	0.025000	0.050000	0.005000	0.010000	0.005000	0.015000	0.010000	0.005000	0.005000	0.010000	0.030000	0.010000	0.015000	0.040000	0.015000	0.005000	0.010000	0.045000	0.005000	0.005000	0.005000	0.030000	0.015000	0.005000	0.010000	0.015000	0.015000	0.010000	0.025000	0.015000	0.050000	0.040000	0.025000	0.050000	0.020000	0.010000	0.005000	0.035000	0.020000	0.010000	0.010000	0.025000	0.035000	0.015000	0.020000	0.120000	
0.070000	0.035000	0.015000	0.050000	0.010000	0.030000	0.010000	0.020000	0.015000	0.045000	0.020000	0.020000	0.045000	0.060000	0.025000	0.065000	0.015000	0.010000	0.005000	0.020000	0.005000	0.010000	0.010000	0.005000	0.005000	0.005000	0.005000	0.005000	0.005000	0.015000	0.015000	0.060000	0.025000	0.005000	0.005000	0.025000	0.010000	0.005000	0.005000	0.005000	0.005000	0.005000	0.010000	0.020000	0.015000	0.010000	0.005000	0.030000	0.050000	0.010000	0.015000	0.010000	0.010000	0.015000	0.005000	0.010000	0.020000	0.035000	0.010000	0.010000	0.005000	0.080000	0.030000	0.090000	
0.040000	0.030000	0.045000	0.045000	0.030000	0.005000	0.005000	0.020000	0.010000	0.005000	0.005000	0.020000	0.030000	0.015000	0.010000	0.050000	0.005000	0.015000	0.005000	0.010000	0.030000	0.010000	0.005000	0.015000	0.005000	0.005000	0.010000	0.010000	0.015000	0.005000	0.005000	0.015000	0.015000	0.005000	0.005000	0.020000	0.045000	0.010000	0.005000	0.030000	0.010000	0.005000	0.010000	0.020000	0.020000	0.005000	0.005000	0.025000	0.035000	0.010000	0.010000	0.015000	0.055000	0.025000	0.015000	0.070000	0.030000	0.005000	0.005000	0.035000	0.105000	0.015000	0.020000	0.105000	
0.030000	0.020000	0.025000	0.020000	0.030000	0.005000	0.005000	0.020000	0.005000	0.010000	0.030000	0.020000	0.015000	0.015000	0.015000	0.045000	0.055000	0.015000	0.020000	0.070000	0.030000	0.010000	0.005000	0.005000	0.015000	0.005000	0.005000	0.005000	0.040000	0.010000	0.025000	0.060000	0.025000	0.005000	0.005000	0.020000	0.005000	0.005000	0.005000	0.005000	0.005000	0.005000	0.010000	0.010000	0.025000	0.005000	0.015000	0.040000	0.070000	0.035000	0.015000	0.050000	0.010000	0.005000	0.005000	0.020000	0.005000	0.010000	0.015000	0.010000	0.050000	0.010000	0.035000	0.100000	
0.060000	0.035000	0.025000	0.060000	0.005000	0.015000	0.020000	0.035000	0.020000	0.005000	0.015000	0.025000	0.030000	0.050000	0.015000	0.065000	0.020000	0.010000	0.015000	0.030000	0.005000	0.005000	0.005000	0.010000	0.005000	0.005000	0.005000	0.005000	0.005000	0.015000	0.025000	0.005000	0.005000	0.005000	0.005000	0.015000	0.005000	0.010000	0.010000	0.005000	0.015000	0.005000	0.010000	0.030000	0.010000	0.010000	0.010000	0.015000	0.060000	0.015000	0.025000	0.030000	0.005000	0.010000	0.005000	0.020000	0.020000	0.025000	0.025000	0.020000	0.005000	0.050000	0.065000	0.125000	
0.050000	0.020000	0.055000	0.020000	0.020000	0.015000	0.005000	0.025000	0.015000	0.015000	0.020000	0.020000	0.030000	0.035000	0.015000	0.055000	0.005000	0.005000	0.005000	0.005000	0.005000	0.005000	0.010000	0.020000	0.015000	0.010000	0.005000	0.010000	0.015000	0.010000	0.015000	0.030000	0.005000	0.005000	0.010000	0.040000	0.015000	0.005000	0.005000	0.015000	0.010000	0.005000	0.015000	0.025000	0.025000	0.005000	0.005000	0.045000	0.005000	0.010000	0.010000	0.025000	0.065000	0.005000	0.005000	0.050000	0.025000	0.025000	0.020000	0.045000	0.065000	0.015000	0.040000	0.090000	
0.020000	0.020000	0.005000	0.020000	0.015000	0.005000	0.010000	0.010000	0.015000	0.015000	0.020000	0.030000	0.020000	0.010000	0.010000	0.050000	0.030000	0.015000	0.010000	0.050000	0.010000	0.005000	0.005000	0.010000	0.005000	0.005000	0.005000	0.010000	0.035000	0.010000	0.030000	0.035000	0.020000	0.015000	0.005000	0.025000	0.030000	0.005000	0.005000	0.015000	0.020000	0.005000	0.015000	0.020000	0.020000	0.010000	0.025000	0.045000	0.070000	0.015000	0.010000	0.040000	0.010000	0.015000	0.005000	0.035000	0.025000	0.005000	0.020000	0.025000	0.070000	0.030000	0.040000	0.080000	
0.035000	0.035000	0.015000	0.055000	0.015000	0.030000	0.005000	0.015000	0.005000	0.005000	0.005000	0.015000	0.035000	0.060000	0.005000	0.035000	0.030000	0.015000	0.010000	0.010000	0.005000	0.010000	0.010000	0.005000	0.005000	0.005000	0.010000	0.005000	0.005000	0.015000	0.015000	0.035000	0.005000	0.005000	0.015000	0.040000	0.010000	0.005000	0.005000	0.010000	0.010000	0.015000	0.005000	0.030000	0.010000	0.015000	0.015000	0.045000	0.090000	0.010000	0.025000	0.020000	0.015000	0.010000	0.005000	0.030000	0.035000	0.035000	0.010000	0.025000	0.005000	0.080000	0.030000	0.095000	
0.075000	0.020000	0.020000	0.045000	0.040000	0.005000	0.005000	0.015000	0.025000	0.010000	0.010000	0.020000	0.055000	0.015000	0.015000	0.040000	0.025000	0.005000	0.005000	0.010000	0.030000	0.005000	0.005000	0.015000	0.005000	0.005000	0.005000	0.010000	0.025000	0.010000	0.005000	0.020000	0.025000	0.010000	0.005000	0.015000	0.040000	0.005000	0.005000	0.010000	0.010000	0.005000	0.005000	0.010000	0.010000	0.005000	0.010000	0.050000	0.020000	0.010000	0.010000	0.015000	0.090000	0.015000	0.010000	0.055000	0.020000	0.010000	0.015000	0.020000	0.055000	0.015000	0.035000	0.105000	
0.065000	0.025000	0.005000	0.050000	0.010000	0.005000	0.005000	0.025000	0.005000	0.015000	0.010000	0.010000	0.030000	0.010000	0.015000	0.030000	0.075000	0.010000	0.055000	0.060000	0.010000	0.010000	0.005000	0.005000	0.005000	0.005000	0.005000	0.010000	0.020000	0.005000	0.025000	0.045000	0.015000	0.005000	0.015000	0.025000	0.005000	0.005000	0.005000	0.015000	0.010000	0.005000	0.010000	0.010000	0.010000	0.015000	0.010000	0.025000	0.060000	0.030000	0.035000	0.020000	0.015000	0.010000	0.005000	0.015000	0.015000	0.015000	0.010000	0.025000	0.075000	0.020000	0.020000	0.100000	
0.065000	0.030000	0.045000	0.075000	0.005000	0.020000	0.030000	0.015000	0.015000	0.030000	0.040000	0.025000	0.035000	0.045000	0.010000	0.065000	0.005000	0.015000	0.005000	0.015000	0.005000	0.010000	0.010000	0.005000	0.005000	0.005000	0.005000	0.005000	0.005000	0.015000	0.010000	0.030000	0.010000	0.005000	0.005000	0.015000	0.015000	0.010000	0.010000	0.005000	0.010000	0.005000	0.010000	0.010000	0.005000	0.010000	0.030000	0.010000	0.070000	0.025000	0.015000	0.025000	0.010000	0.010000	0.005000	0.025000	0.010000	0.025000	0.015000	0.020000	0.005000	0.065000	0.040000	0.090000	
0.070000	0.025000	0.025000	0.030000	0.025000	0.010000	0.005000	0.035000	0.010000	0.005000	0.015000	0.040000	0.020000	0.025000	0.025000	0.060000	0.015000	0.005000	0.010000	0.005000	0.035000	0.005000	0.005000	0.005000	0.015000	0.015000	0.005000	0.020000	0.010000	0.005000	0.015000	0.020000	0.015000	0.005000	0.010000	0.010000	0.020000	0.005000	0.005000	0.035000	0.030000	0.010000	0.010000	0.020000	0.020000	0.010000	0.005000	0.025000	0.020000	0.010000	0.010000	0.010000	0.080000	0.005000	0.005000	0.045000	0.040000	0.010000	0.015000	0.025000	0.065000	0.015000	0.015000	0.100000	
0.030000	0.030000	0.015000	0.045000	0.030000	0.005000	0.005000	0.005000	0.005000	0.005000	0.010000	0.035000	0.010000	0.015000	0.005000	0.025000	0.065000	0.030000	0.025000	0.040000	0.010000	0.005000	0.005000	0.005000	0.005000	0.005000	0.005000	0.005000	0.030000	0.010000	0.030000	0.050000	0.020000	0.015000	0.005000	0.055000	0.010000	0.005000	0.005000	0.020000	0.020000	0.005000	0.005000	0.015000	0.020000	0.025000	0.020000	0.040000	0.055000	0.005000	0.020000	0.035000	0.020000	0.010000	0.015000	0.010000	0.020000	0.005000	0.015000	0.020000	0.055000	0.035000	0.030000	0.085000	
0.040000	0.055000	0.015000	0.060000	0.010000	0.025000	0.020000	0.025000	0.015000	0.020000	0.010000	0.020000	0.055000	0.050000	0.015000	0.055000	0.020000	0.005000	0.010000	0.035000	0.005000	0.005000	0.005000	0.010000	0.010000	0.005000	0.005000	0.010000	0.005000	0.010000	0.005000	0.020000	0.010000	0.005000	0.005000	0.030000	0.005000	0.005000	0.005000	0.005000	0.005000	0.020000	0.005000	0.005000	0.020000	0.010000	0.005000	0.040000	0.050000	0.040000	0.010000	0.015000	0.020000	0.020000	0.010000	0.035000	0.025000	0.030000	0.010000	0.020000	0.005000	0.075000	0.045000	0.075000	
0.070000	0.010000	0.005000	0.035000	0.060000	0.015000	0.005000	0.025000	0.005000	0.010000	0.005000	0.020000	0.040000	0.030000	0.015000	0.055000	0.025000	0.005000	0.005000	0.005000	0.015000	0.010000	0.005000	0.025000	0.005000	0.010000	0.005000	0.020000	0.025000	0.010000	0.015000	0.025000	0.030000	0.005000	0.005000	0.015000	0.025000	0.020000	0.010000	0.020000	0.005000	0.005000	0.010000	0.010000	0.015000	0.005000	0.010000	0.025000	0.045000	0.010000	0.020000	0.010000	0.095000	0.020000	0.005000	0.025000	0.005000	0.020000	0.010000	0.035000	0.050000	0.015000	0.035000	0.090000	
0.095000	0.030000	0.025000	0.020000	0.005000	0.005000	0.010000	0.010000	0.015000	0.005000	0.010000	0.005000	0.020000	0.010000	0.015000	0.020000	0.065000	0.030000	0.050000	0.050000	0.015000	0.015000	0.005000	0.030000	0.005000	0.005000	0.005000	0.010000	0.045000	0.005000	0.010000	0.035000	0.005000	0.005000	0.005000	0.005000	0.025000	0.005000	0.005000	0.010000	0.005000	0.005000	0.010000	0.010000	0.005000	0.005000	0.015000	0.060000	0.060000	0.015000	0.015000	0.040000	0.015000	0.005000	0.005000	0.035000	0.005000	0.025000	0.015000	0.030000	0.060000	0.020000	0.030000	0.085000	
0.080000	0.055000	0.025000	0.065000	0.020000	0.015000	0.010000	0.035000	0.025000	0.025000	0.025000	0.020000	0.020000	0.060000	0.010000	0.025000	0.010000	0.005000	0.005000	0.040000	0.010000	0.005000	0.005000	0.010000	0.005000	0.005000	0.010000	0.005000	0.005000	0.015000	0.015000	0.050000	0.005000	0.005000	0.015000	0.005000	0.005000	0.010000	0.010000	0.015000	0.010000	0.010000	0.010000	0.010000	0.010000	0.005000	0.020000	0.020000	0.070000	0.015000	0.030000	0.015000	0.010000	0.010000	0.010000	0.010000	0.015000	0.025000	0.005000	0.025000	0.005000	0.055000	0.045000	0.095000	
0.050000	0.030000	0.030000	0.055000	0.040000	0.010000	0.005000	0.025000	0.020000	0.015000	0.010000	0.030000	0.020000	0.030000	0.025000	0.050000	0.025000	0.010000	0.005000	0.005000	0.025000	0.005000	0.005000	0.005000	0.010000	0.010000	0.005000	0.010000	0.025000	0.010000	0.015000	0.020000	0.015000	0.005000	0.010000	0.025000	0.030000	0.010000	0.010000	0.015000	0.020000	0.005000	0.010000	0.015000	0.025000	0.005000	0.010000	0.020000	0.015000	0.005000	0.010000	0.010000	0.080000	0.020000	0.010000	0.025000	0.030000	0.015000	0.015000	0.030000	0.095000	0.010000	0.035000	0.050000	
0.045000	0.015000	0.020000	0.025000	0.010000	0.005000	0.010000	0.025000	0.020000	0.020000	0.005000	0.010000	0.030000	0.005000	0.010000	0.050000	0.045000	0.035000	0.030000	0.065000	0.010000	0.010000	0.005000	0.020000	0.015000	0.005000	0.005000	0.005000	0.025000	0.005000	0.015000	0.025000	0.020000	0.010000	0.010000	0.040000	0.005000	0.015000	0.005000	0.020000	0.010000	0.010000	0.015000	0.005000	0.020000	0.020000	0.010000	0.035000	0.070000	0.025000	0.030000	0.040000	0.020000	0.010000	0.005000	0.020000	0.020000	0.015000	0.010000	0.040000	0.030000	0.025000	0.025000	0.060000	
0.070000	0.040000	0.030000	0.040000	0.010000	0.035000	0.015000	0.025000	0.025000	0.025000	0.010000	0.030000	0.040000	0.025000	0.020000	0.085000	0.015000	0.005000	0.005000	0.020000	0.015000	0.010000	0.005000	0.010000	0.005000	0.005000	0.005000	0.010000	0.005000	0.035000	0.025000	0.020000	0.015000	0.020000	0.005000	0.025000	0.005000	0.010000	0.010000	0.025000	0.005000	0.005000	0.005000	0.020000	0.015000	0.010000	0.005000	0.030000	0.055000	0.010000	0.020000	0.020000	0.010000	0.005000	0.005000	0.035000	0.015000	0.020000	0.010000	0.015000	0.005000	0.050000	0.025000	0.090000	
0.040000	0.025000	0.035000	0.055000	0.035000	0.010000	0.015000	0.015000	0.020000	0.005000	0.010000	0.025000	0.025000	0.020000	0.015000	0.045000	0.010000	0.010000	0.005000	0.015000	0.040000	0.005000	0.005000	0.010000	0.010000	0.005000	0.005000	0.015000	0.030000	0.010000	0.015000	0.040000	0.010000	0.005000	0.005000	0.030000	0.030000	0.005000	0.005000	0.015000	0.010000	0.010000	0.005000	0.005000	0.020000	0.005000	0.020000	0.030000	0.010000	0.010000	0.020000	0.025000	0.040000	0.025000	0.005000	0.050000	0.015000	0.020000	0.015000	0.025000	0.110000	0.020000	0.030000	0.065000	
0.020000	0.010000	0.025000	0.015000	0.015000	0.005000	0.005000	0.025000	0.015000	0.015000	0.005000	0.030000	0.035000	0.025000	0.020000	0.045000	0.065000	0.025000	0.015000	0.040000	0.015000	0.010000	0.005000	0.015000	0.010000	0.005000	0.005000	0.010000	0.015000	0.010000	0.015000	0.050000	0.010000	0.015000	0.005000	0.025000	0.015000	0.005000	0.005000	0.015000	0.005000	0.005000	0.010000	0.015000	0.010000	0.010000	0.010000	0.040000	0.080000	0.035000	0.035000	0.035000	0.020000	0.005000	0.005000	0.025000	0.030000	0.015000	0.010000	0.025000	0.050000	0.020000	0.025000	0.085000	
0.070000	0.025000	0.020000	0.060000	0.010000	0.020000	0.015000	0.040000	0.025000	0.010000	0.015000	0.030000	0.020000	0.040000	0.010000	0.045000	0.020000	0.020000	0.005000	0.020000	0.005000	0.005000	0.005000	0.010000	0.005000	0.005000	0.005000	0.005000	0.005000	0.030000	0.015000	0.030000	0.015000	0.005000	0.005000	0.035000	0.010000	0.010000	0.010000	0.010000	0.005000	0.005000	0.010000	0.010000	0.030000	0.010000	0.015000	0.025000	0.070000	0.015000	0.010000	0.015000	0.015000	0.010000	0.010000	0.030000	0.015000	0.025000	0.010000	0.020000	0.005000	0.065000	0.050000	0.100000	
0.065000	0.035000	0.040000	0.035000	0.025000	0.010000	0.005000	0.025000	0.005000	0.015000	0.005000	0.015000	0.050000	0.015000	0.020000	0.045000	0.015000	0.005000	0.010000	0.010000	0.015000	0.010000	0.005000	0.015000	0.010000	0.005000	0.010000	0.015000	0.030000	0.005000	0.015000	0.040000	0.025000	0.005000	0.015000	0.005000	0.015000	0.005000	0.005000	0.020000	0.015000	0.005000	0.005000	0.015000	0.025000	0.005000	0.005000	0.030000	0.015000	0.005000	0.005000	0.035000	0.060000	0.025000	0.010000	0.050000	0.035000	0.025000	0.005000	0.025000	0.105000	0.025000	0.015000	0.055000	
0.030000	0.040000	0.015000	0.035000	0.010000	0.020000	0.005000	0.015000	0.020000	0.030000	0.010000	0.010000	0.015000	0.015000	0.005000	0.050000	0.035000	0.030000	0.015000	0.035000	0.030000	0.005000	0.005000	0.010000	0.005000	0.005000	0.005000	0.010000	0.035000	0.030000	0.015000	0.030000	0.025000	0.015000	0.005000	0.020000	0.010000	0.005000	0.005000	0.030000	0.010000	0.005000	0.005000	0.005000	0.015000	0.015000	0.005000	0.035000	0.085000	0.005000	0.050000	0.070000	0.010000	0.005000	0.015000	0.020000	0.030000	0.005000	0.010000	0.010000	0.035000	0.030000	0.040000	0.065000	
0.055000	0.050000	0.025000	0.045000	0.010000	0.030000	0.010000	0.040000	0.020000	0.035000	0.020000	0.010000	0.035000	0.050000	0.015000	0.060000	0.015000	0.005000	0.015000	0.025000	0.010000	0.005000	0.010000	0.010000	0.005000	0.005000	0.010000	0.010000	0.005000	0.020000	0.010000	0.040000	0.005000	0.005000	0.015000	0.040000	0.005000	0.010000	0.010000	0.020000	0.005000	0.005000	0.005000	0.015000	0.005000	0.010000	0.005000	0.015000	0.045000	0.025000	0.015000	0.015000	0.005000	0.035000	0.005000	0.045000	0.020000	0.020000	0.010000	0.015000	0.005000	0.055000	0.035000	0.085000	
0.060000	0.010000	0.020000	0.030000	0.015000	0.015000	0.020000	0.035000	0.020000	0.010000	0.015000	0.025000	0.025000	0.035000	0.020000	0.045000	0.010000	0.005000	0.005000	0.010000	0.040000	0.010000	0.010000	0.020000	0.005000	0.005000	0.010000	0.015000	0.040000	0.010000	0.020000	0.045000	0.010000	0.010000	0.010000	0.020000	0.020000	0.010000	0.005000	0.030000	0.010000	0.005000	0.005000	0.025000	0.015000	0.005000	0.005000	0.025000	0.020000	0.005000	0.015000	0.010000	0.070000	0.020000	0.010000	0.035000	0.020000	0.005000	0.010000	0.030000	0.060000	0.015000	0.040000	0.085000	
0.020000	0.030000	0.020000	0.030000	0.010000	0.010000	0.005000	0.005000	0.010000	0.010000	0.010000	0.020000	0.015000	0.010000	0.015000	0.030000	0.070000	0.035000	0.020000	0.020000	0.020000	0.005000	0.005000	0.025000	0.010000	0.010000	0.010000	0.015000	0.035000	0.020000	0.010000	0.055000	0.005000	0.010000	0.005000	0.035000	0.010000	0.005000	0.005000	0.005000	0.005000	0.010000	0.010000	0.015000	0.015000	0.010000	0.025000	0.045000	0.050000	0.025000	0.030000	0.035000	0.030000	0.015000	0.005000	0.015000	0.010000	0.015000	0.015000	0.045000	0.060000	0.020000	0.045000	0.075000	
0.050000	0.040000	0.025000	0.030000	0.015000	0.035000	0.010000	0.040000	0.025000	0.010000	0.025000	0.015000	0.010000	0.050000	0.020000	0.040000	0.015000	0.010000	0.010000	0.035000	0.015000	0.010000	0.005000	0.005000	0.005000	0.005000	0.005000	0.005000	0.005000	0.005000	0.010000	0.030000	0.015000	0.005000	0.005000	0.010000	0.005000	0.015000	0.005000	0.020000	0.010000	0.005000	0.005000	0.025000	0.020000	0.020000	0.015000	0.040000	0.060000	0.010000	0.030000	0.025000	0.015000	0.015000	0.005000	0.025000	0.025000	0.020000	0.020000	0.030000	0.005000	0.070000	0.050000	0.080000	
