>NC_004461
0.000755	0.000755	0.000755	0.000755	0.000755	0.000755	0.000755	0.000755	0.000755	0.000755	0.000755	0.000755	0.000755	0.000755	0.000755	0.000755	0.000755	0.000755	0.000755	0.000755	0.000755	0.000755	0.000755	0.000755	0.000755	0.000755	0.000755	0.000755	0.153208	0.000755	0.000755	0.000755	0.000755	0.000755	0.000755	0.000755	0.000755	0.000755	0.000755	0.000755	0.000755	0.000755	0.000755	0.000755	0.000755	0.000755	0.000755	0.000755	0.000755	0.000755	0.000755	0.000755	0.126038	0.000755	0.000755	0.000755	0.000755	0.000755	0.000755	0.000755	0.723019	0.000755	0.000755	0.000755	
0.000755	0.000755	0.000755	0.000755	0.000755	0.000755	0.000755	0.000755	0.000755	0.000755	0.000755	0.000755	0.000755	0.000755	0.000755	0.000755	0.038491	0.020377	0.006038	0.063396	0.000755	0.000755	0.000755	0.000755	0.000755	0.000755	0.000755	0.000755	0.000755	0.000755	0.000755	0.000755	0.000755	0.000755	0.000755	0.000755	0.000755	0.000755	0.000755	0.000755	0.000755	0.000755	0.000755	0.000755	0.000755	0.000755	0.000755	0.000755	0.289811	0.099623	0.083019	0.405283	0.000755	0.000755	0.000755	0.000755	0.000755	0.000755	0.000755	0.000755	0.000755	0.000755	0.000755	0.000755	
0.104151	0.035472	0.036981	0.153208	0.033962	0.021887	0.007547	0.058113	0.024151	0.016604	0.008302	0.041509	0.116981	0.040755	0.053585	0.258868	0.000755	0.000755	0.000755	0.000755	0.000755	0.000755	0.000755	0.000755	0.000755	0.000755	0.000755	0.000755	0.000755	0.000755	0.000755	0.000755	0.000755	0.000755	0.000755	0.000755	0.000755	0.000755	0.000755	0.000755	0.000755	0.000755	0.000755	0.000755	0.000755	0.000755	0.000755	0.000755	0.000755	0.000755	0.000755	0.000755	0.000755	0.000755	0.000755	0.000755	0.000755	0.000755	0.000755	0.000755	0.000755	0.000755	0.000755	0.000755	
0.030189	0.020377	0.011321	0.044528	0.005283	0.011321	0.009057	0.012075	0.018113	0.009811	0.005283	0.006038	0.032453	0.041509	0.017358	0.064151	0.008302	0.008302	0.001509	0.018113	0.009057	0.007547	0.000755	0.006792	0.003774	0.003019	0.000755	0.002264	0.000755	0.019623	0.007547	0.032453	0.012075	0.006792	0.001509	0.006038	0.002264	0.004528	0.003019	0.009057	0.003774	0.001509	0.002264	0.003019	0.005283	0.013585	0.006792	0.018113	0.044528	0.018868	0.013585	0.042264	0.000755	0.015094	0.006792	0.020377	0.027925	0.015849	0.006038	0.006038	0.000755	0.062642	0.040000	0.157736	
0.032453	0.011321	0.008302	0.043019	0.020377	0.006792	0.004528	0.022642	0.006038	0.005283	0.004528	0.012075	0.043774	0.014340	0.012075	0.040755	0.005283	0.003774	0.003019	0.005283	0.021132	0.006038	0.003019	0.008302	0.005283	0.003019	0.003019	0.008302	0.015849	0.005283	0.003774	0.023396	0.017358	0.006792	0.006792	0.022642	0.009057	0.005283	0.004528	0.011321	0.002264	0.000755	0.003774	0.007547	0.001509	0.002264	0.003774	0.009811	0.018113	0.006792	0.002264	0.012075	0.064906	0.012075	0.015849	0.044528	0.029434	0.006792	0.010566	0.024906	0.096604	0.036981	0.028679	0.110189	
0.027170	0.010566	0.009057	0.026415	0.006038	0.005283	0.003019	0.014340	0.003774	0.003019	0.002264	0.011321	0.019623	0.004528	0.011321	0.047547	0.029434	0.017358	0.012830	0.055849	0.005283	0.006792	0.002264	0.015849	0.009057	0.004528	0.002264	0.012075	0.018868	0.009811	0.006038	0.052075	0.016604	0.006038	0.004528	0.015849	0.003774	0.001509	0.001509	0.009057	0.008302	0.004528	0.001509	0.007547	0.010566	0.006792	0.012830	0.022642	0.040755	0.020377	0.023396	0.073208	0.024906	0.006792	0.008302	0.018868	0.014340	0.009811	0.004528	0.019623	0.048302	0.019623	0.025660	0.090566	
0.038491	0.015094	0.011321	0.049057	0.004528	0.018868	0.011321	0.019623	0.015094	0.012075	0.005283	0.017358	0.030189	0.049057	0.025660	0.066415	0.012830	0.009811	0.002264	0.015094	0.006792	0.006038	0.001509	0.006038	0.003019	0.003774	0.001509	0.006792	0.000755	0.025660	0.005283	0.026415	0.011321	0.007547	0.003774	0.012830	0.002264	0.007547	0.006038	0.006038	0.001509	0.003774	0.001509	0.003774	0.012075	0.008302	0.008302	0.021887	0.051321	0.018868	0.012075	0.015094	0.000755	0.015849	0.003774	0.020377	0.015849	0.012075	0.014340	0.013585	0.000755	0.089057	0.034717	0.088302	
0.048302	0.012075	0.014340	0.039245	0.015849	0.010566	0.005283	0.019623	0.009057	0.003774	0.002264	0.014340	0.034717	0.011321	0.009811	0.036226	0.004528	0.003774	0.000755	0.005283	0.019623	0.003019	0.003774	0.021887	0.009057	0.001509	0.002264	0.009811	0.017358	0.007547	0.009057	0.018113	0.012075	0.003019	0.002264	0.018113	0.010566	0.003774	0.003774	0.013585	0.003774	0.003019	0.003019	0.012830	0.013585	0.004528	0.003774	0.019623	0.015849	0.002264	0.004528	0.021132	0.061887	0.028679	0.012075	0.069434	0.029434	0.004528	0.010566	0.029434	0.080000	0.022642	0.027170	0.073208	
0.017358	0.012075	0.013585	0.037736	0.007547	0.003019	0.004528	0.006038	0.005283	0.008302	0.003019	0.005283	0.033208	0.007547	0.012830	0.030189	0.034717	0.019623	0.011321	0.042264	0.006792	0.007547	0.001509	0.030189	0.008302	0.003019	0.001509	0.012075	0.031698	0.020377	0.009811	0.062642	0.014340	0.006792	0.008302	0.021887	0.004528	0.001509	0.002264	0.004528	0.003774	0.001509	0.003019	0.009811	0.014340	0.008302	0.020377	0.023396	0.047547	0.019623	0.020377	0.058113	0.016604	0.008302	0.006038	0.015094	0.023396	0.003774	0.006038	0.016604	0.038491	0.016604	0.030943	0.061132	
0.035472	0.024906	0.012075	0.041509	0.003019	0.024151	0.012830	0.018113	0.017358	0.014340	0.007547	0.014340	0.041509	0.042264	0.018868	0.057358	0.010566	0.009811	0.003019	0.012075	0.008302	0.006038	0.002264	0.003774	0.003019	0.002264	0.002264	0.006792	0.000755	0.028679	0.004528	0.021887	0.016604	0.006038	0.005283	0.012830	0.003019	0.006792	0.002264	0.004528	0.004528	0.003019	0.003774	0.002264	0.013585	0.011321	0.006792	0.012075	0.060377	0.024151	0.012830	0.020377	0.000755	0.020377	0.009811	0.021887	0.026415	0.012075	0.006792	0.028679	0.000755	0.058113	0.030943	0.087547	
0.040000	0.016604	0.011321	0.055094	0.019623	0.011321	0.006792	0.027170	0.008302	0.008302	0.004528	0.012075	0.033208	0.011321	0.011321	0.030943	0.009057	0.000755	0.002264	0.003019	0.015849	0.007547	0.004528	0.029434	0.012075	0.003019	0.002264	0.009811	0.017358	0.006792	0.005283	0.018868	0.017358	0.015094	0.004528	0.014340	0.014340	0.004528	0.003774	0.009057	0.004528	0.003019	0.003774	0.009057	0.018113	0.007547	0.006038	0.020377	0.017358	0.007547	0.009811	0.021887	0.049057	0.021132	0.014340	0.055849	0.025660	0.004528	0.006792	0.024151	0.075472	0.023396	0.018113	0.061887	
0.022642	0.011321	0.012075	0.037736	0.016604	0.006792	0.005283	0.011321	0.009057	0.006038	0.002264	0.010566	0.024151	0.010566	0.021132	0.038491	0.027170	0.024906	0.009057	0.037736	0.008302	0.008302	0.003774	0.024151	0.009057	0.003774	0.001509	0.015094	0.023396	0.020377	0.022642	0.055094	0.012075	0.008302	0.007547	0.022642	0.005283	0.004528	0.001509	0.007547	0.004528	0.002264	0.002264	0.008302	0.014340	0.007547	0.009811	0.023396	0.043774	0.018113	0.018868	0.063396	0.016604	0.010566	0.003774	0.018113	0.014340	0.004528	0.001509	0.020377	0.037736	0.012830	0.023396	0.058113	
0.036226	0.018868	0.008302	0.042264	0.007547	0.012830	0.021887	0.020377	0.011321	0.014340	0.008302	0.013585	0.034717	0.030943	0.025660	0.070189	0.009057	0.012830	0.002264	0.022642	0.012830	0.007547	0.002264	0.007547	0.006792	0.001509	0.001509	0.004528	0.000755	0.028679	0.006792	0.024906	0.012830	0.006792	0.004528	0.012830	0.002264	0.005283	0.001509	0.007547	0.002264	0.002264	0.000755	0.002264	0.008302	0.014340	0.009811	0.021887	0.052075	0.013585	0.007547	0.026415	0.000755	0.018113	0.003019	0.029434	0.022642	0.021132	0.012075	0.021132	0.000755	0.060377	0.033962	0.080000	
0.040755	0.009057	0.009811	0.050566	0.009811	0.011321	0.007547	0.023396	0.006038	0.002264	0.001509	0.012830	0.036226	0.012075	0.016604	0.039245	0.012075	0.003019	0.000755	0.007547	0.021132	0.006792	0.000755	0.015094	0.011321	0.003019	0.003774	0.010566	0.023396	0.009811	0.006038	0.025660	0.012830	0.008302	0.002264	0.019623	0.013585	0.005283	0.004528	0.015849	0.008302	0.004528	0.002264	0.007547	0.015094	0.005283	0.003774	0.017358	0.018113	0.008302	0.004528	0.013585	0.050566	0.018113	0.012830	0.052830	0.033962	0.008302	0.003019	0.030943	0.072453	0.024906	0.019623	0.080000	
0.026415	0.012075	0.010566	0.034717	0.008302	0.006038	0.002264	0.012075	0.003774	0.003774	0.001509	0.008302	0.028679	0.006792	0.015094	0.040755	0.031698	0.014340	0.012830	0.036226	0.012075	0.007547	0.003019	0.018868	0.012075	0.003019	0.001509	0.009057	0.024906	0.012830	0.009811	0.059623	0.012075	0.009811	0.005283	0.032453	0.004528	0.002264	0.003019	0.008302	0.002264	0.003019	0.001509	0.003774	0.013585	0.005283	0.012075	0.030943	0.040000	0.022642	0.020377	0.064151	0.023396	0.010566	0.006038	0.012075	0.018113	0.005283	0.005283	0.017358	0.045283	0.021132	0.021887	0.073962	
0.040755	0.022642	0.011321	0.035472	0.001509	0.021887	0.012830	0.022642	0.018113	0.009811	0.006038	0.015094	0.043774	0.042264	0.024906	0.056604	0.012075	0.012830	0.002264	0.021132	0.010566	0.009057	0.001509	0.005283	0.004528	0.001509	0.004528	0.003774	0.000755	0.024151	0.004528	0.021887	0.007547	0.004528	0.004528	0.019623	0.001509	0.005283	0.003774	0.004528	0.002264	0.003774	0.000755	0.003019	0.010566	0.009811	0.007547	0.010566	0.056604	0.018113	0.006792	0.030943	0.000755	0.018868	0.006038	0.020377	0.012830	0.020377	0.011321	0.014340	0.000755	0.058868	0.048302	0.097358	
0.040000	0.015094	0.009057	0.052830	0.023396	0.009057	0.005283	0.020377	0.006038	0.002264	0.003019	0.013585	0.036226	0.013585	0.012830	0.044528	0.003774	0.003019	0.002264	0.005283	0.013585	0.009811	0.007547	0.024151	0.011321	0.002264	0.001509	0.009057	0.011321	0.011321	0.005283	0.024906	0.012075	0.003774	0.002264	0.019623	0.009811	0.006038	0.002264	0.017358	0.012075	0.003019	0.002264	0.005283	0.010566	0.003774	0.004528	0.017358	0.020377	0.003774	0.009057	0.022642	0.049057	0.025660	0.009811	0.050566	0.039245	0.013585	0.004528	0.027925	0.067170	0.025660	0.018113	0.075472	
0.027925	0.010566	0.010566	0.027170	0.009057	0.004528	0.005283	0.006792	0.008302	0.002264	0.004528	0.007547	0.027170	0.008302	0.022642	0.042264	0.033208	0.019623	0.012830	0.030189	0.015849	0.011321	0.004528	0.018868	0.004528	0.005283	0.003019	0.012075	0.023396	0.016604	0.009057	0.063396	0.018113	0.010566	0.004528	0.035472	0.006038	0.002264	0.003774	0.009057	0.002264	0.002264	0.001509	0.005283	0.012830	0.005283	0.015094	0.022642	0.042264	0.025660	0.015849	0.041509	0.027925	0.009057	0.005283	0.012075	0.018868	0.007547	0.002264	0.012075	0.040000	0.014340	0.032453	0.075472	
0.031698	0.019623	0.017358	0.052830	0.005283	0.028679	0.015094	0.017358	0.009811	0.010566	0.009811	0.013585	0.032453	0.035472	0.021132	0.045283	0.015849	0.010566	0.003774	0.028679	0.012830	0.006038	0.002264	0.006038	0.002264	0.007547	0.002264	0.006792	0.000755	0.018113	0.008302	0.019623	0.011321	0.006792	0.003019	0.012830	0.002264	0.007547	0.002264	0.005283	0.001509	0.004528	0.003774	0.001509	0.009057	0.009057	0.005283	0.013585	0.046792	0.021887	0.010566	0.024151	0.000755	0.017358	0.008302	0.018113	0.020377	0.023396	0.012830	0.022642	0.000755	0.070943	0.039245	0.092830	
0.038491	0.009811	0.011321	0.046038	0.015849	0.005283	0.008302	0.029434	0.011321	0.006038	0.003019	0.014340	0.044528	0.012830	0.014340	0.046792	0.007547	0.003019	0.003774	0.006792	0.024151	0.007547	0.005283	0.022642	0.009057	0.002264	0.004528	0.012075	0.015094	0.003774	0.004528	0.023396	0.012830	0.003774	0.004528	0.012830	0.009811	0.002264	0.005283	0.028679	0.008302	0.007547	0.004528	0.008302	0.017358	0.004528	0.008302	0.014340	0.016604	0.003774	0.005283	0.017358	0.058868	0.011321	0.011321	0.052075	0.024906	0.008302	0.006038	0.034717	0.058868	0.018113	0.020377	0.073962	
0.018868	0.013585	0.015094	0.027925	0.006792	0.003774	0.003774	0.006038	0.006038	0.005283	0.002264	0.011321	0.020377	0.007547	0.018113	0.036981	0.039245	0.017358	0.012075	0.040000	0.007547	0.003019	0.003019	0.012830	0.010566	0.005283	0.000755	0.013585	0.036226	0.010566	0.015094	0.070943	0.013585	0.010566	0.010566	0.018868	0.011321	0.002264	0.005283	0.005283	0.006792	0.005283	0.001509	0.004528	0.018113	0.012830	0.014340	0.024151	0.050566	0.012830	0.018868	0.053585	0.018868	0.005283	0.006792	0.008302	0.015849	0.003774	0.005283	0.022642	0.048302	0.018113	0.024151	0.067925	
0.024906	0.021132	0.012830	0.063396	0.007547	0.019623	0.011321	0.015849	0.013585	0.011321	0.011321	0.020377	0.034717	0.046792	0.018868	0.040000	0.011321	0.008302	0.003019	0.021887	0.006792	0.004528	0.000755	0.002264	0.003774	0.006038	0.003774	0.005283	0.000755	0.014340	0.005283	0.012075	0.012075	0.007547	0.004528	0.015094	0.003019	0.009811	0.003774	0.003019	0.002264	0.002264	0.000755	0.004528	0.009811	0.013585	0.006038	0.022642	0.070943	0.016604	0.011321	0.024151	0.000755	0.012830	0.005283	0.030189	0.022642	0.019623	0.012075	0.017358	0.000755	0.067925	0.040000	0.091321	
0.039245	0.015094	0.014340	0.050566	0.025660	0.007547	0.005283	0.015094	0.007547	0.006792	0.002264	0.015094	0.049811	0.016604	0.014340	0.043774	0.006038	0.002264	0.002264	0.007547	0.015849	0.003774	0.005283	0.021887	0.002264	0.006038	0.000755	0.012075	0.012830	0.006792	0.011321	0.020377	0.012830	0.003019	0.005283	0.021132	0.014340	0.003019	0.004528	0.017358	0.005283	0.004528	0.003774	0.014340	0.015849	0.006792	0.006792	0.018113	0.013585	0.007547	0.008302	0.016604	0.054340	0.016604	0.021132	0.050566	0.030943	0.008302	0.007547	0.023396	0.071698	0.014340	0.015849	0.064151	
0.021132	0.016604	0.007547	0.026415	0.009811	0.008302	0.002264	0.007547	0.009057	0.006792	0.002264	0.012075	0.036981	0.004528	0.015849	0.038491	0.037736	0.012075	0.015849	0.044528	0.009811	0.005283	0.003774	0.012075	0.011321	0.003774	0.003019	0.018113	0.026415	0.009057	0.011321	0.058113	0.011321	0.007547	0.003019	0.024151	0.003774	0.002264	0.008302	0.011321	0.003774	0.003019	0.002264	0.005283	0.014340	0.009057	0.014340	0.027170	0.050566	0.021887	0.024906	0.052830	0.017358	0.006792	0.007547	0.012830	0.024906	0.004528	0.006038	0.012830	0.043019	0.008302	0.025660	0.069434	
0.031698	0.026415	0.009057	0.053585	0.002264	0.023396	0.018113	0.014340	0.015094	0.017358	0.005283	0.013585	0.041509	0.043774	0.019623	0.043019	0.011321	0.007547	0.001509	0.020377	0.011321	0.006792	0.000755	0.003774	0.003774	0.009057	0.001509	0.007547	0.000755	0.012830	0.006038	0.024151	0.024906	0.005283	0.005283	0.013585	0.001509	0.008302	0.004528	0.003774	0.003019	0.004528	0.001509	0.004528	0.016604	0.011321	0.006038	0.014340	0.058868	0.022642	0.010566	0.028679	0.000755	0.012830	0.002264	0.015094	0.015094	0.021887	0.011321	0.018868	0.000755	0.059623	0.037736	0.095094	
0.050566	0.012075	0.013585	0.050566	0.025660	0.003019	0.011321	0.021887	0.008302	0.003019	0.002264	0.012830	0.047547	0.012075	0.007547	0.049057	0.003774	0.004528	0.000755	0.006792	0.018868	0.003019	0.007547	0.021887	0.009057	0.003774	0.002264	0.010566	0.011321	0.006792	0.003019	0.015849	0.014340	0.003019	0.005283	0.014340	0.018113	0.004528	0.005283	0.024906	0.004528	0.002264	0.002264	0.010566	0.012075	0.008302	0.004528	0.019623	0.018868	0.017358	0.006792	0.016604	0.055849	0.006038	0.012075	0.053585	0.025660	0.008302	0.003774	0.031698	0.064151	0.028679	0.014340	0.069434	
0.029434	0.013585	0.012075	0.032453	0.020377	0.002264	0.004528	0.009811	0.008302	0.003019	0.005283	0.009811	0.021132	0.008302	0.016604	0.042264	0.032453	0.020377	0.016604	0.049057	0.004528	0.003774	0.003019	0.005283	0.013585	0.004528	0.003774	0.014340	0.025660	0.009057	0.018113	0.069434	0.012075	0.012075	0.003019	0.020377	0.004528	0.002264	0.003019	0.007547	0.002264	0.002264	0.001509	0.004528	0.009811	0.009057	0.012830	0.033962	0.045283	0.019623	0.019623	0.050566	0.027170	0.006792	0.003019	0.018868	0.012075	0.003774	0.001509	0.012075	0.046038	0.009057	0.020377	0.078491	
0.030189	0.024151	0.014340	0.050566	0.009057	0.027170	0.009811	0.019623	0.007547	0.012830	0.013585	0.017358	0.039245	0.042264	0.020377	0.050566	0.024151	0.009811	0.002264	0.020377	0.008302	0.003774	0.000755	0.002264	0.000755	0.003019	0.003019	0.006792	0.000755	0.007547	0.007547	0.025660	0.009057	0.007547	0.003019	0.016604	0.003019	0.003019	0.005283	0.002264	0.000755	0.005283	0.001509	0.004528	0.008302	0.009811	0.006792	0.015849	0.042264	0.017358	0.014340	0.028679	0.000755	0.009057	0.006792	0.018868	0.015094	0.016604	0.012830	0.023396	0.000755	0.082264	0.043019	0.098113	
0.033208	0.012830	0.015849	0.043774	0.024151	0.005283	0.008302	0.021132	0.011321	0.003019	0.002264	0.017358	0.044528	0.012075	0.020377	0.039245	0.006038	0.003774	0.003019	0.008302	0.015849	0.003774	0.003019	0.020377	0.003774	0.004528	0.003774	0.010566	0.018868	0.009811	0.001509	0.012830	0.009811	0.003774	0.001509	0.009057	0.018113	0.003019	0.005283	0.011321	0.008302	0.006792	0.004528	0.011321	0.021132	0.006038	0.006792	0.018113	0.016604	0.007547	0.005283	0.019623	0.051321	0.012075	0.015094	0.063396	0.028679	0.012075	0.006038	0.030943	0.073962	0.023396	0.018113	0.074717	
0.022642	0.008302	0.012830	0.021887	0.012075	0.003774	0.003019	0.009057	0.007547	0.005283	0.002264	0.010566	0.026415	0.005283	0.014340	0.034717	0.033208	0.012830	0.017358	0.046038	0.008302	0.001509	0.003774	0.010566	0.012075	0.006792	0.002264	0.010566	0.032453	0.009811	0.017358	0.056604	0.012830	0.006038	0.006792	0.026415	0.008302	0.003774	0.003774	0.010566	0.004528	0.004528	0.002264	0.005283	0.015094	0.009057	0.017358	0.028679	0.059623	0.019623	0.028679	0.050566	0.022642	0.004528	0.008302	0.015849	0.021132	0.006038	0.003019	0.016604	0.044528	0.012830	0.019623	0.067925	
0.029434	0.027925	0.016604	0.054340	0.003774	0.015849	0.012830	0.014340	0.013585	0.015849	0.015094	0.021132	0.039245	0.041509	0.018113	0.046038	0.016604	0.010566	0.003019	0.021132	0.007547	0.002264	0.000755	0.003019	0.004528	0.005283	0.002264	0.006792	0.000755	0.018868	0.008302	0.018113	0.016604	0.005283	0.004528	0.018868	0.003019	0.008302	0.002264	0.009057	0.003774	0.002264	0.001509	0.002264	0.013585	0.010566	0.004528	0.014340	0.051321	0.024906	0.009057	0.033208	0.000755	0.011321	0.006038	0.018868	0.017358	0.019623	0.010566	0.021132	0.000755	0.065660	0.036226	0.085283	
0.047547	0.012075	0.013585	0.040755	0.028679	0.009057	0.012830	0.018113	0.011321	0.006792	0.000755	0.014340	0.048302	0.011321	0.015094	0.052830	0.004528	0.000755	0.002264	0.007547	0.011321	0.003774	0.006038	0.016604	0.009057	0.005283	0.000755	0.006792	0.014340	0.005283	0.004528	0.021132	0.012830	0.003774	0.003774	0.018868	0.015849	0.003019	0.005283	0.018868	0.012075	0.003774	0.001509	0.012075	0.019623	0.006792	0.004528	0.020377	0.026415	0.004528	0.004528	0.018868	0.060377	0.014340	0.021132	0.040755	0.025660	0.006038	0.006792	0.028679	0.064906	0.018113	0.019623	0.061132	
0.022642	0.010566	0.015849	0.042264	0.010566	0.003019	0.001509	0.006038	0.006792	0.004528	0.001509	0.011321	0.022642	0.005283	0.021887	0.036226	0.037736	0.023396	0.015849	0.039245	0.009057	0.009057	0.000755	0.011321	0.018868	0.006038	0.006038	0.014340	0.023396	0.006792	0.013585	0.050566	0.015849	0.010566	0.012830	0.018868	0.007547	0.002264	0.000755	0.011321	0.004528	0.000755	0.000755	0.003774	0.018868	0.006792	0.012830	0.023396	0.040000	0.021132	0.026415	0.059623	0.013585	0.007547	0.008302	0.012075	0.017358	0.004528	0.005283	0.016604	0.046038	0.018113	0.027925	0.063396	
0.035472	0.022642	0.012075	0.046038	0.010566	0.030943	0.010566	0.013585	0.014340	0.021887	0.015094	0.019623	0.040755	0.042264	0.027170	0.049811	0.012830	0.009811	0.003019	0.015094	0.015094	0.005283	0.000755	0.000755	0.002264	0.003019	0.001509	0.004528	0.000755	0.014340	0.009057	0.016604	0.018868	0.009057	0.002264	0.017358	0.001509	0.007547	0.002264	0.004528	0.002264	0.004528	0.000755	0.006038	0.010566	0.015094	0.006038	0.014340	0.051321	0.023396	0.007547	0.028679	0.000755	0.013585	0.004528	0.018113	0.014340	0.024151	0.018113	0.019623	0.000755	0.061132	0.046038	0.065660	
0.049057	0.010566	0.009811	0.049057	0.032453	0.008302	0.004528	0.019623	0.006792	0.004528	0.003774	0.009811	0.042264	0.018113	0.012830	0.033962	0.009057	0.003019	0.003774	0.012075	0.018868	0.006038	0.003019	0.029434	0.008302	0.001509	0.001509	0.006792	0.018113	0.002264	0.006038	0.010566	0.014340	0.002264	0.003019	0.013585	0.021887	0.005283	0.004528	0.021887	0.005283	0.009057	0.003774	0.017358	0.024906	0.007547	0.007547	0.009811	0.024151	0.004528	0.006038	0.018113	0.058868	0.009811	0.015094	0.049057	0.037736	0.009057	0.006792	0.034717	0.055849	0.018113	0.017358	0.055094	
0.028679	0.014340	0.016604	0.036981	0.005283	0.003774	0.003019	0.008302	0.006038	0.005283	0.002264	0.009057	0.020377	0.005283	0.021132	0.046038	0.040755	0.022642	0.021132	0.047547	0.008302	0.003019	0.005283	0.012830	0.011321	0.002264	0.005283	0.008302	0.033962	0.009057	0.014340	0.062642	0.011321	0.006792	0.009057	0.030943	0.011321	0.002264	0.004528	0.006038	0.003774	0.000755	0.003019	0.008302	0.017358	0.006792	0.015849	0.028679	0.053585	0.019623	0.022642	0.045283	0.019623	0.005283	0.007547	0.013585	0.019623	0.003774	0.004528	0.015849	0.024906	0.010566	0.015849	0.058113	
0.040000	0.029434	0.014340	0.050566	0.009811	0.021887	0.015094	0.016604	0.018868	0.025660	0.007547	0.017358	0.033962	0.046038	0.023396	0.057358	0.011321	0.006792	0.000755	0.025660	0.009057	0.003019	0.000755	0.001509	0.005283	0.005283	0.002264	0.007547	0.000755	0.015849	0.008302	0.015849	0.015849	0.006038	0.006038	0.012830	0.001509	0.006038	0.002264	0.002264	0.003774	0.003774	0.002264	0.005283	0.007547	0.014340	0.006792	0.012830	0.042264	0.024151	0.006038	0.024151	0.000755	0.011321	0.006792	0.012830	0.015849	0.018113	0.010566	0.022642	0.000755	0.072453	0.040000	0.082264	
0.043774	0.013585	0.017358	0.034717	0.023396	0.004528	0.009811	0.028679	0.008302	0.003019	0.005283	0.010566	0.043774	0.009057	0.013585	0.046792	0.007547	0.003774	0.001509	0.008302	0.013585	0.003019	0.004528	0.021132	0.006792	0.004528	0.002264	0.011321	0.012075	0.003019	0.006792	0.011321	0.013585	0.003774	0.003019	0.023396	0.024151	0.003774	0.007547	0.017358	0.006792	0.000755	0.005283	0.009811	0.019623	0.006792	0.006792	0.019623	0.012830	0.006038	0.009057	0.015094	0.065660	0.011321	0.012075	0.059623	0.035472	0.012075	0.006038	0.024906	0.067925	0.025660	0.017358	0.057358	
0.024906	0.009057	0.018113	0.025660	0.009811	0.003019	0.005283	0.009057	0.009057	0.006038	0.007547	0.008302	0.020377	0.006038	0.016604	0.038491	0.040755	0.018868	0.021132	0.046038	0.008302	0.003019	0.003774	0.007547	0.009811	0.008302	0.001509	0.014340	0.024906	0.013585	0.018113	0.070189	0.013585	0.013585	0.010566	0.019623	0.006038	0.000755	0.005283	0.008302	0.006038	0.002264	0.002264	0.008302	0.009811	0.002264	0.011321	0.033208	0.058113	0.014340	0.021132	0.049811	0.027170	0.005283	0.003774	0.008302	0.018113	0.004528	0.004528	0.017358	0.035472	0.015094	0.026415	0.058113	
0.040000	0.025660	0.021887	0.049811	0.003019	0.020377	0.016604	0.015849	0.015849	0.018868	0.011321	0.024906	0.031698	0.040000	0.014340	0.055094	0.009811	0.009811	0.001509	0.030189	0.006792	0.001509	0.001509	0.002264	0.003019	0.006038	0.004528	0.004528	0.000755	0.008302	0.006038	0.018113	0.008302	0.008302	0.004528	0.021887	0.001509	0.009057	0.006038	0.004528	0.004528	0.006038	0.003774	0.001509	0.013585	0.018113	0.006792	0.009811	0.045283	0.013585	0.008302	0.023396	0.000755	0.015094	0.009811	0.011321	0.022642	0.015094	0.011321	0.023396	0.000755	0.072453	0.049811	0.076981	
0.041509	0.011321	0.010566	0.040000	0.030189	0.002264	0.005283	0.019623	0.008302	0.003774	0.003774	0.020377	0.055849	0.010566	0.010566	0.048302	0.007547	0.000755	0.000755	0.003019	0.021887	0.001509	0.005283	0.017358	0.012075	0.003019	0.006038	0.012830	0.014340	0.004528	0.004528	0.010566	0.018868	0.007547	0.003019	0.016604	0.019623	0.004528	0.003019	0.018868	0.013585	0.004528	0.004528	0.008302	0.021887	0.006792	0.008302	0.017358	0.019623	0.006792	0.003774	0.016604	0.055849	0.017358	0.014340	0.051321	0.026415	0.012830	0.005283	0.032453	0.058868	0.020377	0.017358	0.063396	
0.027925	0.015849	0.018113	0.025660	0.008302	0.003019	0.006792	0.008302	0.008302	0.001509	0.000755	0.007547	0.027170	0.007547	0.013585	0.027925	0.049811	0.012830	0.016604	0.048302	0.011321	0.006038	0.003019	0.005283	0.007547	0.002264	0.003019	0.015094	0.029434	0.011321	0.018113	0.048302	0.013585	0.009811	0.007547	0.029434	0.009057	0.002264	0.005283	0.007547	0.006792	0.005283	0.003019	0.004528	0.014340	0.011321	0.015849	0.032453	0.046792	0.023396	0.017358	0.063396	0.023396	0.000755	0.006038	0.012075	0.017358	0.005283	0.006038	0.012075	0.044528	0.012830	0.026415	0.055849	
0.038491	0.031698	0.018868	0.049057	0.003774	0.024151	0.019623	0.014340	0.011321	0.017358	0.010566	0.020377	0.036226	0.059623	0.024906	0.046038	0.012075	0.008302	0.004528	0.027170	0.003774	0.006038	0.000755	0.001509	0.003774	0.006792	0.004528	0.006038	0.000755	0.014340	0.006038	0.012075	0.010566	0.006038	0.010566	0.012830	0.001509	0.006038	0.003774	0.003019	0.003774	0.003019	0.001509	0.004528	0.012075	0.014340	0.005283	0.007547	0.052830	0.030189	0.010566	0.021887	0.000755	0.019623	0.004528	0.018113	0.010566	0.018868	0.016604	0.027925	0.000755	0.060377	0.033208	0.070189	
0.046038	0.009811	0.012075	0.046038	0.029434	0.008302	0.007547	0.030943	0.012830	0.003774	0.003774	0.024151	0.036226	0.014340	0.018868	0.041509	0.003774	0.000755	0.001509	0.003774	0.024151	0.004528	0.009811	0.017358	0.014340	0.003774	0.001509	0.009057	0.013585	0.002264	0.003774	0.017358	0.010566	0.004528	0.001509	0.012830	0.015849	0.004528	0.003774	0.021887	0.010566	0.003774	0.002264	0.016604	0.024151	0.005283	0.006038	0.023396	0.018868	0.005283	0.006038	0.019623	0.059623	0.016604	0.020377	0.052075	0.027925	0.007547	0.004528	0.029434	0.052830	0.016604	0.016604	0.049811	
0.023396	0.011321	0.016604	0.027925	0.008302	0.000755	0.004528	0.006792	0.006792	0.003774	0.001509	0.009057	0.020377	0.009811	0.020377	0.031698	0.036981	0.025660	0.023396	0.043019	0.013585	0.006792	0.002264	0.011321	0.013585	0.003019	0.009811	0.015094	0.040755	0.009811	0.016604	0.055094	0.016604	0.014340	0.011321	0.023396	0.008302	0.003774	0.002264	0.004528	0.004528	0.001509	0.001509	0.004528	0.018868	0.006038	0.021132	0.033208	0.044528	0.021887	0.018868	0.041509	0.018113	0.005283	0.005283	0.009811	0.018113	0.006792	0.006792	0.013585	0.036981	0.014340	0.025660	0.055094	
0.028679	0.023396	0.016604	0.052830	0.009811	0.020377	0.018113	0.024906	0.022642	0.016604	0.010566	0.020377	0.024906	0.044528	0.018868	0.047547	0.009811	0.011321	0.002264	0.024906	0.007547	0.003774	0.001509	0.003774	0.002264	0.005283	0.003019	0.003774	0.000755	0.011321	0.008302	0.012075	0.012830	0.007547	0.003019	0.019623	0.002264	0.006792	0.002264	0.003774	0.005283	0.003019	0.009057	0.002264	0.013585	0.011321	0.003774	0.013585	0.051321	0.021132	0.010566	0.033962	0.000755	0.015849	0.006792	0.016604	0.017358	0.022642	0.012830	0.030943	0.000755	0.057358	0.038491	0.078491	
0.037736	0.011321	0.015094	0.038491	0.032453	0.005283	0.006792	0.018868	0.011321	0.001509	0.004528	0.015094	0.054340	0.015094	0.014340	0.047547	0.010566	0.001509	0.003019	0.005283	0.020377	0.003019	0.006792	0.016604	0.010566	0.003774	0.001509	0.012830	0.012830	0.006038	0.003774	0.026415	0.020377	0.008302	0.001509	0.017358	0.018868	0.006038	0.006038	0.016604	0.018113	0.003019	0.005283	0.009057	0.021887	0.008302	0.006038	0.021132	0.012830	0.007547	0.006038	0.013585	0.056604	0.007547	0.007547	0.052830	0.025660	0.006038	0.007547	0.030189	0.061887	0.012830	0.018113	0.058868	
0.030943	0.012830	0.010566	0.027170	0.009811	0.001509	0.009811	0.007547	0.009811	0.003019	0.003019	0.009811	0.023396	0.012075	0.012075	0.027170	0.036226	0.026415	0.023396	0.042264	0.008302	0.003774	0.002264	0.007547	0.009811	0.006038	0.003019	0.008302	0.030943	0.008302	0.024906	0.040755	0.020377	0.004528	0.009811	0.030943	0.007547	0.003774	0.000755	0.002264	0.003019	0.003774	0.000755	0.011321	0.012830	0.006792	0.018113	0.029434	0.058113	0.015094	0.023396	0.054340	0.013585	0.006792	0.009057	0.012830	0.015849	0.006038	0.003774	0.016604	0.049057	0.011321	0.025660	0.067925	
0.025660	0.032453	0.016604	0.070943	0.005283	0.021887	0.012830	0.018868	0.012075	0.019623	0.013585	0.021887	0.044528	0.050566	0.022642	0.036981	0.013585	0.006792	0.002264	0.016604	0.009811	0.002264	0.002264	0.001509	0.003774	0.006792	0.003019	0.008302	0.000755	0.012075	0.003774	0.013585	0.012075	0.008302	0.003019	0.015094	0.001509	0.005283	0.006038	0.006038	0.003019	0.003774	0.001509	0.002264	0.014340	0.015094	0.006792	0.009811	0.055094	0.026415	0.008302	0.026415	0.000755	0.016604	0.006792	0.014340	0.018868	0.027925	0.008302	0.025660	0.000755	0.063396	0.028679	0.072453	
0.046038	0.015849	0.009811	0.034717	0.030943	0.011321	0.007547	0.024151	0.009811	0.005283	0.002264	0.012830	0.052075	0.015094	0.015094	0.046792	0.005283	0.000755	0.005283	0.006038	0.021132	0.005283	0.003019	0.016604	0.012830	0.002264	0.002264	0.010566	0.017358	0.003774	0.002264	0.017358	0.017358	0.004528	0.004528	0.011321	0.027170	0.006038	0.003019	0.021887	0.008302	0.003774	0.003019	0.011321	0.018868	0.006792	0.009057	0.023396	0.022642	0.007547	0.007547	0.022642	0.058113	0.014340	0.009057	0.059623	0.019623	0.008302	0.006038	0.027925	0.060377	0.012075	0.016604	0.043774	
0.021887	0.013585	0.017358	0.038491	0.012075	0.003774	0.005283	0.007547	0.006792	0.003774	0.003774	0.012830	0.018113	0.006038	0.008302	0.042264	0.042264	0.018113	0.021887	0.055094	0.012075	0.005283	0.006038	0.013585	0.007547	0.006792	0.001509	0.006792	0.037736	0.007547	0.021887	0.055094	0.012830	0.007547	0.006792	0.023396	0.004528	0.003019	0.006792	0.005283	0.003019	0.003019	0.002264	0.005283	0.018868	0.006038	0.014340	0.023396	0.043774	0.021132	0.027170	0.056604	0.015849	0.004528	0.006038	0.011321	0.016604	0.006792	0.003774	0.015849	0.033962	0.010566	0.030943	0.055849	
0.030943	0.024906	0.015094	0.049811	0.006792	0.023396	0.015094	0.015094	0.011321	0.027925	0.015094	0.018868	0.042264	0.055094	0.022642	0.053585	0.012075	0.009811	0.002264	0.020377	0.010566	0.003019	0.001509	0.001509	0.004528	0.006038	0.004528	0.009057	0.000755	0.014340	0.007547	0.015094	0.005283	0.009811	0.009811	0.009057	0.003019	0.005283	0.005283	0.006792	0.004528	0.002264	0.001509	0.003019	0.011321	0.009811	0.005283	0.014340	0.044528	0.020377	0.014340	0.029434	0.000755	0.014340	0.006792	0.008302	0.019623	0.014340	0.008302	0.033208	0.000755	0.061887	0.039245	0.074717	
0.034717	0.012075	0.007547	0.038491	0.030943	0.003774	0.006792	0.023396	0.013585	0.009811	0.002264	0.015849	0.048302	0.015094	0.012075	0.033208	0.007547	0.003774	0.002264	0.007547	0.023396	0.003019	0.006792	0.012830	0.010566	0.002264	0.004528	0.011321	0.009057	0.003774	0.003019	0.015849	0.016604	0.004528	0.005283	0.013585	0.023396	0.005283	0.004528	0.017358	0.008302	0.002264	0.004528	0.014340	0.014340	0.007547	0.009057	0.033208	0.025660	0.007547	0.006038	0.015849	0.057358	0.009811	0.012830	0.061132	0.033962	0.009057	0.009811	0.021887	0.066415	0.020377	0.014340	0.056604	
0.026415	0.016604	0.010566	0.030943	0.009811	0.003019	0.004528	0.010566	0.011321	0.000755	0.003019	0.006038	0.019623	0.006792	0.015849	0.033208	0.041509	0.018868	0.022642	0.052075	0.009057	0.003019	0.003019	0.006792	0.009811	0.006792	0.003019	0.011321	0.030189	0.010566	0.022642	0.051321	0.024151	0.013585	0.007547	0.021132	0.009057	0.004528	0.003774	0.006038	0.006792	0.003019	0.003019	0.008302	0.020377	0.006792	0.013585	0.022642	0.051321	0.024151	0.018113	0.044528	0.021132	0.005283	0.007547	0.012830	0.015094	0.003774	0.007547	0.012075	0.032453	0.009057	0.031698	0.065660	
0.036981	0.025660	0.018113	0.062642	0.007547	0.028679	0.014340	0.022642	0.010566	0.018113	0.011321	0.018868	0.036226	0.039245	0.016604	0.056604	0.009057	0.009811	0.002264	0.027925	0.008302	0.005283	0.000755	0.001509	0.003774	0.007547	0.004528	0.003019	0.000755	0.011321	0.004528	0.019623	0.015849	0.008302	0.004528	0.014340	0.001509	0.009057	0.001509	0.002264	0.003774	0.003774	0.003774	0.005283	0.007547	0.011321	0.004528	0.014340	0.052075	0.021887	0.005283	0.023396	0.000755	0.012075	0.006038	0.014340	0.023396	0.021132	0.017358	0.021887	0.000755	0.080755	0.039245	0.052075	
0.036226	0.017358	0.016604	0.043774	0.032453	0.004528	0.003019	0.025660	0.012075	0.003019	0.002264	0.012830	0.037736	0.014340	0.021887	0.054340	0.006792	0.002264	0.000755	0.008302	0.026415	0.003774	0.004528	0.020377	0.006038	0.000755	0.003019	0.012830	0.011321	0.005283	0.004528	0.019623	0.021887	0.003774	0.002264	0.013585	0.021887	0.002264	0.005283	0.021132	0.012830	0.003019	0.003774	0.017358	0.020377	0.005283	0.004528	0.018868	0.015849	0.007547	0.005283	0.016604	0.052830	0.009057	0.014340	0.066415	0.022642	0.006038	0.004528	0.031698	0.068679	0.018113	0.012830	0.043019	
0.022642	0.014340	0.015094	0.028679	0.009811	0.005283	0.004528	0.011321	0.012075	0.005283	0.003019	0.004528	0.027170	0.004528	0.017358	0.033208	0.046038	0.018868	0.018113	0.050566	0.005283	0.006038	0.003774	0.004528	0.009057	0.007547	0.003019	0.007547	0.040000	0.011321	0.025660	0.056604	0.016604	0.010566	0.009811	0.016604	0.004528	0.002264	0.002264	0.003774	0.006038	0.000755	0.001509	0.005283	0.017358	0.006792	0.017358	0.033208	0.049057	0.020377	0.022642	0.046038	0.019623	0.004528	0.010566	0.008302	0.016604	0.004528	0.005283	0.017358	0.039245	0.009811	0.033962	0.052830	
0.037736	0.032453	0.012075	0.052075	0.008302	0.021887	0.021132	0.012830	0.013585	0.021887	0.013585	0.016604	0.030189	0.048302	0.020377	0.043019	0.008302	0.007547	0.001509	0.021887	0.007547	0.005283	0.003019	0.002264	0.000755	0.006038	0.006038	0.008302	0.000755	0.009811	0.003774	0.013585	0.015094	0.010566	0.003774	0.014340	0.002264	0.010566	0.001509	0.003774	0.003019	0.003774	0.003019	0.003019	0.009057	0.009811	0.003774	0.012075	0.053585	0.030943	0.012830	0.026415	0.000755	0.010566	0.004528	0.016604	0.016604	0.030943	0.014340	0.032453	0.000755	0.071698	0.040000	0.063396	
0.043774	0.010566	0.019623	0.040755	0.040755	0.006038	0.007547	0.027170	0.009811	0.006038	0.003019	0.011321	0.046038	0.018113	0.014340	0.036226	0.007547	0.001509	0.001509	0.008302	0.019623	0.003774	0.006038	0.018868	0.011321	0.003774	0.000755	0.014340	0.013585	0.005283	0.004528	0.012075	0.016604	0.003019	0.002264	0.012075	0.027170	0.003774	0.006792	0.024906	0.012075	0.003774	0.004528	0.016604	0.015094	0.003774	0.007547	0.033962	0.015094	0.003019	0.006038	0.016604	0.061132	0.010566	0.013585	0.054340	0.025660	0.010566	0.008302	0.023396	0.056604	0.015849	0.016604	0.043019	
0.028679	0.015094	0.015094	0.024151	0.004528	0.006792	0.003774	0.003019	0.009057	0.005283	0.003774	0.011321	0.023396	0.004528	0.018113	0.031698	0.058113	0.027925	0.021132	0.041509	0.006792	0.005283	0.003019	0.009057	0.009057	0.006038	0.003774	0.015094	0.038491	0.006792	0.021887	0.058113	0.010566	0.009057	0.011321	0.027925	0.007547	0.004528	0.003019	0.009057	0.004528	0.001509	0.003019	0.007547	0.018868	0.006792	0.009811	0.030189	0.040755	0.021887	0.022642	0.046038	0.020377	0.003774	0.008302	0.010566	0.021132	0.007547	0.002264	0.012075	0.033962	0.013585	0.021132	0.056604	
0.031698	0.026415	0.015849	0.064151	0.007547	0.027170	0.021132	0.018113	0.018868	0.016604	0.012830	0.021887	0.031698	0.049811	0.016604	0.041509	0.012075	0.007547	0.003019	0.016604	0.007547	0.007547	0.002264	0.003019	0.002264	0.007547	0.003774	0.004528	0.000755	0.012830	0.003019	0.015094	0.009057	0.009057	0.006038	0.019623	0.002264	0.007547	0.003019	0.007547	0.003019	0.004528	0.001509	0.003774	0.009057	0.012075	0.007547	0.017358	0.055849	0.022642	0.010566	0.025660	0.000755	0.012075	0.005283	0.013585	0.020377	0.015849	0.009811	0.024906	0.000755	0.056604	0.033962	0.085283	
