>NC_005362
0.001225	0.001225	0.001225	0.001225	0.001225	0.001225	0.001225	0.001225	0.001225	0.001225	0.001225	0.001225	0.001225	0.001225	0.001225	0.001225	0.001225	0.001225	0.001225	0.001225	0.001225	0.001225	0.001225	0.001225	0.001225	0.001225	0.001225	0.001225	0.241422	0.001225	0.001225	0.001225	0.001225	0.001225	0.001225	0.001225	0.001225	0.001225	0.001225	0.001225	0.001225	0.001225	0.001225	0.001225	0.001225	0.001225	0.001225	0.001225	0.001225	0.001225	0.001225	0.001225	0.072304	0.001225	0.001225	0.001225	0.001225	0.001225	0.001225	0.001225	0.689951	0.001225	0.001225	0.001225	
0.001225	0.001225	0.001225	0.001225	0.001225	0.001225	0.001225	0.001225	0.001225	0.001225	0.001225	0.001225	0.001225	0.001225	0.001225	0.001225	0.019608	0.012255	0.011029	0.033088	0.001225	0.001225	0.001225	0.001225	0.001225	0.001225	0.001225	0.001225	0.001225	0.001225	0.001225	0.001225	0.001225	0.001225	0.001225	0.001225	0.001225	0.001225	0.001225	0.001225	0.001225	0.001225	0.001225	0.001225	0.001225	0.001225	0.001225	0.001225	0.335784	0.133578	0.104167	0.360294	0.001225	0.001225	0.001225	0.001225	0.001225	0.001225	0.001225	0.001225	0.001225	0.001225	0.001225	0.001225	
0.094363	0.041667	0.035539	0.186275	0.028186	0.018382	0.004902	0.096814	0.017157	0.013480	0.009804	0.077206	0.062500	0.031863	0.026961	0.274510	0.001225	0.001225	0.001225	0.001225	0.001225	0.001225	0.001225	0.001225	0.001225	0.001225	0.001225	0.001225	0.001225	0.001225	0.001225	0.001225	0.001225	0.001225	0.001225	0.001225	0.001225	0.001225	0.001225	0.001225	0.001225	0.001225	0.001225	0.001225	0.001225	0.001225	0.001225	0.001225	0.001225	0.001225	0.001225	0.001225	0.001225	0.001225	0.001225	0.001225	0.001225	0.001225	0.001225	0.001225	0.001225	0.001225	0.001225	0.001225	
0.045343	0.012255	0.014706	0.025735	0.003676	0.012255	0.015931	0.013480	0.012255	0.019608	0.004902	0.002451	0.026961	0.057598	0.019608	0.085784	0.006127	0.008578	0.001225	0.015931	0.007353	0.003676	0.002451	0.008578	0.002451	0.003676	0.001225	0.001225	0.001225	0.026961	0.002451	0.069853	0.007353	0.002451	0.003676	0.007353	0.002451	0.004902	0.003676	0.006127	0.002451	0.007353	0.001225	0.002451	0.011029	0.030637	0.007353	0.031863	0.024510	0.009804	0.017157	0.014706	0.001225	0.008578	0.003676	0.022059	0.013480	0.007353	0.004902	0.004902	0.001225	0.072304	0.025735	0.178922	
0.023284	0.013480	0.012255	0.034314	0.008578	0.007353	0.003676	0.013480	0.009804	0.004902	0.004902	0.017157	0.023284	0.018382	0.007353	0.014706	0.008578	0.002451	0.001225	0.002451	0.011029	0.006127	0.003676	0.008578	0.011029	0.004902	0.002451	0.007353	0.011029	0.012255	0.011029	0.015931	0.013480	0.003676	0.003676	0.009804	0.009804	0.008578	0.002451	0.017157	0.004902	0.002451	0.001225	0.003676	0.001225	0.002451	0.002451	0.004902	0.015931	0.008578	0.003676	0.012255	0.068627	0.026961	0.004902	0.087010	0.015931	0.014706	0.008578	0.015931	0.131127	0.041667	0.034314	0.159314	
0.026961	0.008578	0.008578	0.017157	0.004902	0.006127	0.002451	0.014706	0.004902	0.003676	0.003676	0.008578	0.015931	0.011029	0.004902	0.026961	0.028186	0.011029	0.011029	0.047794	0.011029	0.007353	0.002451	0.028186	0.003676	0.002451	0.003676	0.004902	0.030637	0.012255	0.012255	0.071078	0.009804	0.008578	0.006127	0.017157	0.011029	0.002451	0.002451	0.011029	0.001225	0.007353	0.001225	0.007353	0.006127	0.012255	0.003676	0.022059	0.045343	0.022059	0.030637	0.068627	0.025735	0.008578	0.004902	0.035539	0.017157	0.007353	0.003676	0.026961	0.041667	0.024510	0.033088	0.095588	
0.033088	0.022059	0.019608	0.035539	0.003676	0.020833	0.004902	0.020833	0.012255	0.020833	0.006127	0.017157	0.013480	0.045343	0.011029	0.080882	0.022059	0.011029	0.004902	0.014706	0.008578	0.007353	0.004902	0.003676	0.002451	0.001225	0.001225	0.007353	0.001225	0.022059	0.008578	0.057598	0.004902	0.003676	0.006127	0.012255	0.001225	0.007353	0.004902	0.007353	0.003676	0.006127	0.001225	0.001225	0.007353	0.017157	0.007353	0.015931	0.051471	0.014706	0.013480	0.014706	0.001225	0.023284	0.007353	0.028186	0.013480	0.020833	0.008578	0.011029	0.001225	0.075980	0.036765	0.101716	
0.040441	0.013480	0.013480	0.044118	0.022059	0.009804	0.002451	0.017157	0.011029	0.009804	0.003676	0.019608	0.015931	0.013480	0.004902	0.042892	0.004902	0.001225	0.006127	0.002451	0.017157	0.008578	0.007353	0.025735	0.011029	0.002451	0.001225	0.007353	0.023284	0.007353	0.002451	0.026961	0.012255	0.001225	0.002451	0.015931	0.014706	0.008578	0.003676	0.022059	0.002451	0.007353	0.002451	0.004902	0.012255	0.006127	0.001225	0.017157	0.007353	0.007353	0.002451	0.006127	0.058824	0.025735	0.018382	0.057598	0.024510	0.013480	0.003676	0.022059	0.090686	0.050245	0.020833	0.094363	
0.023284	0.007353	0.008578	0.025735	0.006127	0.004902	0.002451	0.009804	0.004902	0.007353	0.001225	0.011029	0.014706	0.011029	0.007353	0.035539	0.039216	0.019608	0.013480	0.040441	0.014706	0.006127	0.004902	0.026961	0.007353	0.007353	0.004902	0.012255	0.034314	0.020833	0.014706	0.052696	0.007353	0.008578	0.013480	0.019608	0.006127	0.003676	0.008578	0.014706	0.003676	0.001225	0.001225	0.004902	0.013480	0.008578	0.008578	0.023284	0.047794	0.014706	0.025735	0.053922	0.017157	0.012255	0.004902	0.042892	0.007353	0.004902	0.006127	0.011029	0.050245	0.025735	0.018382	0.087010	
0.034314	0.019608	0.014706	0.049020	0.004902	0.017157	0.013480	0.014706	0.007353	0.028186	0.006127	0.019608	0.020833	0.049020	0.013480	0.056373	0.012255	0.009804	0.004902	0.017157	0.014706	0.002451	0.002451	0.007353	0.003676	0.007353	0.003676	0.006127	0.001225	0.029412	0.007353	0.056373	0.008578	0.006127	0.004902	0.003676	0.001225	0.009804	0.003676	0.006127	0.004902	0.003676	0.003676	0.001225	0.004902	0.012255	0.006127	0.015931	0.060049	0.025735	0.013480	0.013480	0.001225	0.028186	0.007353	0.029412	0.018382	0.013480	0.009804	0.007353	0.001225	0.060049	0.040441	0.096814	
0.036765	0.018382	0.017157	0.042892	0.014706	0.008578	0.009804	0.028186	0.013480	0.007353	0.003676	0.013480	0.018382	0.014706	0.009804	0.040441	0.009804	0.002451	0.004902	0.004902	0.024510	0.012255	0.003676	0.017157	0.008578	0.006127	0.004902	0.007353	0.015931	0.013480	0.007353	0.020833	0.009804	0.007353	0.006127	0.011029	0.020833	0.013480	0.002451	0.015931	0.008578	0.004902	0.004902	0.004902	0.017157	0.004902	0.007353	0.004902	0.008578	0.004902	0.004902	0.009804	0.047794	0.030637	0.014706	0.057598	0.023284	0.017157	0.007353	0.019608	0.082108	0.035539	0.014706	0.093137	
0.020833	0.007353	0.009804	0.026961	0.009804	0.006127	0.004902	0.012255	0.007353	0.006127	0.007353	0.012255	0.012255	0.007353	0.013480	0.035539	0.033088	0.008578	0.018382	0.047794	0.017157	0.008578	0.007353	0.031863	0.003676	0.006127	0.004902	0.015931	0.022059	0.019608	0.012255	0.064951	0.011029	0.006127	0.011029	0.025735	0.008578	0.006127	0.006127	0.014706	0.006127	0.001225	0.002451	0.011029	0.012255	0.003676	0.007353	0.022059	0.053922	0.023284	0.018382	0.037990	0.017157	0.006127	0.006127	0.039216	0.011029	0.006127	0.006127	0.015931	0.041667	0.031863	0.018382	0.067402	
0.041667	0.017157	0.013480	0.046569	0.003676	0.014706	0.011029	0.015931	0.012255	0.029412	0.004902	0.011029	0.037990	0.034314	0.013480	0.052696	0.018382	0.009804	0.006127	0.018382	0.007353	0.006127	0.002451	0.011029	0.003676	0.011029	0.004902	0.004902	0.001225	0.024510	0.008578	0.063725	0.011029	0.006127	0.001225	0.009804	0.001225	0.007353	0.004902	0.006127	0.006127	0.004902	0.003676	0.006127	0.015931	0.017157	0.006127	0.015931	0.047794	0.018382	0.004902	0.017157	0.001225	0.026961	0.009804	0.024510	0.009804	0.015931	0.011029	0.014706	0.001225	0.066176	0.030637	0.091912	
0.047794	0.020833	0.012255	0.037990	0.013480	0.014706	0.002451	0.020833	0.007353	0.006127	0.006127	0.006127	0.026961	0.017157	0.008578	0.039216	0.003676	0.003676	0.002451	0.003676	0.024510	0.006127	0.006127	0.018382	0.011029	0.004902	0.003676	0.008578	0.017157	0.008578	0.004902	0.026961	0.013480	0.002451	0.006127	0.009804	0.026961	0.007353	0.004902	0.022059	0.008578	0.008578	0.002451	0.004902	0.011029	0.008578	0.003676	0.013480	0.017157	0.011029	0.013480	0.014706	0.064951	0.019608	0.007353	0.050245	0.019608	0.007353	0.006127	0.025735	0.072304	0.041667	0.017157	0.093137	
0.026961	0.015931	0.012255	0.026961	0.014706	0.004902	0.002451	0.015931	0.008578	0.008578	0.004902	0.012255	0.015931	0.011029	0.006127	0.033088	0.037990	0.025735	0.013480	0.052696	0.013480	0.011029	0.002451	0.020833	0.003676	0.003676	0.002451	0.011029	0.035539	0.014706	0.017157	0.044118	0.008578	0.012255	0.011029	0.014706	0.004902	0.007353	0.003676	0.011029	0.008578	0.002451	0.001225	0.006127	0.007353	0.004902	0.006127	0.026961	0.045343	0.017157	0.017157	0.047794	0.023284	0.009804	0.008578	0.034314	0.008578	0.008578	0.002451	0.014706	0.042892	0.019608	0.025735	0.084559	
0.033088	0.026961	0.014706	0.044118	0.002451	0.022059	0.022059	0.024510	0.012255	0.018382	0.007353	0.015931	0.035539	0.037990	0.019608	0.049020	0.025735	0.011029	0.001225	0.018382	0.017157	0.006127	0.003676	0.006127	0.001225	0.006127	0.003676	0.006127	0.001225	0.025735	0.004902	0.050245	0.008578	0.003676	0.001225	0.015931	0.003676	0.012255	0.003676	0.003676	0.002451	0.004902	0.002451	0.001225	0.011029	0.017157	0.003676	0.012255	0.046569	0.026961	0.008578	0.019608	0.001225	0.018382	0.007353	0.023284	0.008578	0.018382	0.012255	0.015931	0.001225	0.068627	0.025735	0.093137	
0.045343	0.012255	0.022059	0.034314	0.019608	0.012255	0.012255	0.024510	0.006127	0.006127	0.003676	0.009804	0.030637	0.020833	0.008578	0.037990	0.012255	0.001225	0.003676	0.007353	0.023284	0.011029	0.009804	0.014706	0.012255	0.006127	0.004902	0.013480	0.022059	0.009804	0.006127	0.019608	0.009804	0.002451	0.004902	0.007353	0.022059	0.008578	0.008578	0.008578	0.007353	0.004902	0.004902	0.008578	0.013480	0.004902	0.007353	0.013480	0.015931	0.007353	0.014706	0.011029	0.056373	0.028186	0.009804	0.055147	0.020833	0.009804	0.006127	0.017157	0.072304	0.031863	0.011029	0.089461	
0.029412	0.004902	0.011029	0.037990	0.008578	0.003676	0.001225	0.009804	0.012255	0.013480	0.002451	0.017157	0.011029	0.006127	0.009804	0.033088	0.037990	0.017157	0.020833	0.045343	0.017157	0.007353	0.009804	0.025735	0.003676	0.008578	0.004902	0.023284	0.024510	0.011029	0.017157	0.050245	0.017157	0.006127	0.006127	0.017157	0.008578	0.004902	0.002451	0.011029	0.008578	0.003676	0.002451	0.004902	0.011029	0.007353	0.007353	0.023284	0.042892	0.017157	0.020833	0.057598	0.020833	0.011029	0.007353	0.028186	0.011029	0.006127	0.003676	0.012255	0.053922	0.024510	0.026961	0.055147	
0.030637	0.029412	0.017157	0.050245	0.003676	0.014706	0.007353	0.019608	0.014706	0.022059	0.007353	0.014706	0.029412	0.049020	0.024510	0.055147	0.017157	0.008578	0.002451	0.026961	0.017157	0.002451	0.002451	0.004902	0.006127	0.004902	0.003676	0.006127	0.001225	0.017157	0.006127	0.050245	0.012255	0.008578	0.003676	0.011029	0.002451	0.009804	0.007353	0.012255	0.002451	0.004902	0.001225	0.004902	0.013480	0.023284	0.009804	0.011029	0.051471	0.026961	0.009804	0.012255	0.001225	0.018382	0.006127	0.023284	0.008578	0.030637	0.012255	0.009804	0.001225	0.053922	0.023284	0.083333	
0.041667	0.017157	0.011029	0.041667	0.031863	0.009804	0.012255	0.019608	0.008578	0.008578	0.003676	0.012255	0.028186	0.018382	0.004902	0.049020	0.014706	0.002451	0.001225	0.006127	0.020833	0.004902	0.004902	0.014706	0.007353	0.001225	0.002451	0.012255	0.012255	0.012255	0.007353	0.028186	0.018382	0.003676	0.006127	0.003676	0.028186	0.008578	0.003676	0.022059	0.006127	0.003676	0.004902	0.009804	0.017157	0.004902	0.001225	0.012255	0.015931	0.004902	0.012255	0.012255	0.055147	0.008578	0.015931	0.063725	0.028186	0.014706	0.006127	0.014706	0.058824	0.034314	0.030637	0.075980	
0.024510	0.015931	0.018382	0.031863	0.003676	0.003676	0.007353	0.013480	0.008578	0.006127	0.003676	0.012255	0.018382	0.004902	0.011029	0.029412	0.049020	0.011029	0.028186	0.047794	0.012255	0.003676	0.002451	0.013480	0.007353	0.008578	0.006127	0.014706	0.033088	0.011029	0.015931	0.060049	0.008578	0.011029	0.007353	0.023284	0.008578	0.007353	0.003676	0.008578	0.006127	0.002451	0.002451	0.006127	0.009804	0.007353	0.008578	0.023284	0.047794	0.013480	0.017157	0.037990	0.024510	0.011029	0.006127	0.028186	0.012255	0.008578	0.007353	0.015931	0.029412	0.029412	0.033088	0.073529	
0.034314	0.023284	0.011029	0.061275	0.003676	0.015931	0.013480	0.018382	0.009804	0.024510	0.009804	0.026961	0.020833	0.058824	0.017157	0.044118	0.017157	0.007353	0.003676	0.020833	0.012255	0.004902	0.003676	0.004902	0.001225	0.008578	0.003676	0.006127	0.001225	0.017157	0.012255	0.033088	0.012255	0.007353	0.003676	0.011029	0.002451	0.013480	0.006127	0.003676	0.006127	0.006127	0.003676	0.003676	0.020833	0.007353	0.003676	0.017157	0.037990	0.023284	0.009804	0.019608	0.001225	0.017157	0.009804	0.024510	0.015931	0.024510	0.012255	0.015931	0.001225	0.066176	0.034314	0.084559	
0.039216	0.006127	0.020833	0.035539	0.024510	0.006127	0.007353	0.023284	0.013480	0.004902	0.002451	0.007353	0.044118	0.014706	0.006127	0.047794	0.003676	0.003676	0.004902	0.007353	0.024510	0.007353	0.004902	0.014706	0.015931	0.002451	0.003676	0.011029	0.022059	0.004902	0.008578	0.015931	0.012255	0.001225	0.003676	0.015931	0.020833	0.008578	0.001225	0.033088	0.012255	0.008578	0.003676	0.004902	0.019608	0.006127	0.008578	0.018382	0.015931	0.007353	0.008578	0.012255	0.058824	0.019608	0.018382	0.052696	0.029412	0.013480	0.007353	0.017157	0.061275	0.035539	0.015931	0.066176	
0.022059	0.009804	0.012255	0.026961	0.003676	0.008578	0.001225	0.004902	0.008578	0.006127	0.009804	0.013480	0.017157	0.008578	0.011029	0.034314	0.049020	0.020833	0.017157	0.041667	0.015931	0.006127	0.002451	0.017157	0.007353	0.006127	0.006127	0.012255	0.036765	0.008578	0.019608	0.058824	0.025735	0.013480	0.006127	0.025735	0.007353	0.001225	0.003676	0.017157	0.004902	0.003676	0.001225	0.007353	0.011029	0.004902	0.007353	0.017157	0.047794	0.019608	0.024510	0.055147	0.022059	0.009804	0.003676	0.025735	0.012255	0.006127	0.007353	0.013480	0.046569	0.017157	0.025735	0.058824	
0.036765	0.035539	0.018382	0.053922	0.002451	0.019608	0.019608	0.022059	0.011029	0.026961	0.008578	0.013480	0.028186	0.052696	0.017157	0.051471	0.020833	0.006127	0.002451	0.019608	0.014706	0.002451	0.006127	0.002451	0.001225	0.004902	0.003676	0.001225	0.001225	0.009804	0.009804	0.044118	0.009804	0.004902	0.001225	0.017157	0.002451	0.007353	0.006127	0.006127	0.003676	0.009804	0.007353	0.003676	0.011029	0.017157	0.004902	0.013480	0.061275	0.017157	0.009804	0.023284	0.001225	0.012255	0.006127	0.019608	0.014706	0.022059	0.015931	0.011029	0.001225	0.068627	0.039216	0.060049	
0.051471	0.011029	0.028186	0.037990	0.019608	0.011029	0.006127	0.026961	0.009804	0.006127	0.003676	0.012255	0.041667	0.014706	0.008578	0.049020	0.003676	0.003676	0.003676	0.009804	0.019608	0.006127	0.004902	0.011029	0.011029	0.006127	0.006127	0.014706	0.022059	0.006127	0.003676	0.018382	0.014706	0.002451	0.001225	0.012255	0.023284	0.004902	0.011029	0.024510	0.017157	0.006127	0.004902	0.007353	0.015931	0.004902	0.003676	0.004902	0.015931	0.006127	0.008578	0.011029	0.062500	0.018382	0.013480	0.053922	0.033088	0.003676	0.008578	0.025735	0.058824	0.019608	0.017157	0.073529	
0.044118	0.007353	0.008578	0.025735	0.011029	0.004902	0.002451	0.004902	0.009804	0.009804	0.004902	0.017157	0.012255	0.009804	0.014706	0.034314	0.041667	0.008578	0.028186	0.046569	0.008578	0.011029	0.004902	0.015931	0.007353	0.006127	0.007353	0.014706	0.034314	0.007353	0.013480	0.061275	0.023284	0.009804	0.013480	0.024510	0.008578	0.001225	0.002451	0.009804	0.009804	0.003676	0.003676	0.006127	0.012255	0.007353	0.007353	0.033088	0.056373	0.017157	0.022059	0.042892	0.020833	0.001225	0.007353	0.015931	0.007353	0.006127	0.006127	0.013480	0.033088	0.013480	0.033088	0.066176	
0.044118	0.034314	0.022059	0.064951	0.004902	0.013480	0.012255	0.012255	0.015931	0.030637	0.011029	0.014706	0.026961	0.060049	0.012255	0.040441	0.018382	0.006127	0.006127	0.018382	0.009804	0.001225	0.002451	0.004902	0.001225	0.006127	0.004902	0.004902	0.001225	0.011029	0.001225	0.033088	0.013480	0.003676	0.004902	0.012255	0.003676	0.009804	0.002451	0.009804	0.004902	0.011029	0.002451	0.003676	0.012255	0.019608	0.006127	0.013480	0.045343	0.028186	0.007353	0.011029	0.001225	0.014706	0.006127	0.015931	0.013480	0.020833	0.020833	0.013480	0.001225	0.069853	0.039216	0.084559	
0.049020	0.018382	0.022059	0.031863	0.028186	0.008578	0.002451	0.033088	0.012255	0.011029	0.004902	0.012255	0.044118	0.019608	0.012255	0.030637	0.007353	0.003676	0.007353	0.001225	0.019608	0.002451	0.006127	0.011029	0.003676	0.004902	0.003676	0.011029	0.017157	0.008578	0.002451	0.014706	0.015931	0.004902	0.003676	0.011029	0.031863	0.006127	0.006127	0.024510	0.018382	0.006127	0.007353	0.007353	0.009804	0.007353	0.003676	0.015931	0.014706	0.004902	0.008578	0.013480	0.061275	0.022059	0.020833	0.056373	0.020833	0.011029	0.007353	0.019608	0.062500	0.034314	0.013480	0.061275	
0.026961	0.006127	0.019608	0.034314	0.008578	0.004902	0.003676	0.014706	0.018382	0.006127	0.003676	0.013480	0.012255	0.008578	0.008578	0.028186	0.060049	0.014706	0.022059	0.044118	0.012255	0.004902	0.008578	0.013480	0.009804	0.007353	0.006127	0.012255	0.033088	0.013480	0.020833	0.057598	0.013480	0.006127	0.004902	0.030637	0.011029	0.006127	0.004902	0.011029	0.008578	0.003676	0.003676	0.007353	0.011029	0.008578	0.011029	0.019608	0.044118	0.018382	0.024510	0.046569	0.031863	0.008578	0.008578	0.020833	0.012255	0.004902	0.001225	0.013480	0.030637	0.017157	0.020833	0.053922	
0.029412	0.031863	0.022059	0.061275	0.002451	0.015931	0.011029	0.015931	0.014706	0.022059	0.009804	0.024510	0.030637	0.055147	0.015931	0.053922	0.020833	0.008578	0.004902	0.029412	0.009804	0.004902	0.004902	0.004902	0.006127	0.006127	0.003676	0.009804	0.001225	0.009804	0.009804	0.039216	0.022059	0.004902	0.007353	0.014706	0.002451	0.004902	0.007353	0.007353	0.006127	0.003676	0.003676	0.001225	0.014706	0.019608	0.004902	0.007353	0.039216	0.025735	0.014706	0.007353	0.001225	0.019608	0.007353	0.019608	0.011029	0.025735	0.012255	0.012255	0.001225	0.058824	0.029412	0.069853	
0.044118	0.007353	0.024510	0.035539	0.023284	0.009804	0.006127	0.031863	0.022059	0.012255	0.004902	0.009804	0.033088	0.019608	0.015931	0.044118	0.006127	0.001225	0.003676	0.004902	0.023284	0.002451	0.006127	0.013480	0.012255	0.004902	0.002451	0.011029	0.013480	0.007353	0.009804	0.017157	0.018382	0.004902	0.001225	0.013480	0.019608	0.009804	0.002451	0.025735	0.009804	0.007353	0.003676	0.008578	0.012255	0.008578	0.011029	0.015931	0.019608	0.004902	0.006127	0.017157	0.064951	0.015931	0.012255	0.050245	0.019608	0.014706	0.012255	0.013480	0.057598	0.028186	0.015931	0.068627	
0.034314	0.006127	0.011029	0.036765	0.003676	0.004902	0.001225	0.008578	0.008578	0.008578	0.004902	0.013480	0.022059	0.009804	0.014706	0.024510	0.036765	0.019608	0.022059	0.052696	0.014706	0.003676	0.004902	0.014706	0.006127	0.006127	0.006127	0.008578	0.034314	0.014706	0.019608	0.052696	0.012255	0.006127	0.012255	0.033088	0.013480	0.007353	0.003676	0.014706	0.009804	0.003676	0.002451	0.007353	0.014706	0.008578	0.007353	0.012255	0.037990	0.018382	0.022059	0.037990	0.017157	0.011029	0.011029	0.024510	0.013480	0.006127	0.008578	0.024510	0.023284	0.023284	0.031863	0.067402	
0.030637	0.022059	0.018382	0.050245	0.003676	0.018382	0.014706	0.013480	0.013480	0.020833	0.012255	0.020833	0.028186	0.075980	0.015931	0.040441	0.014706	0.008578	0.006127	0.019608	0.017157	0.004902	0.003676	0.001225	0.006127	0.003676	0.003676	0.007353	0.001225	0.014706	0.018382	0.028186	0.012255	0.002451	0.004902	0.018382	0.002451	0.014706	0.002451	0.004902	0.007353	0.008578	0.001225	0.004902	0.015931	0.015931	0.007353	0.014706	0.035539	0.030637	0.015931	0.012255	0.001225	0.025735	0.011029	0.018382	0.009804	0.024510	0.020833	0.018382	0.001225	0.066176	0.030637	0.058824	
0.036765	0.009804	0.013480	0.033088	0.029412	0.006127	0.004902	0.023284	0.009804	0.006127	0.011029	0.018382	0.031863	0.013480	0.012255	0.042892	0.012255	0.002451	0.004902	0.004902	0.024510	0.009804	0.011029	0.018382	0.011029	0.007353	0.002451	0.011029	0.006127	0.008578	0.003676	0.019608	0.019608	0.004902	0.004902	0.007353	0.018382	0.012255	0.004902	0.022059	0.020833	0.007353	0.002451	0.007353	0.019608	0.012255	0.002451	0.017157	0.022059	0.006127	0.003676	0.014706	0.087010	0.013480	0.012255	0.060049	0.022059	0.020833	0.009804	0.019608	0.049020	0.023284	0.014706	0.055147	
0.039216	0.012255	0.017157	0.022059	0.008578	0.003676	0.002451	0.008578	0.015931	0.006127	0.001225	0.003676	0.015931	0.012255	0.008578	0.023284	0.058824	0.020833	0.034314	0.045343	0.008578	0.006127	0.002451	0.024510	0.007353	0.008578	0.003676	0.013480	0.026961	0.007353	0.024510	0.064951	0.020833	0.008578	0.004902	0.029412	0.011029	0.006127	0.008578	0.015931	0.006127	0.008578	0.004902	0.006127	0.011029	0.004902	0.012255	0.028186	0.039216	0.014706	0.022059	0.030637	0.018382	0.012255	0.004902	0.022059	0.009804	0.006127	0.007353	0.009804	0.034314	0.024510	0.028186	0.047794	
0.037990	0.039216	0.025735	0.055147	0.007353	0.026961	0.009804	0.012255	0.023284	0.020833	0.009804	0.024510	0.033088	0.044118	0.012255	0.037990	0.015931	0.003676	0.004902	0.022059	0.009804	0.006127	0.007353	0.004902	0.001225	0.004902	0.006127	0.006127	0.001225	0.009804	0.012255	0.047794	0.014706	0.007353	0.001225	0.015931	0.003676	0.007353	0.008578	0.009804	0.006127	0.006127	0.001225	0.003676	0.009804	0.009804	0.002451	0.011029	0.041667	0.017157	0.014706	0.014706	0.001225	0.015931	0.006127	0.025735	0.020833	0.024510	0.015931	0.012255	0.001225	0.072304	0.031863	0.058824	
0.047794	0.014706	0.019608	0.028186	0.024510	0.004902	0.003676	0.034314	0.017157	0.007353	0.004902	0.017157	0.030637	0.017157	0.009804	0.050245	0.008578	0.003676	0.006127	0.003676	0.030637	0.008578	0.006127	0.011029	0.013480	0.004902	0.006127	0.007353	0.017157	0.006127	0.004902	0.024510	0.028186	0.004902	0.004902	0.013480	0.018382	0.009804	0.001225	0.026961	0.013480	0.006127	0.004902	0.008578	0.017157	0.008578	0.003676	0.017157	0.015931	0.007353	0.011029	0.011029	0.051471	0.012255	0.006127	0.066176	0.029412	0.014706	0.004902	0.009804	0.067402	0.014706	0.023284	0.050245	
0.037990	0.014706	0.024510	0.023284	0.013480	0.006127	0.001225	0.009804	0.015931	0.006127	0.002451	0.017157	0.018382	0.003676	0.013480	0.020833	0.045343	0.017157	0.022059	0.040441	0.011029	0.002451	0.004902	0.017157	0.004902	0.004902	0.001225	0.006127	0.031863	0.012255	0.041667	0.052696	0.022059	0.007353	0.007353	0.036765	0.007353	0.008578	0.006127	0.011029	0.004902	0.002451	0.004902	0.008578	0.007353	0.006127	0.011029	0.018382	0.040441	0.024510	0.023284	0.044118	0.013480	0.011029	0.004902	0.017157	0.012255	0.007353	0.008578	0.013480	0.035539	0.020833	0.031863	0.053922	
0.039216	0.023284	0.024510	0.058824	0.004902	0.028186	0.011029	0.019608	0.012255	0.031863	0.012255	0.020833	0.023284	0.056373	0.018382	0.046569	0.014706	0.009804	0.006127	0.014706	0.014706	0.002451	0.002451	0.008578	0.003676	0.008578	0.002451	0.002451	0.001225	0.011029	0.007353	0.035539	0.009804	0.007353	0.001225	0.019608	0.002451	0.007353	0.003676	0.007353	0.002451	0.004902	0.003676	0.006127	0.013480	0.009804	0.011029	0.011029	0.037990	0.018382	0.019608	0.017157	0.001225	0.022059	0.006127	0.013480	0.024510	0.039216	0.020833	0.013480	0.001225	0.058824	0.036765	0.049020	
0.040441	0.013480	0.017157	0.030637	0.023284	0.007353	0.004902	0.023284	0.019608	0.011029	0.006127	0.014706	0.034314	0.017157	0.011029	0.047794	0.011029	0.002451	0.003676	0.006127	0.029412	0.007353	0.006127	0.017157	0.011029	0.006127	0.004902	0.001225	0.011029	0.007353	0.006127	0.024510	0.015931	0.009804	0.004902	0.012255	0.031863	0.015931	0.007353	0.029412	0.011029	0.007353	0.007353	0.013480	0.014706	0.008578	0.002451	0.017157	0.012255	0.011029	0.008578	0.007353	0.066176	0.013480	0.012255	0.044118	0.034314	0.017157	0.004902	0.017157	0.067402	0.018382	0.013480	0.042892	
0.024510	0.015931	0.009804	0.029412	0.009804	0.013480	0.003676	0.009804	0.009804	0.007353	0.006127	0.011029	0.017157	0.006127	0.009804	0.023284	0.052696	0.018382	0.024510	0.055147	0.014706	0.009804	0.008578	0.011029	0.007353	0.007353	0.007353	0.008578	0.035539	0.008578	0.019608	0.050245	0.018382	0.007353	0.014706	0.035539	0.014706	0.004902	0.006127	0.015931	0.003676	0.003676	0.002451	0.013480	0.007353	0.008578	0.009804	0.020833	0.052696	0.009804	0.026961	0.037990	0.020833	0.006127	0.003676	0.020833	0.011029	0.012255	0.002451	0.007353	0.042892	0.018382	0.024510	0.046569	
0.036765	0.037990	0.018382	0.055147	0.003676	0.019608	0.012255	0.015931	0.011029	0.024510	0.015931	0.024510	0.041667	0.060049	0.012255	0.044118	0.014706	0.013480	0.002451	0.029412	0.022059	0.004902	0.003676	0.003676	0.006127	0.004902	0.004902	0.006127	0.001225	0.013480	0.006127	0.036765	0.012255	0.006127	0.003676	0.009804	0.003676	0.013480	0.006127	0.007353	0.004902	0.007353	0.001225	0.004902	0.009804	0.014706	0.003676	0.012255	0.060049	0.019608	0.013480	0.009804	0.001225	0.013480	0.004902	0.022059	0.013480	0.023284	0.014706	0.012255	0.001225	0.064951	0.039216	0.035539	
0.053922	0.014706	0.025735	0.029412	0.034314	0.006127	0.008578	0.028186	0.007353	0.011029	0.007353	0.012255	0.033088	0.019608	0.007353	0.044118	0.013480	0.004902	0.004902	0.007353	0.022059	0.009804	0.007353	0.012255	0.012255	0.002451	0.003676	0.008578	0.018382	0.007353	0.004902	0.018382	0.018382	0.006127	0.003676	0.007353	0.024510	0.008578	0.002451	0.024510	0.013480	0.008578	0.004902	0.009804	0.019608	0.007353	0.001225	0.019608	0.022059	0.007353	0.012255	0.012255	0.068627	0.011029	0.011029	0.062500	0.025735	0.009804	0.008578	0.017157	0.052696	0.013480	0.012255	0.050245	
0.035539	0.012255	0.024510	0.035539	0.006127	0.009804	0.002451	0.014706	0.009804	0.009804	0.006127	0.020833	0.015931	0.009804	0.008578	0.022059	0.051471	0.026961	0.020833	0.050245	0.011029	0.003676	0.009804	0.011029	0.004902	0.002451	0.006127	0.015931	0.039216	0.017157	0.019608	0.051471	0.023284	0.013480	0.008578	0.013480	0.011029	0.003676	0.002451	0.014706	0.003676	0.008578	0.004902	0.007353	0.011029	0.007353	0.003676	0.025735	0.039216	0.019608	0.020833	0.044118	0.013480	0.008578	0.001225	0.024510	0.007353	0.006127	0.003676	0.008578	0.033088	0.011029	0.025735	0.062500	
0.033088	0.030637	0.023284	0.062500	0.007353	0.031863	0.013480	0.019608	0.012255	0.026961	0.007353	0.028186	0.036765	0.044118	0.011029	0.051471	0.009804	0.006127	0.002451	0.023284	0.012255	0.006127	0.003676	0.003676	0.002451	0.004902	0.002451	0.006127	0.001225	0.013480	0.007353	0.042892	0.012255	0.002451	0.004902	0.006127	0.004902	0.009804	0.003676	0.008578	0.006127	0.007353	0.003676	0.003676	0.015931	0.020833	0.003676	0.012255	0.052696	0.020833	0.017157	0.008578	0.001225	0.018382	0.003676	0.022059	0.013480	0.014706	0.018382	0.011029	0.001225	0.060049	0.035539	0.064951	
0.039216	0.011029	0.019608	0.037990	0.017157	0.006127	0.007353	0.029412	0.011029	0.009804	0.009804	0.017157	0.037990	0.015931	0.007353	0.039216	0.012255	0.003676	0.004902	0.004902	0.029412	0.003676	0.007353	0.025735	0.009804	0.002451	0.002451	0.009804	0.023284	0.011029	0.006127	0.013480	0.019608	0.003676	0.003676	0.007353	0.023284	0.006127	0.002451	0.022059	0.012255	0.004902	0.002451	0.012255	0.018382	0.007353	0.003676	0.019608	0.026961	0.006127	0.011029	0.011029	0.049020	0.013480	0.015931	0.060049	0.028186	0.007353	0.006127	0.015931	0.069853	0.019608	0.008578	0.073529	
0.031863	0.014706	0.028186	0.023284	0.007353	0.007353	0.003676	0.006127	0.008578	0.009804	0.011029	0.009804	0.017157	0.009804	0.013480	0.020833	0.041667	0.020833	0.015931	0.040441	0.006127	0.006127	0.009804	0.007353	0.007353	0.004902	0.004902	0.015931	0.041667	0.006127	0.023284	0.066176	0.015931	0.009804	0.008578	0.026961	0.008578	0.003676	0.002451	0.009804	0.007353	0.003676	0.003676	0.006127	0.012255	0.006127	0.018382	0.018382	0.046569	0.023284	0.024510	0.055147	0.017157	0.006127	0.003676	0.026961	0.004902	0.006127	0.002451	0.012255	0.044118	0.019608	0.028186	0.053922	
0.033088	0.024510	0.014706	0.063725	0.009804	0.022059	0.009804	0.026961	0.011029	0.036765	0.014706	0.014706	0.030637	0.053922	0.015931	0.045343	0.014706	0.002451	0.004902	0.017157	0.013480	0.002451	0.002451	0.004902	0.002451	0.004902	0.006127	0.006127	0.001225	0.014706	0.006127	0.028186	0.003676	0.006127	0.003676	0.014706	0.001225	0.006127	0.004902	0.012255	0.003676	0.009804	0.004902	0.003676	0.013480	0.012255	0.002451	0.015931	0.066176	0.019608	0.015931	0.013480	0.001225	0.018382	0.008578	0.013480	0.024510	0.030637	0.015931	0.012255	0.001225	0.073529	0.034314	0.050245	
0.047794	0.014706	0.022059	0.033088	0.019608	0.004902	0.006127	0.022059	0.009804	0.007353	0.004902	0.017157	0.033088	0.019608	0.011029	0.045343	0.008578	0.004902	0.003676	0.008578	0.018382	0.007353	0.004902	0.018382	0.013480	0.006127	0.001225	0.004902	0.020833	0.012255	0.004902	0.019608	0.017157	0.007353	0.004902	0.012255	0.028186	0.017157	0.007353	0.029412	0.012255	0.009804	0.004902	0.014706	0.012255	0.007353	0.004902	0.012255	0.019608	0.004902	0.011029	0.011029	0.062500	0.019608	0.014706	0.057598	0.025735	0.013480	0.008578	0.011029	0.051471	0.019608	0.019608	0.049020	
0.042892	0.014706	0.012255	0.023284	0.007353	0.007353	0.004902	0.012255	0.008578	0.006127	0.008578	0.018382	0.018382	0.009804	0.014706	0.022059	0.058824	0.007353	0.022059	0.040441	0.023284	0.009804	0.007353	0.008578	0.007353	0.004902	0.008578	0.012255	0.039216	0.008578	0.018382	0.061275	0.018382	0.011029	0.007353	0.024510	0.012255	0.004902	0.003676	0.015931	0.001225	0.006127	0.006127	0.006127	0.017157	0.004902	0.013480	0.012255	0.039216	0.015931	0.022059	0.040441	0.014706	0.009804	0.001225	0.033088	0.009804	0.007353	0.007353	0.015931	0.028186	0.014706	0.028186	0.055147	
0.039216	0.036765	0.019608	0.063725	0.003676	0.022059	0.007353	0.015931	0.009804	0.024510	0.004902	0.024510	0.036765	0.044118	0.013480	0.034314	0.015931	0.006127	0.004902	0.030637	0.013480	0.006127	0.004902	0.007353	0.002451	0.003676	0.004902	0.006127	0.001225	0.015931	0.007353	0.045343	0.006127	0.003676	0.004902	0.012255	0.003676	0.008578	0.002451	0.009804	0.006127	0.008578	0.006127	0.009804	0.014706	0.017157	0.008578	0.012255	0.045343	0.028186	0.013480	0.015931	0.001225	0.013480	0.004902	0.018382	0.017157	0.018382	0.015931	0.023284	0.001225	0.057598	0.036765	0.055147	
0.045343	0.011029	0.025735	0.024510	0.034314	0.012255	0.006127	0.022059	0.015931	0.013480	0.003676	0.009804	0.042892	0.023284	0.013480	0.042892	0.009804	0.003676	0.003676	0.004902	0.022059	0.007353	0.007353	0.013480	0.007353	0.007353	0.002451	0.002451	0.019608	0.006127	0.003676	0.022059	0.020833	0.001225	0.002451	0.011029	0.019608	0.006127	0.006127	0.023284	0.009804	0.007353	0.006127	0.008578	0.022059	0.009804	0.006127	0.025735	0.018382	0.007353	0.012255	0.015931	0.057598	0.013480	0.018382	0.045343	0.028186	0.009804	0.008578	0.019608	0.055147	0.023284	0.008578	0.060049	
0.023284	0.015931	0.023284	0.031863	0.008578	0.004902	0.002451	0.007353	0.011029	0.009804	0.007353	0.015931	0.012255	0.008578	0.008578	0.026961	0.049020	0.017157	0.018382	0.049020	0.011029	0.007353	0.002451	0.018382	0.008578	0.004902	0.013480	0.011029	0.025735	0.011029	0.031863	0.035539	0.013480	0.007353	0.015931	0.024510	0.012255	0.004902	0.008578	0.012255	0.006127	0.002451	0.003676	0.008578	0.008578	0.004902	0.006127	0.020833	0.057598	0.015931	0.033088	0.033088	0.020833	0.006127	0.007353	0.028186	0.009804	0.008578	0.003676	0.009804	0.057598	0.014706	0.023284	0.055147	
0.036765	0.026961	0.019608	0.060049	0.007353	0.015931	0.014706	0.018382	0.020833	0.035539	0.008578	0.025735	0.039216	0.053922	0.015931	0.029412	0.015931	0.003676	0.002451	0.030637	0.017157	0.003676	0.001225	0.001225	0.006127	0.006127	0.003676	0.004902	0.001225	0.013480	0.011029	0.040441	0.012255	0.001225	0.008578	0.013480	0.001225	0.011029	0.007353	0.006127	0.006127	0.009804	0.001225	0.011029	0.013480	0.008578	0.007353	0.015931	0.060049	0.025735	0.008578	0.009804	0.001225	0.015931	0.008578	0.013480	0.013480	0.020833	0.023284	0.012255	0.001225	0.049020	0.028186	0.060049	
0.040441	0.015931	0.030637	0.037990	0.022059	0.004902	0.004902	0.025735	0.015931	0.008578	0.006127	0.008578	0.034314	0.017157	0.018382	0.044118	0.006127	0.002451	0.009804	0.008578	0.018382	0.004902	0.004902	0.018382	0.009804	0.006127	0.003676	0.012255	0.013480	0.009804	0.007353	0.008578	0.020833	0.004902	0.004902	0.015931	0.023284	0.008578	0.004902	0.035539	0.015931	0.004902	0.001225	0.014706	0.028186	0.006127	0.003676	0.015931	0.024510	0.007353	0.013480	0.009804	0.045343	0.012255	0.008578	0.058824	0.022059	0.013480	0.006127	0.020833	0.066176	0.018382	0.013480	0.047794	
0.025735	0.014706	0.022059	0.029412	0.009804	0.008578	0.001225	0.011029	0.014706	0.015931	0.004902	0.023284	0.024510	0.004902	0.020833	0.022059	0.029412	0.013480	0.025735	0.040441	0.008578	0.001225	0.002451	0.018382	0.008578	0.003676	0.003676	0.007353	0.037990	0.013480	0.029412	0.057598	0.015931	0.007353	0.007353	0.033088	0.009804	0.009804	0.002451	0.011029	0.004902	0.003676	0.006127	0.002451	0.013480	0.011029	0.008578	0.023284	0.047794	0.022059	0.028186	0.044118	0.017157	0.008578	0.006127	0.019608	0.011029	0.004902	0.009804	0.017157	0.036765	0.013480	0.028186	0.037990	
0.030637	0.028186	0.008578	0.051471	0.004902	0.029412	0.011029	0.012255	0.011029	0.026961	0.009804	0.035539	0.031863	0.058824	0.017157	0.039216	0.018382	0.004902	0.003676	0.018382	0.018382	0.003676	0.003676	0.002451	0.002451	0.004902	0.003676	0.001225	0.001225	0.017157	0.007353	0.034314	0.009804	0.004902	0.004902	0.019608	0.002451	0.011029	0.008578	0.006127	0.002451	0.009804	0.003676	0.008578	0.015931	0.007353	0.004902	0.022059	0.056373	0.030637	0.014706	0.011029	0.001225	0.017157	0.007353	0.017157	0.019608	0.025735	0.018382	0.023284	0.001225	0.056373	0.026961	0.056373	
0.041667	0.012255	0.020833	0.040441	0.026961	0.011029	0.009804	0.020833	0.009804	0.006127	0.007353	0.008578	0.033088	0.012255	0.012255	0.042892	0.014706	0.002451	0.003676	0.006127	0.031863	0.006127	0.006127	0.017157	0.012255	0.006127	0.002451	0.009804	0.015931	0.003676	0.004902	0.013480	0.017157	0.001225	0.004902	0.012255	0.031863	0.006127	0.004902	0.024510	0.019608	0.004902	0.001225	0.009804	0.020833	0.004902	0.007353	0.035539	0.022059	0.007353	0.008578	0.012255	0.073529	0.008578	0.014706	0.042892	0.028186	0.013480	0.001225	0.013480	0.069853	0.013480	0.018382	0.050245	
0.037990	0.012255	0.013480	0.031863	0.004902	0.003676	0.003676	0.011029	0.004902	0.011029	0.006127	0.015931	0.019608	0.009804	0.007353	0.034314	0.051471	0.025735	0.034314	0.052696	0.011029	0.002451	0.003676	0.014706	0.007353	0.008578	0.004902	0.014706	0.033088	0.007353	0.020833	0.044118	0.023284	0.008578	0.015931	0.022059	0.003676	0.003676	0.007353	0.015931	0.004902	0.002451	0.002451	0.002451	0.009804	0.003676	0.011029	0.017157	0.046569	0.017157	0.028186	0.047794	0.009804	0.006127	0.006127	0.012255	0.006127	0.009804	0.004902	0.022059	0.047794	0.013480	0.025735	0.055147	
0.031863	0.039216	0.023284	0.064951	0.003676	0.022059	0.017157	0.020833	0.011029	0.036765	0.012255	0.031863	0.028186	0.049020	0.014706	0.062500	0.007353	0.006127	0.003676	0.012255	0.007353	0.002451	0.002451	0.003676	0.003676	0.007353	0.003676	0.006127	0.001225	0.011029	0.004902	0.036765	0.013480	0.002451	0.003676	0.003676	0.002451	0.015931	0.002451	0.011029	0.003676	0.007353	0.002451	0.004902	0.011029	0.020833	0.009804	0.013480	0.063725	0.022059	0.009804	0.014706	0.001225	0.020833	0.006127	0.006127	0.007353	0.028186	0.013480	0.015931	0.001225	0.052696	0.036765	0.060049	
