>NC_008530
0.001330	0.001330	0.001330	0.001330	0.001330	0.001330	0.001330	0.001330	0.001330	0.001330	0.001330	0.001330	0.001330	0.001330	0.001330	0.001330	0.001330	0.001330	0.001330	0.001330	0.001330	0.001330	0.001330	0.001330	0.001330	0.001330	0.001330	0.001330	0.219415	0.001330	0.001330	0.001330	0.001330	0.001330	0.001330	0.001330	0.001330	0.001330	0.001330	0.001330	0.001330	0.001330	0.001330	0.001330	0.001330	0.001330	0.001330	0.001330	0.001330	0.001330	0.001330	0.001330	0.093085	0.001330	0.001330	0.001330	0.001330	0.001330	0.001330	0.001330	0.691489	0.001330	0.001330	0.001330	
0.001330	0.001330	0.001330	0.001330	0.001330	0.001330	0.001330	0.001330	0.001330	0.001330	0.001330	0.001330	0.001330	0.001330	0.001330	0.001330	0.026596	0.006649	0.015957	0.047872	0.001330	0.001330	0.001330	0.001330	0.001330	0.001330	0.001330	0.001330	0.001330	0.001330	0.001330	0.001330	0.001330	0.001330	0.001330	0.001330	0.001330	0.001330	0.001330	0.001330	0.001330	0.001330	0.001330	0.001330	0.001330	0.001330	0.001330	0.001330	0.283245	0.152926	0.113032	0.364362	0.001330	0.001330	0.001330	0.001330	0.001330	0.001330	0.001330	0.001330	0.001330	0.001330	0.001330	0.001330	
0.094415	0.039894	0.021277	0.156915	0.031915	0.017287	0.010638	0.102394	0.025266	0.011968	0.013298	0.081117	0.057181	0.053191	0.029255	0.275266	0.001330	0.001330	0.001330	0.001330	0.001330	0.001330	0.001330	0.001330	0.001330	0.001330	0.001330	0.001330	0.001330	0.001330	0.001330	0.001330	0.001330	0.001330	0.001330	0.001330	0.001330	0.001330	0.001330	0.001330	0.001330	0.001330	0.001330	0.001330	0.001330	0.001330	0.001330	0.001330	0.001330	0.001330	0.001330	0.001330	0.001330	0.001330	0.001330	0.001330	0.001330	0.001330	0.001330	0.001330	0.001330	0.001330	0.001330	0.001330	
0.038564	0.013298	0.018617	0.027926	0.001330	0.010638	0.019947	0.011968	0.007979	0.009309	0.002660	0.005319	0.031915	0.062500	0.013298	0.053191	0.014628	0.003989	0.005319	0.011968	0.007979	0.002660	0.001330	0.009309	0.001330	0.007979	0.002660	0.002660	0.001330	0.030585	0.009309	0.065160	0.011968	0.003989	0.006649	0.006649	0.005319	0.003989	0.001330	0.005319	0.003989	0.010638	0.001330	0.001330	0.010638	0.035904	0.011968	0.026596	0.031915	0.009309	0.003989	0.015957	0.001330	0.007979	0.006649	0.041223	0.013298	0.010638	0.003989	0.005319	0.001330	0.066489	0.023936	0.187500	
0.033245	0.013298	0.007979	0.042553	0.007979	0.005319	0.003989	0.013298	0.009309	0.003989	0.002660	0.018617	0.022606	0.009309	0.003989	0.026596	0.006649	0.001330	0.002660	0.005319	0.007979	0.003989	0.001330	0.011968	0.010638	0.003989	0.005319	0.009309	0.021277	0.013298	0.010638	0.022606	0.009309	0.006649	0.002660	0.007979	0.011968	0.007979	0.003989	0.014628	0.002660	0.002660	0.001330	0.003989	0.002660	0.002660	0.005319	0.003989	0.010638	0.010638	0.007979	0.015957	0.074468	0.029255	0.010638	0.081117	0.023936	0.009309	0.003989	0.021277	0.097074	0.053191	0.026596	0.155585	
0.022606	0.005319	0.009309	0.022606	0.005319	0.009309	0.003989	0.013298	0.007979	0.003989	0.002660	0.006649	0.021277	0.009309	0.007979	0.033245	0.027926	0.010638	0.014628	0.049202	0.009309	0.009309	0.001330	0.026596	0.001330	0.002660	0.002660	0.013298	0.037234	0.014628	0.009309	0.059840	0.011968	0.017287	0.003989	0.013298	0.005319	0.002660	0.001330	0.010638	0.003989	0.003989	0.002660	0.002660	0.009309	0.013298	0.007979	0.022606	0.039894	0.013298	0.023936	0.066489	0.026596	0.007979	0.002660	0.041223	0.014628	0.009309	0.007979	0.014628	0.033245	0.035904	0.038564	0.101064	
0.034574	0.015957	0.019947	0.031915	0.001330	0.010638	0.015957	0.018617	0.007979	0.021277	0.003989	0.018617	0.018617	0.035904	0.014628	0.082447	0.023936	0.001330	0.005319	0.015957	0.011968	0.005319	0.006649	0.005319	0.002660	0.002660	0.001330	0.002660	0.001330	0.019947	0.009309	0.061170	0.007979	0.006649	0.003989	0.009309	0.003989	0.010638	0.001330	0.003989	0.005319	0.005319	0.001330	0.003989	0.005319	0.013298	0.003989	0.014628	0.053191	0.015957	0.014628	0.017287	0.001330	0.025266	0.007979	0.038564	0.011968	0.021277	0.011968	0.018617	0.001330	0.082447	0.026596	0.106383	
0.043883	0.014628	0.021277	0.039894	0.017287	0.002660	0.003989	0.015957	0.010638	0.011968	0.005319	0.015957	0.018617	0.010638	0.002660	0.042553	0.005319	0.002660	0.007979	0.002660	0.018617	0.009309	0.005319	0.018617	0.010638	0.005319	0.002660	0.013298	0.026596	0.009309	0.006649	0.023936	0.009309	0.003989	0.001330	0.013298	0.015957	0.007979	0.006649	0.019947	0.003989	0.003989	0.002660	0.007979	0.013298	0.003989	0.005319	0.021277	0.007979	0.005319	0.006649	0.006649	0.062500	0.021277	0.011968	0.055851	0.014628	0.011968	0.005319	0.022606	0.109043	0.041223	0.019947	0.094415	
0.017287	0.006649	0.010638	0.031915	0.009309	0.005319	0.002660	0.009309	0.007979	0.006649	0.003989	0.018617	0.014628	0.009309	0.007979	0.030585	0.037234	0.014628	0.025266	0.037234	0.015957	0.003989	0.003989	0.017287	0.006649	0.010638	0.003989	0.006649	0.031915	0.015957	0.013298	0.049202	0.009309	0.009309	0.006649	0.014628	0.007979	0.006649	0.005319	0.013298	0.001330	0.002660	0.002660	0.009309	0.014628	0.010638	0.009309	0.025266	0.053191	0.027926	0.030585	0.055851	0.018617	0.006649	0.003989	0.035904	0.011968	0.006649	0.003989	0.011968	0.047872	0.019947	0.021277	0.093085	
0.031915	0.021277	0.010638	0.053191	0.003989	0.017287	0.018617	0.018617	0.022606	0.026596	0.005319	0.018617	0.017287	0.046543	0.018617	0.057181	0.013298	0.014628	0.007979	0.015957	0.011968	0.005319	0.001330	0.003989	0.001330	0.006649	0.002660	0.005319	0.001330	0.011968	0.011968	0.050532	0.007979	0.002660	0.007979	0.009309	0.001330	0.011968	0.002660	0.010638	0.001330	0.005319	0.002660	0.005319	0.009309	0.009309	0.005319	0.022606	0.062500	0.021277	0.010638	0.014628	0.001330	0.025266	0.003989	0.025266	0.010638	0.017287	0.011968	0.011968	0.001330	0.070479	0.030585	0.095745	
0.049202	0.017287	0.013298	0.035904	0.014628	0.013298	0.002660	0.029255	0.013298	0.009309	0.002660	0.011968	0.021277	0.018617	0.011968	0.041223	0.007979	0.005319	0.003989	0.001330	0.017287	0.013298	0.006649	0.022606	0.010638	0.006649	0.002660	0.006649	0.014628	0.013298	0.002660	0.027926	0.018617	0.005319	0.003989	0.007979	0.017287	0.019947	0.005319	0.013298	0.006649	0.003989	0.003989	0.007979	0.017287	0.009309	0.003989	0.010638	0.010638	0.006649	0.003989	0.007979	0.042553	0.029255	0.018617	0.047872	0.022606	0.017287	0.009309	0.017287	0.071809	0.034574	0.025266	0.094415	
0.027926	0.010638	0.017287	0.030585	0.006649	0.005319	0.002660	0.019947	0.005319	0.007979	0.001330	0.010638	0.009309	0.005319	0.007979	0.030585	0.031915	0.007979	0.014628	0.037234	0.019947	0.015957	0.005319	0.034574	0.005319	0.006649	0.003989	0.017287	0.025266	0.015957	0.015957	0.055851	0.014628	0.006649	0.006649	0.025266	0.013298	0.006649	0.003989	0.013298	0.006649	0.002660	0.002660	0.006649	0.010638	0.006649	0.009309	0.017287	0.037234	0.019947	0.022606	0.045213	0.017287	0.010638	0.006649	0.041223	0.011968	0.010638	0.002660	0.018617	0.030585	0.027926	0.030585	0.085106	
0.039894	0.025266	0.011968	0.034574	0.003989	0.021277	0.007979	0.011968	0.009309	0.029255	0.006649	0.015957	0.042553	0.030585	0.010638	0.054521	0.022606	0.006649	0.010638	0.017287	0.013298	0.010638	0.001330	0.013298	0.003989	0.005319	0.003989	0.005319	0.001330	0.019947	0.014628	0.073138	0.009309	0.005319	0.001330	0.013298	0.001330	0.010638	0.006649	0.009309	0.002660	0.001330	0.002660	0.003989	0.013298	0.017287	0.009309	0.013298	0.046543	0.010638	0.005319	0.013298	0.001330	0.021277	0.009309	0.023936	0.014628	0.022606	0.009309	0.017287	0.001330	0.063830	0.022606	0.101064	
0.046543	0.010638	0.018617	0.042553	0.011968	0.013298	0.007979	0.014628	0.009309	0.005319	0.006649	0.007979	0.018617	0.014628	0.007979	0.037234	0.003989	0.001330	0.003989	0.010638	0.019947	0.014628	0.006649	0.022606	0.005319	0.005319	0.005319	0.009309	0.018617	0.011968	0.005319	0.022606	0.013298	0.005319	0.005319	0.006649	0.021277	0.011968	0.006649	0.018617	0.007979	0.002660	0.002660	0.009309	0.011968	0.010638	0.003989	0.015957	0.026596	0.010638	0.007979	0.013298	0.059840	0.018617	0.014628	0.038564	0.015957	0.010638	0.010638	0.019947	0.087766	0.034574	0.017287	0.102394	
0.041223	0.014628	0.013298	0.021277	0.006649	0.007979	0.002660	0.010638	0.010638	0.006649	0.006649	0.011968	0.014628	0.007979	0.005319	0.045213	0.035904	0.018617	0.014628	0.043883	0.013298	0.006649	0.002660	0.035904	0.006649	0.009309	0.003989	0.015957	0.025266	0.011968	0.015957	0.041223	0.007979	0.005319	0.007979	0.017287	0.006649	0.005319	0.002660	0.009309	0.009309	0.003989	0.003989	0.007979	0.010638	0.006649	0.003989	0.025266	0.038564	0.030585	0.026596	0.041223	0.025266	0.007979	0.002660	0.035904	0.013298	0.006649	0.005319	0.009309	0.050532	0.027926	0.023936	0.075798	
0.031915	0.029255	0.014628	0.047872	0.002660	0.022606	0.021277	0.022606	0.011968	0.022606	0.007979	0.019947	0.023936	0.027926	0.021277	0.050532	0.023936	0.009309	0.002660	0.015957	0.009309	0.006649	0.002660	0.009309	0.001330	0.002660	0.005319	0.001330	0.001330	0.026596	0.006649	0.057181	0.011968	0.013298	0.001330	0.013298	0.001330	0.011968	0.002660	0.010638	0.002660	0.006649	0.005319	0.005319	0.006649	0.017287	0.007979	0.013298	0.057181	0.014628	0.011968	0.017287	0.001330	0.022606	0.002660	0.027926	0.006649	0.017287	0.011968	0.013298	0.001330	0.061170	0.027926	0.097074	
0.057181	0.014628	0.014628	0.038564	0.025266	0.010638	0.006649	0.023936	0.007979	0.007979	0.003989	0.010638	0.029255	0.018617	0.010638	0.035904	0.006649	0.001330	0.001330	0.005319	0.027926	0.009309	0.006649	0.019947	0.007979	0.005319	0.003989	0.011968	0.026596	0.007979	0.006649	0.029255	0.010638	0.002660	0.002660	0.006649	0.018617	0.006649	0.005319	0.018617	0.011968	0.005319	0.005319	0.007979	0.011968	0.011968	0.006649	0.009309	0.007979	0.007979	0.005319	0.011968	0.054521	0.019947	0.013298	0.045213	0.030585	0.014628	0.002660	0.015957	0.090426	0.026596	0.013298	0.087766	
0.025266	0.010638	0.014628	0.031915	0.006649	0.003989	0.001330	0.014628	0.009309	0.003989	0.002660	0.007979	0.011968	0.006649	0.013298	0.030585	0.046543	0.015957	0.021277	0.042553	0.013298	0.005319	0.005319	0.022606	0.005319	0.007979	0.002660	0.015957	0.021277	0.011968	0.015957	0.058511	0.015957	0.011968	0.007979	0.022606	0.006649	0.006649	0.005319	0.014628	0.005319	0.002660	0.001330	0.006649	0.015957	0.009309	0.006649	0.014628	0.055851	0.026596	0.023936	0.051862	0.019947	0.011968	0.005319	0.027926	0.013298	0.006649	0.003989	0.013298	0.043883	0.027926	0.022606	0.067819	
0.049202	0.033245	0.011968	0.049202	0.010638	0.019947	0.010638	0.023936	0.011968	0.030585	0.005319	0.019947	0.026596	0.050532	0.030585	0.041223	0.013298	0.010638	0.003989	0.018617	0.014628	0.005319	0.001330	0.006649	0.002660	0.005319	0.002660	0.006649	0.001330	0.013298	0.009309	0.055851	0.011968	0.005319	0.001330	0.014628	0.002660	0.007979	0.003989	0.006649	0.003989	0.002660	0.001330	0.002660	0.011968	0.011968	0.007979	0.011968	0.049202	0.018617	0.010638	0.014628	0.001330	0.019947	0.006649	0.027926	0.011968	0.030585	0.007979	0.007979	0.001330	0.069149	0.031915	0.069149	
0.031915	0.018617	0.022606	0.050532	0.031915	0.007979	0.006649	0.021277	0.009309	0.002660	0.005319	0.010638	0.026596	0.014628	0.006649	0.049202	0.011968	0.005319	0.003989	0.007979	0.017287	0.009309	0.007979	0.018617	0.007979	0.001330	0.001330	0.011968	0.025266	0.006649	0.003989	0.029255	0.014628	0.005319	0.001330	0.009309	0.021277	0.010638	0.007979	0.029255	0.003989	0.003989	0.002660	0.006649	0.010638	0.010638	0.002660	0.013298	0.011968	0.003989	0.010638	0.014628	0.065160	0.014628	0.010638	0.054521	0.030585	0.015957	0.011968	0.021277	0.047872	0.033245	0.027926	0.069149	
0.013298	0.017287	0.017287	0.022606	0.005319	0.003989	0.005319	0.018617	0.007979	0.006649	0.003989	0.019947	0.027926	0.011968	0.010638	0.031915	0.054521	0.011968	0.034574	0.034574	0.017287	0.003989	0.005319	0.015957	0.007979	0.009309	0.003989	0.011968	0.035904	0.007979	0.013298	0.066489	0.015957	0.009309	0.005319	0.021277	0.007979	0.005319	0.001330	0.009309	0.005319	0.002660	0.003989	0.009309	0.011968	0.010638	0.009309	0.018617	0.039894	0.015957	0.014628	0.039894	0.011968	0.010638	0.007979	0.034574	0.015957	0.009309	0.001330	0.014628	0.030585	0.030585	0.021277	0.078457	
0.031915	0.021277	0.013298	0.057181	0.002660	0.017287	0.018617	0.015957	0.013298	0.029255	0.006649	0.022606	0.026596	0.038564	0.011968	0.041223	0.018617	0.005319	0.003989	0.014628	0.011968	0.001330	0.002660	0.007979	0.001330	0.010638	0.003989	0.003989	0.001330	0.014628	0.010638	0.051862	0.011968	0.006649	0.005319	0.013298	0.002660	0.011968	0.003989	0.009309	0.003989	0.003989	0.002660	0.002660	0.017287	0.013298	0.005319	0.019947	0.050532	0.026596	0.009309	0.019947	0.001330	0.014628	0.011968	0.033245	0.010638	0.021277	0.009309	0.013298	0.001330	0.063830	0.039894	0.090426	
0.047872	0.013298	0.018617	0.033245	0.026596	0.006649	0.003989	0.022606	0.009309	0.006649	0.002660	0.013298	0.030585	0.014628	0.015957	0.043883	0.003989	0.001330	0.009309	0.003989	0.021277	0.006649	0.005319	0.011968	0.017287	0.002660	0.006649	0.010638	0.027926	0.005319	0.005319	0.027926	0.015957	0.002660	0.001330	0.009309	0.025266	0.009309	0.003989	0.026596	0.007979	0.007979	0.002660	0.003989	0.014628	0.003989	0.010638	0.013298	0.017287	0.009309	0.007979	0.011968	0.042553	0.017287	0.009309	0.061170	0.023936	0.014628	0.011968	0.017287	0.055851	0.038564	0.030585	0.078457	
0.025266	0.010638	0.014628	0.034574	0.005319	0.010638	0.001330	0.009309	0.010638	0.009309	0.002660	0.014628	0.011968	0.009309	0.010638	0.026596	0.045213	0.011968	0.019947	0.038564	0.014628	0.005319	0.005319	0.014628	0.005319	0.005319	0.002660	0.009309	0.027926	0.010638	0.019947	0.063830	0.014628	0.006649	0.013298	0.023936	0.006649	0.002660	0.002660	0.019947	0.005319	0.009309	0.002660	0.006649	0.009309	0.003989	0.011968	0.019947	0.045213	0.018617	0.025266	0.039894	0.026596	0.005319	0.003989	0.026596	0.017287	0.015957	0.009309	0.019947	0.050532	0.021277	0.023936	0.067819	
0.030585	0.037234	0.019947	0.042553	0.002660	0.015957	0.014628	0.014628	0.014628	0.023936	0.011968	0.022606	0.031915	0.049202	0.013298	0.042553	0.021277	0.006649	0.005319	0.019947	0.011968	0.002660	0.003989	0.005319	0.001330	0.001330	0.003989	0.006649	0.001330	0.013298	0.010638	0.045213	0.011968	0.007979	0.001330	0.017287	0.003989	0.015957	0.006649	0.013298	0.002660	0.010638	0.002660	0.001330	0.007979	0.013298	0.007979	0.021277	0.050532	0.022606	0.009309	0.017287	0.001330	0.019947	0.005319	0.018617	0.019947	0.027926	0.011968	0.006649	0.001330	0.067819	0.037234	0.071809	
0.037234	0.009309	0.031915	0.035904	0.029255	0.007979	0.007979	0.029255	0.011968	0.010638	0.002660	0.010638	0.031915	0.009309	0.009309	0.046543	0.009309	0.001330	0.003989	0.005319	0.025266	0.011968	0.003989	0.013298	0.009309	0.006649	0.005319	0.009309	0.017287	0.010638	0.006649	0.017287	0.013298	0.002660	0.009309	0.013298	0.029255	0.006649	0.002660	0.025266	0.010638	0.006649	0.002660	0.010638	0.014628	0.006649	0.005319	0.010638	0.027926	0.005319	0.003989	0.005319	0.051862	0.021277	0.013298	0.057181	0.026596	0.014628	0.010638	0.017287	0.058511	0.027926	0.023936	0.070479	
0.038564	0.014628	0.014628	0.019947	0.007979	0.002660	0.001330	0.006649	0.021277	0.006649	0.009309	0.011968	0.013298	0.006649	0.010638	0.029255	0.046543	0.010638	0.027926	0.050532	0.014628	0.009309	0.002660	0.021277	0.006649	0.005319	0.003989	0.011968	0.029255	0.007979	0.029255	0.058511	0.019947	0.011968	0.011968	0.014628	0.010638	0.006649	0.003989	0.017287	0.006649	0.001330	0.003989	0.009309	0.010638	0.005319	0.007979	0.023936	0.043883	0.011968	0.021277	0.045213	0.026596	0.001330	0.006649	0.019947	0.021277	0.007979	0.006649	0.009309	0.029255	0.014628	0.031915	0.069149	
0.041223	0.034574	0.017287	0.055851	0.003989	0.021277	0.013298	0.010638	0.014628	0.030585	0.009309	0.021277	0.029255	0.049202	0.011968	0.039894	0.023936	0.002660	0.010638	0.022606	0.010638	0.002660	0.005319	0.001330	0.001330	0.005319	0.003989	0.003989	0.001330	0.014628	0.010638	0.038564	0.025266	0.011968	0.005319	0.013298	0.001330	0.005319	0.005319	0.009309	0.002660	0.013298	0.001330	0.006649	0.010638	0.018617	0.006649	0.006649	0.039894	0.019947	0.011968	0.010638	0.001330	0.006649	0.009309	0.017287	0.017287	0.030585	0.022606	0.009309	0.001330	0.069149	0.035904	0.074468	
0.047872	0.017287	0.027926	0.037234	0.027926	0.013298	0.006649	0.021277	0.010638	0.010638	0.005319	0.018617	0.033245	0.021277	0.011968	0.035904	0.005319	0.003989	0.005319	0.002660	0.009309	0.005319	0.010638	0.010638	0.011968	0.007979	0.003989	0.009309	0.011968	0.002660	0.007979	0.015957	0.010638	0.007979	0.006649	0.010638	0.037234	0.013298	0.003989	0.025266	0.018617	0.007979	0.003989	0.006649	0.007979	0.005319	0.003989	0.023936	0.015957	0.009309	0.005319	0.011968	0.067819	0.013298	0.015957	0.054521	0.025266	0.010638	0.007979	0.021277	0.057181	0.025266	0.017287	0.059840	
0.026596	0.007979	0.014628	0.030585	0.011968	0.003989	0.002660	0.019947	0.015957	0.005319	0.005319	0.018617	0.018617	0.006649	0.011968	0.025266	0.053191	0.021277	0.022606	0.045213	0.018617	0.003989	0.003989	0.018617	0.007979	0.009309	0.003989	0.015957	0.030585	0.007979	0.018617	0.054521	0.018617	0.006649	0.011968	0.029255	0.015957	0.003989	0.005319	0.011968	0.003989	0.003989	0.002660	0.010638	0.013298	0.003989	0.009309	0.029255	0.042553	0.009309	0.021277	0.037234	0.015957	0.009309	0.011968	0.017287	0.014628	0.006649	0.005319	0.014628	0.038564	0.018617	0.021277	0.057181	
0.025266	0.031915	0.017287	0.066489	0.006649	0.014628	0.013298	0.010638	0.006649	0.026596	0.010638	0.026596	0.027926	0.053191	0.019947	0.041223	0.019947	0.011968	0.007979	0.022606	0.011968	0.005319	0.001330	0.002660	0.005319	0.007979	0.005319	0.005319	0.001330	0.014628	0.010638	0.041223	0.021277	0.003989	0.002660	0.014628	0.003989	0.011968	0.006649	0.002660	0.002660	0.007979	0.002660	0.003989	0.019947	0.017287	0.005319	0.017287	0.049202	0.017287	0.014628	0.019947	0.001330	0.011968	0.009309	0.014628	0.015957	0.017287	0.017287	0.010638	0.001330	0.066489	0.031915	0.066489	
0.047872	0.009309	0.023936	0.034574	0.019947	0.010638	0.009309	0.025266	0.017287	0.010638	0.007979	0.006649	0.049202	0.014628	0.011968	0.047872	0.013298	0.002660	0.003989	0.003989	0.027926	0.002660	0.003989	0.009309	0.013298	0.006649	0.005319	0.005319	0.011968	0.002660	0.003989	0.011968	0.011968	0.005319	0.002660	0.010638	0.018617	0.013298	0.007979	0.019947	0.014628	0.011968	0.003989	0.005319	0.019947	0.006649	0.006649	0.013298	0.011968	0.011968	0.009309	0.017287	0.058511	0.013298	0.014628	0.065160	0.018617	0.017287	0.007979	0.023936	0.062500	0.021277	0.018617	0.063830	
0.030585	0.015957	0.017287	0.021277	0.007979	0.006649	0.005319	0.009309	0.007979	0.007979	0.005319	0.018617	0.018617	0.013298	0.007979	0.026596	0.043883	0.015957	0.022606	0.042553	0.015957	0.007979	0.003989	0.011968	0.002660	0.011968	0.003989	0.017287	0.033245	0.005319	0.022606	0.058511	0.022606	0.007979	0.009309	0.023936	0.018617	0.007979	0.005319	0.014628	0.005319	0.003989	0.005319	0.010638	0.014628	0.007979	0.003989	0.014628	0.041223	0.022606	0.033245	0.046543	0.013298	0.007979	0.009309	0.014628	0.019947	0.009309	0.005319	0.006649	0.029255	0.021277	0.017287	0.069149	
0.038564	0.023936	0.019947	0.055851	0.005319	0.022606	0.023936	0.010638	0.010638	0.037234	0.013298	0.021277	0.025266	0.055851	0.010638	0.042553	0.021277	0.003989	0.006649	0.023936	0.013298	0.006649	0.005319	0.005319	0.001330	0.011968	0.003989	0.006649	0.001330	0.018617	0.007979	0.022606	0.006649	0.005319	0.003989	0.019947	0.001330	0.011968	0.007979	0.011968	0.005319	0.007979	0.001330	0.005319	0.014628	0.021277	0.006649	0.010638	0.042553	0.026596	0.010638	0.015957	0.001330	0.022606	0.003989	0.019947	0.011968	0.013298	0.011968	0.014628	0.001330	0.063830	0.035904	0.067819	
0.045213	0.006649	0.030585	0.026596	0.026596	0.007979	0.003989	0.021277	0.021277	0.003989	0.005319	0.010638	0.029255	0.017287	0.013298	0.055851	0.007979	0.003989	0.003989	0.005319	0.025266	0.005319	0.007979	0.025266	0.018617	0.005319	0.005319	0.011968	0.010638	0.010638	0.005319	0.021277	0.015957	0.003989	0.002660	0.006649	0.035904	0.010638	0.005319	0.018617	0.015957	0.003989	0.002660	0.007979	0.018617	0.005319	0.002660	0.021277	0.017287	0.007979	0.002660	0.014628	0.062500	0.021277	0.018617	0.057181	0.022606	0.013298	0.006649	0.018617	0.051862	0.018617	0.014628	0.058511	
0.029255	0.010638	0.017287	0.029255	0.005319	0.003989	0.002660	0.010638	0.010638	0.005319	0.005319	0.018617	0.014628	0.003989	0.006649	0.027926	0.051862	0.017287	0.035904	0.045213	0.011968	0.010638	0.009309	0.013298	0.013298	0.006649	0.002660	0.013298	0.019947	0.009309	0.027926	0.065160	0.029255	0.010638	0.011968	0.026596	0.010638	0.001330	0.005319	0.009309	0.002660	0.003989	0.006649	0.006649	0.010638	0.007979	0.011968	0.018617	0.047872	0.009309	0.022606	0.030585	0.015957	0.009309	0.002660	0.023936	0.005319	0.010638	0.006649	0.013298	0.047872	0.019947	0.019947	0.069149	
0.039894	0.035904	0.013298	0.069149	0.003989	0.021277	0.010638	0.011968	0.015957	0.031915	0.013298	0.026596	0.027926	0.041223	0.018617	0.043883	0.014628	0.005319	0.003989	0.019947	0.011968	0.007979	0.001330	0.003989	0.005319	0.005319	0.003989	0.005319	0.001330	0.013298	0.009309	0.033245	0.013298	0.007979	0.002660	0.007979	0.007979	0.009309	0.003989	0.005319	0.003989	0.009309	0.002660	0.005319	0.013298	0.019947	0.002660	0.015957	0.054521	0.021277	0.006649	0.010638	0.001330	0.018617	0.005319	0.015957	0.021277	0.017287	0.017287	0.010638	0.001330	0.058511	0.038564	0.082447	
0.043883	0.022606	0.023936	0.031915	0.025266	0.010638	0.010638	0.023936	0.013298	0.006649	0.001330	0.005319	0.027926	0.021277	0.002660	0.055851	0.010638	0.003989	0.005319	0.005319	0.026596	0.006649	0.007979	0.015957	0.007979	0.003989	0.005319	0.003989	0.010638	0.006649	0.002660	0.017287	0.018617	0.003989	0.010638	0.013298	0.023936	0.007979	0.005319	0.026596	0.017287	0.010638	0.005319	0.003989	0.017287	0.010638	0.006649	0.013298	0.021277	0.003989	0.007979	0.010638	0.059840	0.017287	0.010638	0.045213	0.026596	0.017287	0.011968	0.013298	0.079787	0.017287	0.023936	0.054521	
0.035904	0.009309	0.023936	0.025266	0.013298	0.006649	0.003989	0.010638	0.018617	0.010638	0.003989	0.014628	0.015957	0.009309	0.010638	0.025266	0.050532	0.018617	0.029255	0.037234	0.014628	0.006649	0.006649	0.014628	0.010638	0.006649	0.006649	0.010638	0.021277	0.006649	0.029255	0.054521	0.015957	0.013298	0.009309	0.026596	0.014628	0.003989	0.003989	0.015957	0.006649	0.005319	0.001330	0.010638	0.002660	0.006649	0.003989	0.013298	0.041223	0.022606	0.029255	0.042553	0.018617	0.013298	0.003989	0.019947	0.010638	0.009309	0.003989	0.011968	0.033245	0.014628	0.030585	0.062500	
0.027926	0.025266	0.023936	0.066489	0.006649	0.027926	0.015957	0.013298	0.013298	0.034574	0.013298	0.030585	0.033245	0.038564	0.019947	0.039894	0.026596	0.009309	0.005319	0.019947	0.017287	0.005319	0.005319	0.002660	0.002660	0.003989	0.003989	0.007979	0.001330	0.014628	0.006649	0.038564	0.018617	0.011968	0.002660	0.013298	0.005319	0.009309	0.003989	0.013298	0.001330	0.010638	0.002660	0.001330	0.009309	0.013298	0.007979	0.017287	0.034574	0.014628	0.009309	0.014628	0.001330	0.014628	0.006649	0.014628	0.015957	0.026596	0.011968	0.019947	0.001330	0.067819	0.034574	0.051862	
0.041223	0.014628	0.027926	0.023936	0.021277	0.013298	0.003989	0.022606	0.014628	0.010638	0.002660	0.013298	0.031915	0.023936	0.013298	0.045213	0.010638	0.005319	0.007979	0.006649	0.027926	0.005319	0.010638	0.013298	0.010638	0.003989	0.006649	0.010638	0.013298	0.006649	0.007979	0.015957	0.015957	0.003989	0.003989	0.009309	0.030585	0.010638	0.011968	0.022606	0.013298	0.007979	0.002660	0.007979	0.021277	0.010638	0.003989	0.023936	0.017287	0.011968	0.006649	0.009309	0.066489	0.011968	0.011968	0.043883	0.025266	0.017287	0.009309	0.017287	0.070479	0.022606	0.015957	0.038564	
0.026596	0.013298	0.014628	0.030585	0.009309	0.009309	0.001330	0.015957	0.009309	0.011968	0.006649	0.018617	0.017287	0.003989	0.005319	0.022606	0.047872	0.022606	0.029255	0.046543	0.017287	0.006649	0.003989	0.013298	0.007979	0.007979	0.011968	0.010638	0.030585	0.009309	0.022606	0.039894	0.014628	0.006649	0.010638	0.031915	0.009309	0.009309	0.006649	0.014628	0.003989	0.003989	0.005319	0.007979	0.013298	0.006649	0.011968	0.017287	0.054521	0.011968	0.026596	0.043883	0.025266	0.006649	0.007979	0.023936	0.013298	0.011968	0.005319	0.010638	0.038564	0.014628	0.025266	0.045213	
0.037234	0.027926	0.018617	0.059840	0.002660	0.017287	0.015957	0.018617	0.010638	0.031915	0.014628	0.023936	0.035904	0.051862	0.011968	0.053191	0.026596	0.006649	0.002660	0.025266	0.022606	0.005319	0.001330	0.002660	0.005319	0.001330	0.005319	0.007979	0.001330	0.014628	0.007979	0.043883	0.011968	0.007979	0.001330	0.013298	0.006649	0.014628	0.006649	0.007979	0.005319	0.014628	0.003989	0.005319	0.014628	0.013298	0.007979	0.011968	0.047872	0.023936	0.018617	0.009309	0.001330	0.015957	0.003989	0.013298	0.009309	0.023936	0.017287	0.014628	0.001330	0.051862	0.026596	0.045213	
0.050532	0.013298	0.022606	0.037234	0.023936	0.009309	0.005319	0.027926	0.010638	0.011968	0.005319	0.013298	0.030585	0.023936	0.010638	0.042553	0.015957	0.001330	0.006649	0.009309	0.031915	0.007979	0.006649	0.006649	0.009309	0.002660	0.003989	0.011968	0.019947	0.009309	0.001330	0.011968	0.013298	0.005319	0.005319	0.006649	0.022606	0.009309	0.006649	0.033245	0.021277	0.005319	0.005319	0.009309	0.019947	0.009309	0.006649	0.015957	0.018617	0.002660	0.017287	0.014628	0.069149	0.005319	0.013298	0.043883	0.033245	0.007979	0.003989	0.009309	0.059840	0.027926	0.010638	0.055851	
0.038564	0.010638	0.018617	0.030585	0.003989	0.006649	0.002660	0.009309	0.011968	0.007979	0.006649	0.025266	0.015957	0.007979	0.019947	0.023936	0.059840	0.023936	0.021277	0.042553	0.010638	0.005319	0.003989	0.011968	0.010638	0.006649	0.003989	0.010638	0.030585	0.013298	0.022606	0.045213	0.021277	0.011968	0.010638	0.030585	0.009309	0.005319	0.002660	0.010638	0.002660	0.001330	0.003989	0.010638	0.014628	0.006649	0.005319	0.017287	0.051862	0.026596	0.019947	0.031915	0.029255	0.007979	0.005319	0.027926	0.013298	0.003989	0.003989	0.007979	0.035904	0.017287	0.023936	0.049202	
0.046543	0.035904	0.023936	0.065160	0.005319	0.022606	0.022606	0.022606	0.003989	0.018617	0.011968	0.035904	0.049202	0.038564	0.007979	0.039894	0.022606	0.005319	0.003989	0.021277	0.015957	0.005319	0.001330	0.002660	0.001330	0.003989	0.002660	0.006649	0.001330	0.019947	0.010638	0.027926	0.017287	0.003989	0.003989	0.013298	0.002660	0.007979	0.006649	0.002660	0.003989	0.005319	0.001330	0.007979	0.013298	0.018617	0.001330	0.021277	0.050532	0.022606	0.014628	0.009309	0.001330	0.023936	0.002660	0.017287	0.018617	0.027926	0.011968	0.013298	0.001330	0.047872	0.021277	0.065160	
0.047872	0.019947	0.027926	0.041223	0.019947	0.009309	0.010638	0.027926	0.007979	0.010638	0.007979	0.019947	0.037234	0.015957	0.007979	0.047872	0.014628	0.002660	0.003989	0.003989	0.021277	0.005319	0.009309	0.023936	0.013298	0.006649	0.006649	0.006649	0.017287	0.002660	0.005319	0.019947	0.011968	0.003989	0.003989	0.007979	0.017287	0.006649	0.002660	0.029255	0.014628	0.005319	0.003989	0.003989	0.025266	0.005319	0.005319	0.027926	0.031915	0.009309	0.011968	0.011968	0.055851	0.011968	0.011968	0.045213	0.022606	0.007979	0.002660	0.007979	0.075798	0.019947	0.009309	0.049202	
0.037234	0.017287	0.023936	0.027926	0.011968	0.006649	0.003989	0.013298	0.014628	0.007979	0.007979	0.017287	0.017287	0.010638	0.014628	0.022606	0.034574	0.014628	0.018617	0.046543	0.007979	0.007979	0.001330	0.015957	0.007979	0.007979	0.002660	0.015957	0.035904	0.010638	0.019947	0.059840	0.019947	0.006649	0.005319	0.026596	0.011968	0.005319	0.005319	0.007979	0.002660	0.003989	0.001330	0.013298	0.006649	0.005319	0.007979	0.018617	0.059840	0.022606	0.022606	0.050532	0.014628	0.005319	0.005319	0.018617	0.007979	0.002660	0.005319	0.011968	0.041223	0.019947	0.035904	0.047872	
0.031915	0.030585	0.018617	0.070479	0.009309	0.019947	0.013298	0.018617	0.011968	0.030585	0.013298	0.014628	0.031915	0.066489	0.005319	0.047872	0.015957	0.005319	0.005319	0.019947	0.010638	0.005319	0.006649	0.002660	0.002660	0.003989	0.006649	0.002660	0.001330	0.013298	0.003989	0.037234	0.011968	0.003989	0.003989	0.013298	0.003989	0.007979	0.002660	0.007979	0.002660	0.010638	0.001330	0.002660	0.017287	0.013298	0.006649	0.021277	0.046543	0.019947	0.014628	0.019947	0.001330	0.022606	0.003989	0.018617	0.023936	0.019947	0.022606	0.011968	0.001330	0.062500	0.035904	0.049202	
0.035904	0.011968	0.025266	0.033245	0.021277	0.014628	0.003989	0.019947	0.017287	0.011968	0.005319	0.007979	0.038564	0.031915	0.009309	0.043883	0.013298	0.003989	0.005319	0.002660	0.027926	0.005319	0.006649	0.015957	0.009309	0.003989	0.006649	0.006649	0.018617	0.007979	0.005319	0.015957	0.010638	0.007979	0.006649	0.015957	0.022606	0.014628	0.003989	0.023936	0.021277	0.007979	0.001330	0.013298	0.014628	0.007979	0.001330	0.007979	0.027926	0.007979	0.006649	0.009309	0.062500	0.023936	0.010638	0.058511	0.026596	0.010638	0.003989	0.010638	0.063830	0.025266	0.017287	0.049202	
0.030585	0.015957	0.018617	0.022606	0.006649	0.010638	0.002660	0.011968	0.011968	0.009309	0.005319	0.017287	0.010638	0.010638	0.014628	0.025266	0.053191	0.014628	0.022606	0.043883	0.026596	0.009309	0.001330	0.021277	0.003989	0.005319	0.007979	0.007979	0.026596	0.013298	0.033245	0.045213	0.015957	0.013298	0.021277	0.023936	0.006649	0.006649	0.003989	0.017287	0.003989	0.003989	0.003989	0.005319	0.009309	0.005319	0.011968	0.011968	0.045213	0.019947	0.026596	0.043883	0.023936	0.009309	0.007979	0.031915	0.006649	0.006649	0.006649	0.013298	0.025266	0.011968	0.023936	0.055851	
0.025266	0.038564	0.019947	0.061170	0.006649	0.018617	0.014628	0.023936	0.010638	0.041223	0.010638	0.026596	0.023936	0.043883	0.019947	0.046543	0.018617	0.014628	0.003989	0.026596	0.019947	0.006649	0.003989	0.005319	0.002660	0.003989	0.003989	0.005319	0.001330	0.011968	0.009309	0.059840	0.006649	0.007979	0.003989	0.007979	0.003989	0.006649	0.002660	0.011968	0.002660	0.007979	0.005319	0.007979	0.015957	0.011968	0.007979	0.007979	0.041223	0.013298	0.009309	0.007979	0.001330	0.017287	0.010638	0.011968	0.022606	0.023936	0.018617	0.018617	0.001330	0.062500	0.030585	0.043883	
0.039894	0.013298	0.014628	0.023936	0.029255	0.014628	0.002660	0.027926	0.017287	0.011968	0.001330	0.006649	0.041223	0.021277	0.010638	0.030585	0.014628	0.001330	0.006649	0.009309	0.018617	0.006649	0.010638	0.013298	0.010638	0.007979	0.006649	0.006649	0.017287	0.013298	0.007979	0.014628	0.019947	0.006649	0.005319	0.006649	0.038564	0.014628	0.002660	0.021277	0.013298	0.003989	0.007979	0.013298	0.017287	0.010638	0.009309	0.021277	0.017287	0.001330	0.009309	0.014628	0.054521	0.015957	0.009309	0.050532	0.030585	0.009309	0.011968	0.015957	0.053191	0.038564	0.015957	0.050532	
0.026596	0.017287	0.013298	0.034574	0.006649	0.005319	0.002660	0.007979	0.010638	0.006649	0.003989	0.014628	0.015957	0.009309	0.011968	0.017287	0.043883	0.026596	0.027926	0.042553	0.018617	0.006649	0.007979	0.018617	0.003989	0.007979	0.003989	0.009309	0.033245	0.007979	0.023936	0.047872	0.013298	0.007979	0.027926	0.022606	0.011968	0.005319	0.003989	0.011968	0.007979	0.005319	0.003989	0.010638	0.011968	0.003989	0.009309	0.017287	0.051862	0.018617	0.022606	0.035904	0.026596	0.007979	0.013298	0.035904	0.011968	0.006649	0.007979	0.017287	0.037234	0.017287	0.019947	0.042553	
0.041223	0.029255	0.013298	0.051862	0.003989	0.034574	0.010638	0.021277	0.018617	0.030585	0.015957	0.026596	0.029255	0.059840	0.017287	0.029255	0.025266	0.003989	0.007979	0.026596	0.010638	0.003989	0.003989	0.006649	0.003989	0.011968	0.007979	0.003989	0.001330	0.018617	0.006649	0.047872	0.015957	0.009309	0.001330	0.007979	0.002660	0.009309	0.007979	0.006649	0.003989	0.003989	0.006649	0.005319	0.017287	0.007979	0.002660	0.023936	0.053191	0.014628	0.017287	0.013298	0.001330	0.014628	0.003989	0.018617	0.010638	0.029255	0.014628	0.010638	0.001330	0.043883	0.030585	0.049202	
0.049202	0.017287	0.023936	0.045213	0.027926	0.006649	0.005319	0.017287	0.011968	0.009309	0.007979	0.010638	0.035904	0.013298	0.009309	0.041223	0.009309	0.001330	0.003989	0.003989	0.029255	0.009309	0.010638	0.013298	0.007979	0.003989	0.002660	0.011968	0.018617	0.009309	0.006649	0.018617	0.021277	0.003989	0.001330	0.010638	0.026596	0.011968	0.005319	0.031915	0.015957	0.007979	0.006649	0.014628	0.022606	0.003989	0.001330	0.018617	0.021277	0.010638	0.009309	0.007979	0.049202	0.010638	0.009309	0.061170	0.019947	0.010638	0.006649	0.019947	0.062500	0.022606	0.015957	0.049202	
0.037234	0.009309	0.029255	0.025266	0.006649	0.011968	0.003989	0.010638	0.009309	0.007979	0.007979	0.013298	0.017287	0.003989	0.015957	0.030585	0.039894	0.015957	0.029255	0.047872	0.010638	0.002660	0.005319	0.019947	0.005319	0.003989	0.006649	0.014628	0.038564	0.009309	0.018617	0.057181	0.010638	0.010638	0.009309	0.025266	0.010638	0.006649	0.003989	0.010638	0.006649	0.003989	0.006649	0.006649	0.013298	0.009309	0.015957	0.018617	0.051862	0.011968	0.031915	0.043883	0.014628	0.006649	0.005319	0.022606	0.009309	0.005319	0.005319	0.013298	0.034574	0.018617	0.034574	0.039894	
0.031915	0.037234	0.017287	0.053191	0.007979	0.019947	0.009309	0.010638	0.011968	0.041223	0.014628	0.031915	0.023936	0.053191	0.013298	0.051862	0.015957	0.003989	0.005319	0.017287	0.015957	0.006649	0.003989	0.001330	0.006649	0.002660	0.003989	0.005319	0.001330	0.023936	0.010638	0.027926	0.005319	0.009309	0.002660	0.013298	0.001330	0.010638	0.003989	0.005319	0.002660	0.007979	0.002660	0.013298	0.009309	0.015957	0.006649	0.015957	0.061170	0.021277	0.011968	0.009309	0.001330	0.015957	0.007979	0.015957	0.019947	0.027926	0.017287	0.019947	0.001330	0.057181	0.026596	0.061170	
0.050532	0.003989	0.015957	0.043883	0.034574	0.009309	0.007979	0.019947	0.015957	0.003989	0.005319	0.011968	0.031915	0.014628	0.007979	0.038564	0.014628	0.002660	0.003989	0.005319	0.026596	0.003989	0.009309	0.013298	0.006649	0.007979	0.002660	0.007979	0.017287	0.005319	0.005319	0.005319	0.018617	0.003989	0.006649	0.011968	0.038564	0.007979	0.003989	0.029255	0.014628	0.007979	0.003989	0.011968	0.027926	0.007979	0.006649	0.027926	0.009309	0.006649	0.005319	0.014628	0.079787	0.014628	0.010638	0.045213	0.022606	0.014628	0.007979	0.011968	0.058511	0.027926	0.023936	0.046543	
0.029255	0.019947	0.017287	0.026596	0.003989	0.006649	0.001330	0.005319	0.006649	0.006649	0.002660	0.015957	0.019947	0.009309	0.013298	0.033245	0.053191	0.030585	0.037234	0.058511	0.011968	0.003989	0.007979	0.011968	0.006649	0.006649	0.006649	0.011968	0.029255	0.007979	0.026596	0.043883	0.018617	0.006649	0.009309	0.025266	0.003989	0.003989	0.005319	0.021277	0.006649	0.001330	0.001330	0.010638	0.014628	0.005319	0.006649	0.017287	0.035904	0.017287	0.038564	0.043883	0.015957	0.009309	0.007979	0.022606	0.011968	0.013298	0.007979	0.010638	0.031915	0.007979	0.033245	0.045213	
0.038564	0.029255	0.018617	0.050532	0.010638	0.031915	0.015957	0.015957	0.011968	0.043883	0.013298	0.033245	0.038564	0.050532	0.011968	0.053191	0.007979	0.007979	0.002660	0.017287	0.010638	0.006649	0.003989	0.002660	0.006649	0.002660	0.005319	0.007979	0.001330	0.011968	0.007979	0.039894	0.009309	0.009309	0.003989	0.009309	0.002660	0.007979	0.002660	0.014628	0.002660	0.007979	0.002660	0.005319	0.010638	0.017287	0.009309	0.011968	0.051862	0.017287	0.015957	0.010638	0.001330	0.015957	0.003989	0.009309	0.010638	0.033245	0.021277	0.014628	0.001330	0.037234	0.035904	0.065160	
