>NC_004350
0.000983	0.000983	0.000983	0.000983	0.000983	0.000983	0.000983	0.000983	0.000983	0.000983	0.000983	0.000983	0.000983	0.000983	0.000983	0.000983	0.000983	0.000983	0.000983	0.000983	0.000983	0.000983	0.000983	0.000983	0.000983	0.000983	0.000983	0.000983	0.192724	0.000983	0.000983	0.000983	0.000983	0.000983	0.000983	0.000983	0.000983	0.000983	0.000983	0.000983	0.000983	0.000983	0.000983	0.000983	0.000983	0.000983	0.000983	0.000983	0.000983	0.000983	0.000983	0.000983	0.199607	0.000983	0.000983	0.000983	0.000983	0.000983	0.000983	0.000983	0.610619	0.000983	0.000983	0.000983	
0.000983	0.000983	0.000983	0.000983	0.000983	0.000983	0.000983	0.000983	0.000983	0.000983	0.000983	0.000983	0.000983	0.000983	0.000983	0.000983	0.055064	0.029499	0.028515	0.089479	0.000983	0.000983	0.000983	0.000983	0.000983	0.000983	0.000983	0.000983	0.000983	0.000983	0.000983	0.000983	0.000983	0.000983	0.000983	0.000983	0.000983	0.000983	0.000983	0.000983	0.000983	0.000983	0.000983	0.000983	0.000983	0.000983	0.000983	0.000983	0.284169	0.117011	0.117994	0.286136	0.000983	0.000983	0.000983	0.000983	0.000983	0.000983	0.000983	0.000983	0.000983	0.000983	0.000983	0.000983	
0.106195	0.035398	0.047198	0.152409	0.028515	0.030482	0.008850	0.080629	0.035398	0.031465	0.015733	0.065880	0.087512	0.040315	0.037365	0.212389	0.000983	0.000983	0.000983	0.000983	0.000983	0.000983	0.000983	0.000983	0.000983	0.000983	0.000983	0.000983	0.000983	0.000983	0.000983	0.000983	0.000983	0.000983	0.000983	0.000983	0.000983	0.000983	0.000983	0.000983	0.000983	0.000983	0.000983	0.000983	0.000983	0.000983	0.000983	0.000983	0.000983	0.000983	0.000983	0.000983	0.000983	0.000983	0.000983	0.000983	0.000983	0.000983	0.000983	0.000983	0.000983	0.000983	0.000983	0.000983	
0.034415	0.021632	0.014749	0.038348	0.005900	0.010816	0.008850	0.012783	0.009833	0.025565	0.002950	0.011799	0.030482	0.056047	0.017699	0.051131	0.013766	0.004916	0.004916	0.007866	0.015733	0.006883	0.001967	0.008850	0.004916	0.002950	0.002950	0.000983	0.000983	0.024582	0.013766	0.044248	0.013766	0.010816	0.001967	0.011799	0.003933	0.013766	0.004916	0.011799	0.005900	0.006883	0.001967	0.003933	0.012783	0.021632	0.007866	0.026549	0.043265	0.013766	0.012783	0.020649	0.000983	0.014749	0.004916	0.022616	0.015733	0.013766	0.005900	0.004916	0.000983	0.045231	0.029499	0.139626	
0.033432	0.020649	0.017699	0.033432	0.022616	0.007866	0.004916	0.015733	0.012783	0.008850	0.002950	0.009833	0.017699	0.018682	0.010816	0.031465	0.013766	0.003933	0.003933	0.004916	0.018682	0.004916	0.001967	0.020649	0.005900	0.003933	0.004916	0.005900	0.011799	0.013766	0.005900	0.024582	0.011799	0.006883	0.002950	0.014749	0.018682	0.005900	0.002950	0.021632	0.002950	0.001967	0.001967	0.006883	0.007866	0.005900	0.001967	0.005900	0.020649	0.005900	0.007866	0.010816	0.048181	0.025565	0.006883	0.066863	0.029499	0.010816	0.008850	0.019666	0.072763	0.040315	0.028515	0.119961	
0.023599	0.012783	0.011799	0.031465	0.015733	0.006883	0.001967	0.012783	0.008850	0.006883	0.004916	0.011799	0.011799	0.006883	0.009833	0.035398	0.036382	0.020649	0.012783	0.038348	0.014749	0.002950	0.002950	0.023599	0.003933	0.000983	0.000983	0.010816	0.021632	0.014749	0.017699	0.070796	0.017699	0.008850	0.006883	0.017699	0.009833	0.005900	0.002950	0.006883	0.006883	0.000983	0.002950	0.007866	0.007866	0.007866	0.008850	0.017699	0.037365	0.013766	0.017699	0.041298	0.034415	0.010816	0.004916	0.028515	0.010816	0.015733	0.005900	0.014749	0.031465	0.024582	0.027532	0.098328	
0.044248	0.019666	0.018682	0.032448	0.004916	0.018682	0.015733	0.016716	0.009833	0.014749	0.008850	0.015733	0.023599	0.038348	0.013766	0.053097	0.023599	0.017699	0.009833	0.023599	0.007866	0.009833	0.002950	0.005900	0.001967	0.005900	0.001967	0.002950	0.000983	0.029499	0.009833	0.031465	0.009833	0.007866	0.005900	0.006883	0.001967	0.010816	0.001967	0.009833	0.003933	0.004916	0.000983	0.004916	0.005900	0.019666	0.003933	0.015733	0.041298	0.007866	0.010816	0.012783	0.000983	0.020649	0.005900	0.026549	0.013766	0.019666	0.007866	0.022616	0.000983	0.090462	0.027532	0.103245	
0.051131	0.013766	0.020649	0.033432	0.019666	0.009833	0.006883	0.016716	0.015733	0.009833	0.004916	0.014749	0.026549	0.015733	0.011799	0.021632	0.003933	0.003933	0.005900	0.001967	0.026549	0.011799	0.001967	0.019666	0.010816	0.003933	0.005900	0.005900	0.015733	0.008850	0.008850	0.025565	0.012783	0.004916	0.002950	0.008850	0.010816	0.008850	0.007866	0.017699	0.009833	0.001967	0.003933	0.003933	0.014749	0.012783	0.003933	0.014749	0.017699	0.003933	0.005900	0.003933	0.061947	0.036382	0.008850	0.070796	0.016716	0.011799	0.009833	0.016716	0.062930	0.050147	0.025565	0.064897	
0.028515	0.014749	0.013766	0.028515	0.009833	0.003933	0.000983	0.011799	0.005900	0.006883	0.010816	0.011799	0.009833	0.003933	0.007866	0.026549	0.042281	0.014749	0.011799	0.050147	0.019666	0.010816	0.006883	0.029499	0.006883	0.003933	0.002950	0.011799	0.029499	0.022616	0.023599	0.049164	0.013766	0.006883	0.004916	0.027532	0.005900	0.006883	0.003933	0.010816	0.008850	0.004916	0.003933	0.006883	0.012783	0.006883	0.005900	0.015733	0.048181	0.013766	0.025565	0.032448	0.032448	0.011799	0.006883	0.036382	0.009833	0.012783	0.010816	0.016716	0.030482	0.017699	0.012783	0.065880	
0.046214	0.015733	0.026549	0.044248	0.005900	0.013766	0.011799	0.018682	0.014749	0.016716	0.006883	0.017699	0.023599	0.046214	0.012783	0.056047	0.036382	0.011799	0.008850	0.010816	0.014749	0.008850	0.003933	0.005900	0.004916	0.002950	0.002950	0.007866	0.000983	0.035398	0.011799	0.040315	0.009833	0.009833	0.003933	0.007866	0.002950	0.009833	0.006883	0.008850	0.010816	0.005900	0.004916	0.006883	0.011799	0.012783	0.006883	0.015733	0.040315	0.018682	0.007866	0.015733	0.000983	0.026549	0.004916	0.018682	0.013766	0.011799	0.003933	0.020649	0.000983	0.079646	0.018682	0.058014	
0.061947	0.014749	0.017699	0.038348	0.022616	0.011799	0.004916	0.016716	0.016716	0.011799	0.004916	0.013766	0.025565	0.011799	0.009833	0.031465	0.008850	0.001967	0.005900	0.007866	0.020649	0.005900	0.001967	0.030482	0.008850	0.003933	0.002950	0.011799	0.010816	0.008850	0.006883	0.025565	0.015733	0.006883	0.004916	0.016716	0.010816	0.006883	0.002950	0.016716	0.006883	0.002950	0.002950	0.005900	0.012783	0.011799	0.004916	0.023599	0.015733	0.003933	0.011799	0.005900	0.062930	0.026549	0.011799	0.072763	0.020649	0.009833	0.006883	0.012783	0.053097	0.032448	0.022616	0.061947	
0.026549	0.024582	0.014749	0.036382	0.006883	0.002950	0.003933	0.013766	0.014749	0.010816	0.001967	0.012783	0.015733	0.010816	0.008850	0.033432	0.045231	0.009833	0.021632	0.040315	0.013766	0.009833	0.003933	0.023599	0.005900	0.002950	0.006883	0.005900	0.032448	0.025565	0.018682	0.059980	0.011799	0.015733	0.006883	0.018682	0.005900	0.006883	0.003933	0.011799	0.005900	0.003933	0.001967	0.005900	0.009833	0.008850	0.004916	0.020649	0.045231	0.009833	0.010816	0.036382	0.026549	0.008850	0.001967	0.027532	0.016716	0.005900	0.010816	0.010816	0.024582	0.021632	0.027532	0.068830	
0.039331	0.034415	0.013766	0.041298	0.004916	0.016716	0.015733	0.022616	0.013766	0.018682	0.004916	0.016716	0.030482	0.040315	0.020649	0.040315	0.018682	0.011799	0.007866	0.014749	0.007866	0.004916	0.003933	0.011799	0.001967	0.001967	0.002950	0.006883	0.000983	0.033432	0.005900	0.036382	0.009833	0.009833	0.007866	0.015733	0.002950	0.005900	0.005900	0.008850	0.009833	0.006883	0.001967	0.002950	0.009833	0.010816	0.004916	0.009833	0.039331	0.016716	0.011799	0.014749	0.000983	0.042281	0.005900	0.017699	0.010816	0.017699	0.014749	0.016716	0.000983	0.062930	0.019666	0.099312	
0.047198	0.010816	0.012783	0.036382	0.030482	0.015733	0.006883	0.019666	0.014749	0.007866	0.004916	0.013766	0.026549	0.015733	0.014749	0.029499	0.006883	0.002950	0.001967	0.004916	0.021632	0.012783	0.005900	0.029499	0.008850	0.008850	0.000983	0.012783	0.014749	0.008850	0.005900	0.031465	0.014749	0.006883	0.006883	0.007866	0.021632	0.003933	0.004916	0.014749	0.008850	0.005900	0.003933	0.005900	0.008850	0.009833	0.004916	0.019666	0.021632	0.005900	0.004916	0.009833	0.050147	0.033432	0.008850	0.055064	0.017699	0.015733	0.005900	0.011799	0.049164	0.042281	0.023599	0.070796	
0.036382	0.009833	0.015733	0.028515	0.008850	0.002950	0.002950	0.011799	0.010816	0.004916	0.004916	0.005900	0.009833	0.007866	0.014749	0.026549	0.047198	0.019666	0.020649	0.036382	0.023599	0.006883	0.004916	0.030482	0.006883	0.008850	0.001967	0.008850	0.021632	0.012783	0.031465	0.053097	0.013766	0.009833	0.010816	0.015733	0.011799	0.008850	0.005900	0.011799	0.003933	0.002950	0.002950	0.005900	0.011799	0.007866	0.006883	0.017699	0.035398	0.009833	0.016716	0.037365	0.026549	0.010816	0.008850	0.030482	0.016716	0.011799	0.006883	0.013766	0.034415	0.018682	0.027532	0.070796	
0.039331	0.023599	0.017699	0.052114	0.004916	0.015733	0.017699	0.010816	0.012783	0.030482	0.006883	0.013766	0.034415	0.035398	0.010816	0.037365	0.027532	0.017699	0.012783	0.012783	0.009833	0.005900	0.001967	0.011799	0.002950	0.004916	0.004916	0.009833	0.000983	0.034415	0.014749	0.034415	0.011799	0.010816	0.004916	0.010816	0.002950	0.009833	0.003933	0.011799	0.004916	0.007866	0.000983	0.002950	0.010816	0.011799	0.004916	0.006883	0.043265	0.009833	0.013766	0.010816	0.000983	0.016716	0.005900	0.023599	0.013766	0.025565	0.009833	0.031465	0.000983	0.070796	0.023599	0.072763	
0.058014	0.010816	0.020649	0.032448	0.024582	0.006883	0.005900	0.024582	0.014749	0.006883	0.010816	0.016716	0.028515	0.018682	0.013766	0.025565	0.007866	0.001967	0.002950	0.005900	0.015733	0.005900	0.004916	0.021632	0.006883	0.006883	0.001967	0.013766	0.016716	0.008850	0.009833	0.022616	0.010816	0.007866	0.004916	0.010816	0.021632	0.012783	0.003933	0.030482	0.011799	0.004916	0.002950	0.002950	0.013766	0.015733	0.006883	0.021632	0.017699	0.004916	0.014749	0.009833	0.052114	0.037365	0.009833	0.053097	0.023599	0.007866	0.006883	0.015733	0.048181	0.018682	0.022616	0.061947	
0.035398	0.013766	0.017699	0.027532	0.006883	0.006883	0.002950	0.008850	0.011799	0.011799	0.010816	0.008850	0.015733	0.008850	0.009833	0.024582	0.051131	0.015733	0.013766	0.033432	0.017699	0.010816	0.004916	0.029499	0.012783	0.003933	0.000983	0.006883	0.027532	0.012783	0.023599	0.065880	0.013766	0.008850	0.007866	0.026549	0.009833	0.002950	0.004916	0.008850	0.006883	0.006883	0.003933	0.004916	0.007866	0.009833	0.013766	0.017699	0.039331	0.006883	0.017699	0.043265	0.030482	0.009833	0.006883	0.014749	0.017699	0.006883	0.014749	0.013766	0.034415	0.017699	0.019666	0.059980	
0.046214	0.031465	0.016716	0.045231	0.003933	0.014749	0.011799	0.014749	0.012783	0.025565	0.008850	0.009833	0.042281	0.036382	0.013766	0.038348	0.024582	0.011799	0.008850	0.019666	0.009833	0.006883	0.001967	0.011799	0.002950	0.004916	0.002950	0.008850	0.000983	0.028515	0.003933	0.028515	0.009833	0.010816	0.006883	0.021632	0.001967	0.010816	0.011799	0.004916	0.005900	0.009833	0.001967	0.012783	0.008850	0.013766	0.004916	0.006883	0.047198	0.015733	0.010816	0.011799	0.000983	0.016716	0.007866	0.023599	0.015733	0.024582	0.007866	0.018682	0.000983	0.058997	0.027532	0.080629	
0.053097	0.014749	0.019666	0.040315	0.029499	0.015733	0.004916	0.019666	0.011799	0.012783	0.006883	0.011799	0.046214	0.013766	0.014749	0.023599	0.007866	0.002950	0.002950	0.002950	0.017699	0.010816	0.002950	0.017699	0.012783	0.005900	0.005900	0.008850	0.017699	0.010816	0.017699	0.008850	0.018682	0.004916	0.004916	0.008850	0.023599	0.010816	0.002950	0.027532	0.004916	0.004916	0.003933	0.007866	0.011799	0.008850	0.005900	0.023599	0.027532	0.003933	0.011799	0.009833	0.052114	0.031465	0.012783	0.041298	0.013766	0.016716	0.009833	0.009833	0.039331	0.028515	0.016716	0.069813	
0.038348	0.018682	0.019666	0.030482	0.008850	0.002950	0.001967	0.012783	0.011799	0.008850	0.011799	0.006883	0.009833	0.007866	0.010816	0.033432	0.049164	0.016716	0.020649	0.036382	0.031465	0.007866	0.005900	0.023599	0.009833	0.004916	0.002950	0.005900	0.017699	0.011799	0.026549	0.050147	0.009833	0.005900	0.010816	0.016716	0.017699	0.000983	0.008850	0.012783	0.006883	0.006883	0.002950	0.009833	0.004916	0.002950	0.005900	0.024582	0.036382	0.016716	0.024582	0.037365	0.022616	0.014749	0.010816	0.013766	0.013766	0.010816	0.008850	0.021632	0.034415	0.015733	0.009833	0.065880	
0.031465	0.027532	0.016716	0.058014	0.005900	0.024582	0.018682	0.008850	0.009833	0.043265	0.006883	0.015733	0.031465	0.046214	0.012783	0.030482	0.031465	0.014749	0.013766	0.020649	0.011799	0.003933	0.005900	0.004916	0.005900	0.006883	0.005900	0.008850	0.000983	0.023599	0.019666	0.018682	0.009833	0.006883	0.008850	0.016716	0.003933	0.009833	0.008850	0.008850	0.005900	0.009833	0.003933	0.006883	0.018682	0.014749	0.000983	0.009833	0.029499	0.012783	0.007866	0.016716	0.000983	0.012783	0.008850	0.015733	0.011799	0.017699	0.012783	0.010816	0.000983	0.065880	0.028515	0.078663	
0.038348	0.010816	0.021632	0.031465	0.026549	0.011799	0.003933	0.019666	0.014749	0.007866	0.009833	0.014749	0.034415	0.020649	0.023599	0.033432	0.008850	0.001967	0.007866	0.003933	0.018682	0.007866	0.004916	0.019666	0.012783	0.005900	0.005900	0.017699	0.009833	0.005900	0.011799	0.010816	0.015733	0.004916	0.003933	0.008850	0.032448	0.008850	0.007866	0.028515	0.015733	0.001967	0.002950	0.008850	0.010816	0.004916	0.003933	0.022616	0.021632	0.009833	0.010816	0.009833	0.058014	0.028515	0.005900	0.058014	0.025565	0.014749	0.007866	0.013766	0.039331	0.022616	0.024582	0.051131	
0.030482	0.010816	0.016716	0.026549	0.004916	0.004916	0.000983	0.016716	0.015733	0.008850	0.008850	0.010816	0.012783	0.002950	0.006883	0.031465	0.062930	0.014749	0.013766	0.044248	0.018682	0.008850	0.008850	0.020649	0.004916	0.005900	0.008850	0.002950	0.024582	0.010816	0.020649	0.069813	0.019666	0.015733	0.007866	0.025565	0.014749	0.004916	0.006883	0.003933	0.007866	0.006883	0.003933	0.007866	0.008850	0.004916	0.009833	0.031465	0.031465	0.016716	0.022616	0.023599	0.018682	0.008850	0.003933	0.022616	0.027532	0.003933	0.018682	0.013766	0.021632	0.016716	0.022616	0.057030	
0.042281	0.035398	0.017699	0.049164	0.002950	0.022616	0.016716	0.015733	0.006883	0.028515	0.006883	0.018682	0.023599	0.046214	0.014749	0.035398	0.025565	0.009833	0.005900	0.015733	0.012783	0.006883	0.002950	0.004916	0.003933	0.007866	0.003933	0.004916	0.000983	0.022616	0.014749	0.025565	0.017699	0.011799	0.008850	0.017699	0.001967	0.007866	0.007866	0.007866	0.006883	0.012783	0.004916	0.015733	0.010816	0.008850	0.004916	0.010816	0.030482	0.013766	0.014749	0.008850	0.000983	0.014749	0.003933	0.015733	0.011799	0.021632	0.009833	0.016716	0.000983	0.065880	0.037365	0.085546	
0.051131	0.012783	0.022616	0.029499	0.026549	0.014749	0.008850	0.020649	0.012783	0.010816	0.011799	0.011799	0.030482	0.015733	0.014749	0.030482	0.005900	0.001967	0.004916	0.005900	0.018682	0.007866	0.010816	0.014749	0.014749	0.004916	0.002950	0.008850	0.016716	0.008850	0.009833	0.008850	0.009833	0.005900	0.003933	0.009833	0.030482	0.015733	0.002950	0.021632	0.010816	0.005900	0.002950	0.005900	0.014749	0.011799	0.005900	0.023599	0.015733	0.003933	0.005900	0.010816	0.066863	0.023599	0.009833	0.043265	0.021632	0.020649	0.007866	0.021632	0.055064	0.025565	0.013766	0.062930	
0.027532	0.010816	0.015733	0.028515	0.003933	0.005900	0.000983	0.013766	0.009833	0.010816	0.009833	0.006883	0.012783	0.007866	0.007866	0.027532	0.053097	0.022616	0.022616	0.044248	0.024582	0.006883	0.005900	0.024582	0.011799	0.008850	0.003933	0.007866	0.023599	0.011799	0.027532	0.037365	0.019666	0.007866	0.009833	0.022616	0.012783	0.009833	0.004916	0.014749	0.008850	0.003933	0.004916	0.007866	0.012783	0.004916	0.010816	0.019666	0.043265	0.012783	0.023599	0.037365	0.025565	0.015733	0.002950	0.017699	0.015733	0.004916	0.006883	0.016716	0.030482	0.016716	0.019666	0.058997	
0.042281	0.031465	0.018682	0.051131	0.002950	0.017699	0.018682	0.014749	0.007866	0.039331	0.007866	0.016716	0.033432	0.035398	0.019666	0.044248	0.026549	0.008850	0.009833	0.021632	0.014749	0.008850	0.006883	0.007866	0.002950	0.003933	0.002950	0.004916	0.000983	0.024582	0.015733	0.029499	0.009833	0.008850	0.009833	0.017699	0.001967	0.011799	0.004916	0.009833	0.004916	0.009833	0.005900	0.004916	0.012783	0.012783	0.004916	0.008850	0.037365	0.013766	0.011799	0.016716	0.000983	0.015733	0.004916	0.019666	0.011799	0.023599	0.007866	0.022616	0.000983	0.052114	0.023599	0.066863	
0.050147	0.014749	0.022616	0.028515	0.033432	0.006883	0.007866	0.014749	0.019666	0.009833	0.007866	0.012783	0.035398	0.021632	0.016716	0.033432	0.006883	0.005900	0.003933	0.003933	0.021632	0.007866	0.005900	0.018682	0.014749	0.007866	0.002950	0.009833	0.015733	0.006883	0.012783	0.016716	0.010816	0.007866	0.002950	0.005900	0.035398	0.006883	0.004916	0.029499	0.008850	0.006883	0.002950	0.005900	0.013766	0.011799	0.004916	0.018682	0.023599	0.006883	0.005900	0.011799	0.054081	0.017699	0.009833	0.043265	0.030482	0.010816	0.008850	0.013766	0.051131	0.024582	0.016716	0.057030	
0.029499	0.014749	0.021632	0.025565	0.008850	0.007866	0.003933	0.014749	0.010816	0.007866	0.005900	0.010816	0.015733	0.003933	0.006883	0.023599	0.044248	0.017699	0.027532	0.055064	0.015733	0.003933	0.005900	0.013766	0.010816	0.003933	0.010816	0.002950	0.021632	0.006883	0.022616	0.055064	0.021632	0.011799	0.010816	0.029499	0.008850	0.003933	0.005900	0.016716	0.006883	0.002950	0.002950	0.009833	0.007866	0.003933	0.010816	0.019666	0.042281	0.017699	0.022616	0.033432	0.022616	0.012783	0.004916	0.024582	0.015733	0.008850	0.011799	0.014749	0.030482	0.011799	0.020649	0.062930	
0.039331	0.031465	0.017699	0.049164	0.006883	0.022616	0.010816	0.021632	0.013766	0.034415	0.012783	0.021632	0.040315	0.056047	0.012783	0.034415	0.018682	0.007866	0.009833	0.019666	0.010816	0.004916	0.009833	0.002950	0.005900	0.005900	0.000983	0.007866	0.000983	0.022616	0.016716	0.029499	0.008850	0.008850	0.009833	0.016716	0.001967	0.009833	0.005900	0.005900	0.002950	0.015733	0.003933	0.008850	0.006883	0.013766	0.003933	0.013766	0.031465	0.013766	0.016716	0.013766	0.000983	0.009833	0.003933	0.011799	0.011799	0.014749	0.013766	0.020649	0.000983	0.056047	0.039331	0.064897	
0.047198	0.009833	0.014749	0.026549	0.025565	0.009833	0.007866	0.018682	0.020649	0.009833	0.011799	0.011799	0.050147	0.013766	0.009833	0.025565	0.009833	0.001967	0.004916	0.003933	0.020649	0.005900	0.005900	0.014749	0.011799	0.005900	0.004916	0.007866	0.007866	0.003933	0.014749	0.015733	0.014749	0.005900	0.003933	0.009833	0.025565	0.007866	0.004916	0.032448	0.013766	0.005900	0.005900	0.005900	0.016716	0.014749	0.005900	0.021632	0.022616	0.007866	0.011799	0.006883	0.061947	0.017699	0.006883	0.061947	0.032448	0.014749	0.007866	0.017699	0.054081	0.020649	0.026549	0.041298	
0.033432	0.010816	0.017699	0.032448	0.004916	0.003933	0.001967	0.014749	0.008850	0.005900	0.009833	0.010816	0.011799	0.003933	0.003933	0.027532	0.054081	0.018682	0.025565	0.035398	0.018682	0.005900	0.003933	0.012783	0.009833	0.007866	0.001967	0.005900	0.028515	0.012783	0.023599	0.062930	0.024582	0.020649	0.010816	0.022616	0.014749	0.007866	0.004916	0.008850	0.005900	0.009833	0.008850	0.005900	0.009833	0.004916	0.012783	0.015733	0.047198	0.016716	0.027532	0.037365	0.026549	0.007866	0.002950	0.015733	0.028515	0.005900	0.016716	0.005900	0.023599	0.010816	0.016716	0.053097	
0.044248	0.029499	0.029499	0.056047	0.006883	0.020649	0.018682	0.020649	0.010816	0.034415	0.017699	0.018682	0.036382	0.045231	0.009833	0.036382	0.024582	0.011799	0.006883	0.021632	0.013766	0.005900	0.001967	0.003933	0.002950	0.002950	0.001967	0.005900	0.000983	0.015733	0.014749	0.020649	0.010816	0.009833	0.006883	0.025565	0.000983	0.007866	0.008850	0.011799	0.005900	0.017699	0.002950	0.010816	0.005900	0.008850	0.003933	0.009833	0.040315	0.012783	0.006883	0.013766	0.000983	0.017699	0.004916	0.008850	0.015733	0.015733	0.009833	0.015733	0.000983	0.057030	0.035398	0.065880	
0.052114	0.015733	0.025565	0.026549	0.021632	0.008850	0.009833	0.023599	0.022616	0.012783	0.002950	0.011799	0.049164	0.013766	0.027532	0.026549	0.006883	0.002950	0.003933	0.008850	0.019666	0.007866	0.002950	0.021632	0.009833	0.006883	0.007866	0.009833	0.011799	0.003933	0.014749	0.014749	0.014749	0.001967	0.008850	0.009833	0.025565	0.013766	0.004916	0.026549	0.016716	0.004916	0.001967	0.008850	0.017699	0.012783	0.001967	0.018682	0.021632	0.006883	0.007866	0.007866	0.064897	0.018682	0.005900	0.037365	0.028515	0.018682	0.004916	0.011799	0.051131	0.019666	0.019666	0.042281	
0.031465	0.011799	0.023599	0.028515	0.005900	0.006883	0.001967	0.012783	0.013766	0.005900	0.013766	0.012783	0.018682	0.008850	0.005900	0.019666	0.056047	0.011799	0.022616	0.041298	0.019666	0.006883	0.004916	0.017699	0.006883	0.005900	0.004916	0.005900	0.018682	0.009833	0.022616	0.058014	0.029499	0.014749	0.009833	0.023599	0.013766	0.008850	0.002950	0.017699	0.005900	0.002950	0.001967	0.006883	0.006883	0.007866	0.010816	0.016716	0.043265	0.012783	0.029499	0.044248	0.016716	0.007866	0.004916	0.020649	0.015733	0.010816	0.012783	0.024582	0.016716	0.008850	0.023599	0.053097	
0.035398	0.031465	0.035398	0.058014	0.006883	0.019666	0.012783	0.011799	0.018682	0.042281	0.007866	0.016716	0.039331	0.040315	0.018682	0.039331	0.023599	0.011799	0.008850	0.011799	0.014749	0.007866	0.003933	0.003933	0.002950	0.004916	0.001967	0.004916	0.000983	0.019666	0.013766	0.034415	0.007866	0.012783	0.006883	0.014749	0.001967	0.010816	0.007866	0.004916	0.004916	0.014749	0.004916	0.008850	0.014749	0.018682	0.005900	0.010816	0.029499	0.013766	0.009833	0.007866	0.000983	0.018682	0.003933	0.011799	0.013766	0.024582	0.009833	0.014749	0.000983	0.053097	0.032448	0.060964	
0.039331	0.016716	0.022616	0.017699	0.029499	0.007866	0.007866	0.024582	0.023599	0.013766	0.005900	0.017699	0.038348	0.011799	0.015733	0.026549	0.007866	0.004916	0.007866	0.003933	0.025565	0.009833	0.003933	0.017699	0.011799	0.008850	0.001967	0.005900	0.009833	0.002950	0.006883	0.012783	0.011799	0.005900	0.006883	0.015733	0.037365	0.009833	0.007866	0.031465	0.008850	0.004916	0.002950	0.007866	0.011799	0.007866	0.004916	0.020649	0.026549	0.005900	0.014749	0.008850	0.058997	0.020649	0.011799	0.040315	0.029499	0.013766	0.005900	0.021632	0.049164	0.024582	0.025565	0.046214	
0.029499	0.012783	0.016716	0.026549	0.011799	0.010816	0.000983	0.009833	0.015733	0.011799	0.013766	0.010816	0.012783	0.007866	0.005900	0.019666	0.051131	0.025565	0.032448	0.042281	0.021632	0.002950	0.005900	0.017699	0.011799	0.004916	0.003933	0.010816	0.024582	0.006883	0.027532	0.055064	0.024582	0.013766	0.021632	0.013766	0.015733	0.005900	0.006883	0.012783	0.003933	0.002950	0.005900	0.003933	0.009833	0.014749	0.011799	0.016716	0.034415	0.016716	0.023599	0.034415	0.028515	0.004916	0.005900	0.007866	0.018682	0.003933	0.009833	0.020649	0.024582	0.010816	0.020649	0.050147	
0.025565	0.027532	0.023599	0.062930	0.007866	0.025565	0.017699	0.017699	0.014749	0.044248	0.012783	0.022616	0.029499	0.043265	0.012783	0.031465	0.031465	0.010816	0.010816	0.024582	0.016716	0.004916	0.001967	0.000983	0.003933	0.003933	0.003933	0.007866	0.000983	0.011799	0.008850	0.026549	0.009833	0.013766	0.011799	0.014749	0.001967	0.007866	0.005900	0.007866	0.003933	0.015733	0.003933	0.009833	0.009833	0.013766	0.006883	0.015733	0.039331	0.013766	0.005900	0.012783	0.000983	0.024582	0.006883	0.007866	0.008850	0.020649	0.007866	0.028515	0.000983	0.054081	0.032448	0.054081	
0.044248	0.013766	0.018682	0.029499	0.032448	0.006883	0.004916	0.021632	0.018682	0.010816	0.005900	0.016716	0.047198	0.020649	0.012783	0.034415	0.009833	0.001967	0.007866	0.007866	0.026549	0.007866	0.005900	0.022616	0.012783	0.005900	0.002950	0.010816	0.010816	0.003933	0.010816	0.008850	0.017699	0.001967	0.003933	0.007866	0.034415	0.013766	0.002950	0.033432	0.013766	0.002950	0.002950	0.008850	0.014749	0.015733	0.007866	0.030482	0.016716	0.007866	0.007866	0.008850	0.050147	0.015733	0.007866	0.049164	0.023599	0.010816	0.009833	0.016716	0.042281	0.016716	0.024582	0.044248	
0.029499	0.010816	0.015733	0.032448	0.011799	0.005900	0.002950	0.004916	0.013766	0.006883	0.009833	0.007866	0.010816	0.002950	0.011799	0.028515	0.056047	0.013766	0.025565	0.048181	0.013766	0.003933	0.007866	0.018682	0.005900	0.008850	0.002950	0.003933	0.030482	0.011799	0.034415	0.050147	0.019666	0.017699	0.011799	0.019666	0.006883	0.006883	0.007866	0.008850	0.003933	0.004916	0.004916	0.007866	0.008850	0.003933	0.012783	0.027532	0.042281	0.014749	0.020649	0.037365	0.026549	0.005900	0.002950	0.021632	0.017699	0.013766	0.011799	0.012783	0.022616	0.017699	0.020649	0.057030	
0.041298	0.026549	0.033432	0.046214	0.003933	0.026549	0.014749	0.011799	0.011799	0.034415	0.009833	0.017699	0.025565	0.047198	0.017699	0.047198	0.021632	0.003933	0.011799	0.021632	0.007866	0.005900	0.000983	0.007866	0.002950	0.007866	0.005900	0.004916	0.000983	0.016716	0.011799	0.024582	0.007866	0.013766	0.002950	0.016716	0.001967	0.010816	0.004916	0.016716	0.004916	0.011799	0.003933	0.008850	0.007866	0.009833	0.006883	0.007866	0.037365	0.009833	0.009833	0.015733	0.000983	0.016716	0.003933	0.014749	0.012783	0.021632	0.014749	0.030482	0.000983	0.067847	0.032448	0.061947	
0.050147	0.014749	0.016716	0.026549	0.021632	0.009833	0.002950	0.019666	0.023599	0.012783	0.013766	0.007866	0.038348	0.019666	0.014749	0.027532	0.005900	0.000983	0.004916	0.002950	0.024582	0.003933	0.006883	0.024582	0.009833	0.002950	0.003933	0.007866	0.013766	0.008850	0.010816	0.017699	0.017699	0.001967	0.003933	0.008850	0.018682	0.017699	0.006883	0.032448	0.014749	0.004916	0.003933	0.010816	0.019666	0.012783	0.004916	0.024582	0.016716	0.003933	0.004916	0.009833	0.060964	0.016716	0.007866	0.056047	0.027532	0.015733	0.005900	0.019666	0.052114	0.018682	0.023599	0.047198	
0.035398	0.018682	0.008850	0.027532	0.005900	0.005900	0.001967	0.007866	0.005900	0.008850	0.004916	0.010816	0.008850	0.006883	0.005900	0.026549	0.054081	0.021632	0.017699	0.032448	0.022616	0.005900	0.005900	0.013766	0.007866	0.005900	0.001967	0.008850	0.021632	0.012783	0.037365	0.060964	0.020649	0.017699	0.016716	0.020649	0.019666	0.002950	0.005900	0.007866	0.007866	0.006883	0.002950	0.009833	0.010816	0.005900	0.006883	0.022616	0.043265	0.013766	0.025565	0.041298	0.026549	0.010816	0.004916	0.017699	0.019666	0.011799	0.006883	0.015733	0.032448	0.004916	0.018682	0.060964	
0.050147	0.036382	0.023599	0.043265	0.008850	0.018682	0.024582	0.019666	0.013766	0.028515	0.010816	0.015733	0.023599	0.048181	0.016716	0.033432	0.024582	0.010816	0.018682	0.020649	0.007866	0.009833	0.002950	0.004916	0.002950	0.003933	0.002950	0.008850	0.000983	0.011799	0.011799	0.022616	0.006883	0.015733	0.002950	0.015733	0.003933	0.015733	0.005900	0.007866	0.001967	0.005900	0.002950	0.005900	0.007866	0.016716	0.006883	0.013766	0.027532	0.015733	0.014749	0.015733	0.000983	0.016716	0.003933	0.008850	0.011799	0.020649	0.015733	0.020649	0.000983	0.063913	0.025565	0.080629	
0.050147	0.015733	0.020649	0.022616	0.034415	0.014749	0.004916	0.024582	0.018682	0.011799	0.007866	0.021632	0.040315	0.017699	0.013766	0.023599	0.010816	0.002950	0.002950	0.004916	0.028515	0.008850	0.007866	0.015733	0.016716	0.003933	0.005900	0.010816	0.009833	0.005900	0.010816	0.014749	0.012783	0.002950	0.007866	0.006883	0.021632	0.005900	0.002950	0.028515	0.014749	0.007866	0.002950	0.006883	0.015733	0.009833	0.008850	0.016716	0.022616	0.001967	0.004916	0.003933	0.056047	0.023599	0.009833	0.051131	0.031465	0.008850	0.005900	0.014749	0.046214	0.017699	0.026549	0.059980	
0.025565	0.024582	0.024582	0.021632	0.011799	0.000983	0.002950	0.007866	0.013766	0.005900	0.006883	0.009833	0.008850	0.005900	0.006883	0.016716	0.047198	0.016716	0.023599	0.053097	0.018682	0.008850	0.004916	0.020649	0.008850	0.004916	0.003933	0.007866	0.022616	0.015733	0.029499	0.052114	0.019666	0.016716	0.024582	0.020649	0.015733	0.000983	0.004916	0.010816	0.007866	0.003933	0.004916	0.005900	0.009833	0.001967	0.012783	0.029499	0.039331	0.009833	0.028515	0.034415	0.019666	0.006883	0.005900	0.018682	0.021632	0.004916	0.009833	0.023599	0.023599	0.013766	0.017699	0.059980	
0.029499	0.028515	0.023599	0.050147	0.008850	0.025565	0.013766	0.019666	0.016716	0.045231	0.014749	0.024582	0.035398	0.045231	0.015733	0.033432	0.019666	0.010816	0.009833	0.025565	0.006883	0.003933	0.001967	0.004916	0.003933	0.003933	0.003933	0.006883	0.000983	0.015733	0.010816	0.030482	0.010816	0.011799	0.005900	0.023599	0.000983	0.006883	0.005900	0.005900	0.006883	0.007866	0.002950	0.007866	0.011799	0.015733	0.006883	0.012783	0.035398	0.007866	0.010816	0.010816	0.000983	0.018682	0.007866	0.009833	0.019666	0.012783	0.013766	0.020649	0.000983	0.062930	0.028515	0.065880	
0.041298	0.008850	0.017699	0.027532	0.029499	0.008850	0.006883	0.013766	0.017699	0.008850	0.008850	0.014749	0.045231	0.023599	0.012783	0.028515	0.007866	0.001967	0.003933	0.003933	0.024582	0.006883	0.005900	0.017699	0.009833	0.005900	0.004916	0.008850	0.010816	0.010816	0.006883	0.011799	0.020649	0.002950	0.006883	0.016716	0.027532	0.016716	0.003933	0.021632	0.014749	0.006883	0.004916	0.008850	0.013766	0.018682	0.007866	0.019666	0.032448	0.003933	0.007866	0.004916	0.067847	0.012783	0.010816	0.048181	0.020649	0.012783	0.010816	0.017699	0.036382	0.025565	0.024582	0.056047	
0.032448	0.015733	0.028515	0.025565	0.003933	0.004916	0.000983	0.007866	0.012783	0.006883	0.008850	0.007866	0.011799	0.001967	0.009833	0.029499	0.051131	0.019666	0.025565	0.053097	0.016716	0.003933	0.007866	0.016716	0.005900	0.010816	0.005900	0.004916	0.021632	0.004916	0.036382	0.038348	0.020649	0.008850	0.012783	0.020649	0.011799	0.003933	0.007866	0.010816	0.007866	0.008850	0.004916	0.007866	0.007866	0.003933	0.017699	0.020649	0.041298	0.011799	0.020649	0.032448	0.032448	0.009833	0.008850	0.027532	0.019666	0.006883	0.009833	0.015733	0.017699	0.009833	0.031465	0.057030	
0.035398	0.036382	0.025565	0.048181	0.001967	0.022616	0.025565	0.005900	0.015733	0.034415	0.016716	0.020649	0.037365	0.038348	0.014749	0.041298	0.021632	0.006883	0.014749	0.021632	0.011799	0.005900	0.002950	0.001967	0.007866	0.005900	0.004916	0.006883	0.000983	0.019666	0.014749	0.027532	0.011799	0.009833	0.008850	0.015733	0.004916	0.008850	0.007866	0.011799	0.004916	0.010816	0.005900	0.007866	0.007866	0.012783	0.006883	0.008850	0.024582	0.014749	0.008850	0.010816	0.000983	0.008850	0.001967	0.008850	0.022616	0.029499	0.022616	0.020649	0.000983	0.059980	0.023599	0.060964	
0.051131	0.004916	0.018682	0.018682	0.027532	0.017699	0.004916	0.017699	0.022616	0.008850	0.009833	0.016716	0.038348	0.014749	0.017699	0.025565	0.007866	0.003933	0.003933	0.003933	0.018682	0.004916	0.006883	0.015733	0.011799	0.010816	0.005900	0.009833	0.011799	0.002950	0.005900	0.007866	0.021632	0.007866	0.006883	0.014749	0.032448	0.008850	0.008850	0.030482	0.023599	0.005900	0.008850	0.011799	0.012783	0.015733	0.007866	0.019666	0.019666	0.005900	0.013766	0.007866	0.048181	0.025565	0.011799	0.045231	0.023599	0.013766	0.007866	0.014749	0.053097	0.017699	0.022616	0.045231	
0.037365	0.014749	0.020649	0.027532	0.011799	0.000983	0.003933	0.005900	0.015733	0.006883	0.007866	0.012783	0.006883	0.007866	0.004916	0.025565	0.055064	0.016716	0.021632	0.033432	0.016716	0.011799	0.008850	0.019666	0.013766	0.003933	0.004916	0.009833	0.026549	0.008850	0.027532	0.046214	0.028515	0.011799	0.015733	0.025565	0.014749	0.008850	0.007866	0.007866	0.009833	0.009833	0.004916	0.007866	0.015733	0.005900	0.008850	0.022616	0.050147	0.009833	0.014749	0.041298	0.016716	0.006883	0.004916	0.022616	0.015733	0.009833	0.014749	0.013766	0.016716	0.013766	0.019666	0.048181	
0.038348	0.045231	0.026549	0.060964	0.009833	0.019666	0.009833	0.013766	0.020649	0.027532	0.009833	0.014749	0.028515	0.048181	0.010816	0.040315	0.023599	0.007866	0.007866	0.020649	0.014749	0.005900	0.003933	0.003933	0.006883	0.006883	0.003933	0.007866	0.000983	0.014749	0.010816	0.029499	0.016716	0.012783	0.008850	0.016716	0.003933	0.009833	0.010816	0.005900	0.002950	0.016716	0.003933	0.008850	0.012783	0.015733	0.006883	0.008850	0.033432	0.010816	0.008850	0.012783	0.000983	0.014749	0.011799	0.008850	0.013766	0.017699	0.012783	0.016716	0.000983	0.054081	0.027532	0.059980	
0.046214	0.012783	0.032448	0.020649	0.033432	0.012783	0.011799	0.018682	0.024582	0.009833	0.009833	0.007866	0.046214	0.017699	0.012783	0.034415	0.013766	0.002950	0.005900	0.006883	0.025565	0.007866	0.004916	0.011799	0.008850	0.005900	0.009833	0.011799	0.010816	0.005900	0.002950	0.012783	0.016716	0.004916	0.007866	0.014749	0.029499	0.011799	0.001967	0.025565	0.012783	0.006883	0.003933	0.006883	0.014749	0.006883	0.004916	0.021632	0.022616	0.003933	0.010816	0.005900	0.055064	0.025565	0.007866	0.044248	0.020649	0.007866	0.008850	0.018682	0.053097	0.013766	0.026549	0.045231	
0.041298	0.018682	0.015733	0.023599	0.008850	0.002950	0.001967	0.010816	0.014749	0.014749	0.012783	0.014749	0.008850	0.002950	0.002950	0.033432	0.054081	0.020649	0.031465	0.037365	0.022616	0.002950	0.009833	0.022616	0.005900	0.003933	0.006883	0.009833	0.013766	0.014749	0.020649	0.051131	0.022616	0.016716	0.006883	0.020649	0.008850	0.001967	0.005900	0.013766	0.008850	0.006883	0.005900	0.010816	0.006883	0.005900	0.011799	0.020649	0.047198	0.016716	0.020649	0.040315	0.014749	0.007866	0.006883	0.014749	0.018682	0.006883	0.010816	0.010816	0.017699	0.013766	0.022616	0.059980	
0.038348	0.039331	0.038348	0.049164	0.008850	0.026549	0.021632	0.015733	0.012783	0.041298	0.008850	0.011799	0.027532	0.048181	0.014749	0.031465	0.019666	0.010816	0.011799	0.012783	0.004916	0.003933	0.002950	0.003933	0.004916	0.005900	0.002950	0.010816	0.000983	0.016716	0.012783	0.031465	0.010816	0.008850	0.009833	0.018682	0.003933	0.011799	0.005900	0.010816	0.005900	0.014749	0.001967	0.013766	0.009833	0.015733	0.007866	0.012783	0.027532	0.006883	0.003933	0.008850	0.000983	0.017699	0.006883	0.011799	0.011799	0.019666	0.012783	0.013766	0.000983	0.074730	0.042281	0.047198	
0.045231	0.009833	0.021632	0.019666	0.034415	0.014749	0.002950	0.013766	0.021632	0.016716	0.006883	0.018682	0.038348	0.017699	0.016716	0.016716	0.007866	0.000983	0.004916	0.004916	0.016716	0.008850	0.009833	0.024582	0.019666	0.002950	0.006883	0.007866	0.009833	0.003933	0.014749	0.013766	0.016716	0.004916	0.006883	0.006883	0.033432	0.011799	0.005900	0.030482	0.010816	0.005900	0.002950	0.006883	0.008850	0.010816	0.005900	0.024582	0.019666	0.001967	0.008850	0.008850	0.071780	0.020649	0.010816	0.052114	0.030482	0.012783	0.009833	0.024582	0.042281	0.011799	0.023599	0.045231	
0.025565	0.016716	0.024582	0.022616	0.002950	0.001967	0.001967	0.010816	0.019666	0.004916	0.014749	0.002950	0.006883	0.004916	0.003933	0.024582	0.058014	0.021632	0.025565	0.051131	0.015733	0.007866	0.006883	0.025565	0.010816	0.007866	0.007866	0.002950	0.021632	0.007866	0.036382	0.055064	0.026549	0.015733	0.010816	0.029499	0.010816	0.005900	0.008850	0.012783	0.006883	0.003933	0.004916	0.010816	0.008850	0.009833	0.014749	0.024582	0.024582	0.022616	0.021632	0.030482	0.021632	0.005900	0.005900	0.010816	0.023599	0.010816	0.018682	0.007866	0.022616	0.014749	0.015733	0.047198	
0.039331	0.030482	0.026549	0.038348	0.007866	0.024582	0.028515	0.015733	0.009833	0.039331	0.017699	0.015733	0.040315	0.046214	0.009833	0.037365	0.017699	0.006883	0.008850	0.017699	0.012783	0.002950	0.003933	0.001967	0.003933	0.006883	0.007866	0.004916	0.000983	0.017699	0.018682	0.022616	0.010816	0.011799	0.010816	0.027532	0.001967	0.014749	0.006883	0.003933	0.006883	0.020649	0.004916	0.013766	0.006883	0.007866	0.003933	0.005900	0.026549	0.014749	0.007866	0.010816	0.000983	0.021632	0.004916	0.009833	0.016716	0.021632	0.013766	0.018682	0.000983	0.060964	0.023599	0.065880	
