>NC_010382
0.000479	0.000479	0.000479	0.000479	0.000479	0.000479	0.000479	0.000479	0.000479	0.000479	0.000479	0.000479	0.000479	0.000479	0.000479	0.000479	0.000479	0.000479	0.000479	0.000479	0.000479	0.000479	0.000479	0.000479	0.000479	0.000479	0.000479	0.000479	0.197702	0.000479	0.000479	0.000479	0.000479	0.000479	0.000479	0.000479	0.000479	0.000479	0.000479	0.000479	0.000479	0.000479	0.000479	0.000479	0.000479	0.000479	0.000479	0.000479	0.000479	0.000479	0.000479	0.000479	0.167544	0.000479	0.000479	0.000479	0.000479	0.000479	0.000479	0.000479	0.636190	0.000479	0.000479	0.000479	
0.000479	0.000479	0.000479	0.000479	0.000479	0.000479	0.000479	0.000479	0.000479	0.000479	0.000479	0.000479	0.000479	0.000479	0.000479	0.000479	0.034945	0.025371	0.016754	0.091910	0.000479	0.000479	0.000479	0.000479	0.000479	0.000479	0.000479	0.000479	0.000479	0.000479	0.000479	0.000479	0.000479	0.000479	0.000479	0.000479	0.000479	0.000479	0.000479	0.000479	0.000479	0.000479	0.000479	0.000479	0.000479	0.000479	0.000479	0.000479	0.245093	0.124940	0.111537	0.353279	0.000479	0.000479	0.000479	0.000479	0.000479	0.000479	0.000479	0.000479	0.000479	0.000479	0.000479	0.000479	
0.102441	0.034945	0.041647	0.101963	0.046912	0.021063	0.017712	0.065582	0.031115	0.022978	0.021063	0.054093	0.091431	0.044519	0.058401	0.251795	0.000479	0.000479	0.000479	0.000479	0.000479	0.000479	0.000479	0.000479	0.000479	0.000479	0.000479	0.000479	0.000479	0.000479	0.000479	0.000479	0.000479	0.000479	0.000479	0.000479	0.000479	0.000479	0.000479	0.000479	0.000479	0.000479	0.000479	0.000479	0.000479	0.000479	0.000479	0.000479	0.000479	0.000479	0.000479	0.000479	0.000479	0.000479	0.000479	0.000479	0.000479	0.000479	0.000479	0.000479	0.000479	0.000479	0.000479	0.000479	
0.034466	0.018669	0.016754	0.033988	0.007659	0.008617	0.008617	0.011489	0.012925	0.014361	0.008138	0.007659	0.020584	0.026807	0.020584	0.035424	0.012446	0.009574	0.009095	0.017233	0.012446	0.004787	0.001915	0.003351	0.005744	0.006702	0.001915	0.004787	0.000479	0.019148	0.008617	0.038775	0.009574	0.010053	0.004787	0.008138	0.003351	0.008138	0.005744	0.007180	0.007659	0.010053	0.001915	0.002872	0.008617	0.020105	0.006223	0.020584	0.033030	0.019148	0.020105	0.020584	0.000479	0.017712	0.012446	0.015318	0.023456	0.018191	0.007659	0.010531	0.000479	0.066539	0.044519	0.141695	
0.031115	0.012446	0.011010	0.034945	0.020584	0.011489	0.005266	0.020105	0.012925	0.017233	0.006223	0.014361	0.027764	0.011010	0.014361	0.026807	0.008138	0.002393	0.004787	0.008617	0.009574	0.009095	0.004308	0.016276	0.014840	0.002872	0.001915	0.009095	0.010531	0.008138	0.003830	0.014840	0.020584	0.008138	0.004308	0.016754	0.019148	0.007180	0.003830	0.019148	0.004787	0.003830	0.005744	0.005266	0.005266	0.004787	0.003830	0.011967	0.010531	0.005266	0.007659	0.006702	0.047870	0.026807	0.016276	0.041647	0.024414	0.012446	0.015318	0.027764	0.063667	0.041168	0.031115	0.100527	
0.022978	0.008617	0.013882	0.024892	0.005266	0.007659	0.006702	0.008617	0.006223	0.006223	0.007659	0.007659	0.020105	0.007180	0.012925	0.026807	0.026328	0.012925	0.014361	0.043562	0.009574	0.011010	0.007659	0.026328	0.010053	0.008138	0.003830	0.007659	0.025850	0.008617	0.015318	0.047391	0.019627	0.008617	0.008138	0.020584	0.010531	0.007180	0.007659	0.011010	0.009095	0.006223	0.003830	0.010053	0.015318	0.005266	0.012446	0.023456	0.032551	0.014361	0.022499	0.037817	0.028722	0.008617	0.007180	0.020584	0.012925	0.012925	0.012925	0.014361	0.038775	0.019148	0.023935	0.072283	
0.027286	0.023456	0.013404	0.037338	0.005744	0.012446	0.012446	0.013882	0.014840	0.019148	0.007659	0.017233	0.026807	0.026807	0.022020	0.051221	0.012925	0.013882	0.004308	0.022978	0.014361	0.010531	0.003351	0.006223	0.007180	0.009095	0.002393	0.010531	0.000479	0.025371	0.010531	0.030158	0.014361	0.008138	0.003351	0.012446	0.003351	0.011967	0.006702	0.011489	0.007659	0.009574	0.003351	0.007659	0.005266	0.011967	0.006223	0.016276	0.044998	0.022499	0.013404	0.019148	0.000479	0.019148	0.005744	0.014840	0.017712	0.019148	0.009095	0.018669	0.000479	0.055529	0.037817	0.076113	
0.038296	0.011010	0.009574	0.040689	0.022499	0.012446	0.009574	0.023456	0.009095	0.007659	0.006223	0.011489	0.029679	0.016754	0.013404	0.032073	0.011967	0.001915	0.003830	0.006223	0.015318	0.008617	0.007659	0.022499	0.010531	0.005266	0.002872	0.009574	0.017712	0.006223	0.001915	0.020584	0.018669	0.009095	0.007180	0.012446	0.017712	0.008138	0.007180	0.023935	0.008138	0.003830	0.003830	0.006702	0.019148	0.005266	0.006702	0.022978	0.012446	0.005744	0.006702	0.008138	0.034945	0.030158	0.011967	0.042604	0.021541	0.011967	0.014840	0.028243	0.044040	0.030637	0.018191	0.080900	
0.025371	0.015318	0.015318	0.025371	0.008138	0.005266	0.005744	0.008617	0.009095	0.006702	0.004308	0.007180	0.021063	0.005744	0.011010	0.029679	0.028722	0.017233	0.013404	0.031115	0.014361	0.011489	0.005744	0.027764	0.009574	0.009095	0.002393	0.015318	0.030158	0.014361	0.022020	0.045955	0.016276	0.007180	0.009574	0.016276	0.007180	0.004308	0.005266	0.011967	0.008617	0.005266	0.004787	0.009095	0.018669	0.004308	0.012446	0.020584	0.032551	0.016276	0.021541	0.040211	0.019627	0.011967	0.005744	0.021541	0.012925	0.008617	0.007659	0.011010	0.041647	0.018669	0.031594	0.064624	
0.033988	0.018669	0.013882	0.036381	0.008138	0.019148	0.015797	0.012925	0.017233	0.018191	0.008617	0.015797	0.031115	0.033988	0.013404	0.034466	0.012925	0.013882	0.005266	0.017233	0.011489	0.011489	0.002872	0.007180	0.005266	0.008617	0.003830	0.004787	0.000479	0.031594	0.012925	0.024892	0.017712	0.008617	0.002872	0.011010	0.004308	0.005744	0.007659	0.011967	0.004308	0.005744	0.003830	0.005266	0.009095	0.011010	0.006223	0.016276	0.046912	0.026328	0.014840	0.023456	0.000479	0.019627	0.007180	0.015797	0.016754	0.021541	0.011010	0.027764	0.000479	0.052657	0.033509	0.074198	
0.037338	0.017233	0.015797	0.041168	0.019148	0.017233	0.007180	0.023935	0.010053	0.011967	0.004308	0.010531	0.028722	0.011967	0.016754	0.030637	0.007659	0.004308	0.003830	0.008617	0.018669	0.011967	0.002872	0.022499	0.011010	0.006702	0.006223	0.009574	0.012925	0.010053	0.005266	0.019627	0.019148	0.007659	0.006223	0.010531	0.018191	0.011489	0.004308	0.020105	0.010531	0.006223	0.003351	0.007180	0.021063	0.009095	0.004308	0.019148	0.013882	0.006702	0.005744	0.014840	0.048348	0.032551	0.012446	0.035902	0.018191	0.014361	0.010053	0.023456	0.033509	0.039732	0.019148	0.057444	
0.031115	0.009574	0.011010	0.026328	0.010053	0.004787	0.008138	0.012925	0.007659	0.009574	0.002872	0.011489	0.017233	0.008138	0.013882	0.035902	0.032073	0.020105	0.014840	0.037338	0.017233	0.016754	0.006223	0.033030	0.006702	0.007659	0.003830	0.008617	0.019148	0.016276	0.017712	0.049306	0.013882	0.009095	0.011010	0.015797	0.009095	0.005266	0.004787	0.020105	0.010053	0.004308	0.003830	0.005744	0.011967	0.008138	0.009095	0.021541	0.033509	0.017233	0.016754	0.028722	0.027286	0.010053	0.014840	0.018669	0.012446	0.007659	0.011489	0.013882	0.029679	0.016754	0.028722	0.051699	
0.033988	0.024892	0.015797	0.035902	0.006702	0.020584	0.012446	0.016276	0.019627	0.013882	0.006223	0.013882	0.027286	0.030637	0.015318	0.034945	0.021541	0.015318	0.005744	0.021063	0.014361	0.011489	0.001915	0.009095	0.004308	0.010053	0.007659	0.011967	0.000479	0.039253	0.016754	0.028243	0.012925	0.006702	0.003351	0.013882	0.003351	0.010053	0.007659	0.008138	0.007180	0.006223	0.004787	0.003830	0.011489	0.007180	0.004787	0.016276	0.035424	0.017712	0.013404	0.011489	0.000479	0.021541	0.011489	0.015797	0.011967	0.022020	0.015318	0.020105	0.000479	0.048827	0.030637	0.078506	
0.036860	0.011967	0.015318	0.039732	0.027286	0.013404	0.007659	0.016276	0.007180	0.011489	0.005744	0.013882	0.029201	0.012925	0.010531	0.029679	0.009095	0.003830	0.005266	0.006702	0.019627	0.011967	0.004308	0.027764	0.009095	0.007659	0.004787	0.011967	0.011489	0.013404	0.005744	0.018669	0.017712	0.005266	0.005744	0.014361	0.019148	0.006702	0.004308	0.022020	0.010053	0.006702	0.003830	0.013404	0.013882	0.009574	0.004787	0.021541	0.012925	0.006702	0.007659	0.012446	0.037338	0.035424	0.010531	0.042604	0.017233	0.013882	0.008138	0.028243	0.044040	0.027286	0.016754	0.069890	
0.029201	0.011010	0.011489	0.024892	0.009095	0.004787	0.005744	0.008138	0.007659	0.010053	0.007180	0.009095	0.019148	0.005266	0.016754	0.032073	0.026807	0.017233	0.019148	0.040211	0.021541	0.009574	0.008617	0.027764	0.007659	0.005744	0.003830	0.009574	0.027286	0.015318	0.014840	0.051221	0.010053	0.006702	0.007659	0.019148	0.011489	0.003351	0.005266	0.019627	0.009095	0.004308	0.004308	0.004787	0.018669	0.008617	0.014361	0.025850	0.033509	0.015797	0.018191	0.031115	0.020105	0.015318	0.011489	0.016276	0.011489	0.008617	0.007180	0.010531	0.027764	0.017712	0.027286	0.067018	
0.032551	0.017712	0.011010	0.038296	0.004787	0.014840	0.015318	0.015797	0.014361	0.019148	0.011967	0.011010	0.030637	0.032551	0.016276	0.035902	0.015318	0.015797	0.006702	0.024414	0.011967	0.014361	0.001915	0.004787	0.005744	0.012446	0.006702	0.006223	0.000479	0.028722	0.013404	0.029201	0.016754	0.006223	0.002393	0.010531	0.002872	0.012925	0.005744	0.007180	0.005744	0.006702	0.004787	0.005266	0.008617	0.009095	0.003351	0.012925	0.037338	0.024892	0.012446	0.018191	0.000479	0.022978	0.010053	0.013404	0.017233	0.019148	0.019148	0.017712	0.000479	0.059359	0.037817	0.078506	
0.033509	0.011967	0.014840	0.041647	0.025371	0.014840	0.006702	0.017712	0.010531	0.009574	0.003830	0.008617	0.033030	0.013404	0.012446	0.032551	0.006223	0.003351	0.003351	0.007180	0.023935	0.013404	0.006223	0.021541	0.011010	0.005266	0.004308	0.012446	0.011967	0.008617	0.005266	0.015318	0.015318	0.008138	0.006223	0.013404	0.019148	0.008138	0.005266	0.024892	0.012925	0.008617	0.005266	0.015797	0.014361	0.007180	0.004308	0.014361	0.016754	0.005266	0.009095	0.009095	0.038775	0.025850	0.014840	0.050263	0.019148	0.014840	0.009574	0.027286	0.039732	0.028243	0.020105	0.068454	
0.022978	0.008617	0.014361	0.025850	0.012446	0.004308	0.002872	0.009095	0.007180	0.011010	0.005744	0.009574	0.022499	0.006702	0.013882	0.028243	0.042125	0.017712	0.013404	0.033988	0.024414	0.009574	0.006223	0.022020	0.014361	0.004787	0.004308	0.009574	0.030637	0.011010	0.022020	0.050742	0.016276	0.009574	0.008617	0.019148	0.011967	0.005744	0.002872	0.017712	0.011010	0.004308	0.001436	0.006223	0.019627	0.006702	0.014361	0.023456	0.037817	0.011967	0.013404	0.035902	0.020105	0.009574	0.011489	0.016276	0.013882	0.006702	0.008617	0.012925	0.032073	0.013404	0.027764	0.057444	
0.037817	0.022020	0.019148	0.040211	0.008138	0.017233	0.011967	0.010531	0.010053	0.019148	0.008138	0.012446	0.028243	0.032073	0.019148	0.035424	0.021063	0.011967	0.009095	0.026807	0.009574	0.009574	0.003351	0.006702	0.004308	0.005266	0.002872	0.011010	0.000479	0.022978	0.015318	0.026328	0.017712	0.011010	0.004787	0.012925	0.002872	0.011010	0.004308	0.008617	0.002872	0.005744	0.004308	0.007180	0.007659	0.013404	0.004308	0.012925	0.048827	0.019148	0.017712	0.019148	0.000479	0.014840	0.008617	0.013882	0.015797	0.022978	0.013882	0.025371	0.000479	0.062231	0.029679	0.067496	
0.040211	0.019148	0.016276	0.049785	0.025371	0.006223	0.005744	0.026807	0.013882	0.011967	0.007180	0.017712	0.032551	0.013882	0.018669	0.033988	0.007659	0.002872	0.005266	0.005266	0.017233	0.009574	0.006223	0.019627	0.007180	0.004308	0.004308	0.012446	0.009574	0.005744	0.006223	0.018191	0.010531	0.004787	0.005266	0.012446	0.016276	0.009574	0.002872	0.024414	0.008138	0.006702	0.003830	0.010531	0.017712	0.011010	0.005744	0.021541	0.011010	0.007180	0.009095	0.009574	0.056486	0.020105	0.011489	0.042604	0.019148	0.015797	0.009574	0.023935	0.037817	0.025371	0.012446	0.066539	
0.023935	0.008617	0.011967	0.024892	0.011010	0.007659	0.006223	0.009095	0.007180	0.008617	0.007180	0.012925	0.022020	0.005266	0.018191	0.031594	0.039253	0.017233	0.015318	0.043562	0.008138	0.010053	0.005744	0.021541	0.012925	0.005744	0.002872	0.004787	0.035424	0.012925	0.021063	0.044040	0.013882	0.009574	0.007180	0.017712	0.010531	0.005266	0.004787	0.018191	0.009574	0.004308	0.003830	0.007180	0.019627	0.005266	0.014840	0.024892	0.034945	0.012446	0.016754	0.033509	0.020105	0.009095	0.011489	0.015318	0.017233	0.008138	0.008138	0.009574	0.034466	0.020105	0.026807	0.058880	
0.036860	0.020584	0.011967	0.042604	0.006223	0.014361	0.013882	0.013404	0.012446	0.022020	0.008138	0.008617	0.027286	0.036860	0.016276	0.039253	0.009574	0.012446	0.004787	0.022978	0.013882	0.006223	0.002872	0.009095	0.005744	0.008617	0.005744	0.008138	0.000479	0.023456	0.012446	0.027764	0.010531	0.008138	0.005266	0.022978	0.001436	0.010531	0.004787	0.010053	0.005744	0.008617	0.002393	0.005266	0.007659	0.009095	0.005266	0.012446	0.050263	0.021541	0.015318	0.024414	0.000479	0.014840	0.012446	0.015797	0.011489	0.031115	0.015797	0.022499	0.000479	0.056008	0.035902	0.067018	
0.039732	0.010531	0.017233	0.039732	0.021541	0.008617	0.009095	0.023456	0.009574	0.006702	0.005266	0.015797	0.038296	0.014361	0.021541	0.038775	0.008617	0.003830	0.003351	0.006223	0.017712	0.006702	0.007659	0.013882	0.013882	0.005266	0.003351	0.011489	0.013882	0.006702	0.004787	0.022978	0.013882	0.004787	0.006223	0.010531	0.026807	0.011967	0.005266	0.026328	0.011489	0.005744	0.006223	0.008617	0.017233	0.008138	0.005744	0.013404	0.011489	0.005266	0.007180	0.011967	0.042125	0.018669	0.011967	0.052657	0.020584	0.013882	0.011010	0.024414	0.041647	0.027286	0.013882	0.063667	
0.026807	0.011967	0.015318	0.019627	0.007180	0.005266	0.005744	0.006223	0.007180	0.011010	0.007180	0.008617	0.017233	0.003351	0.016754	0.031115	0.037338	0.013404	0.019148	0.038296	0.015797	0.007180	0.005744	0.017233	0.010053	0.007180	0.005744	0.011010	0.032551	0.007659	0.021063	0.055050	0.022020	0.008617	0.006702	0.018191	0.007180	0.000957	0.004308	0.019148	0.010053	0.004787	0.003830	0.007180	0.016276	0.009095	0.013882	0.021063	0.037817	0.021063	0.022020	0.030158	0.022499	0.009095	0.011967	0.012925	0.017233	0.007180	0.010053	0.011489	0.037338	0.015318	0.028243	0.057922	
0.034466	0.023456	0.016754	0.049306	0.007180	0.019627	0.016276	0.011967	0.012446	0.024414	0.011489	0.014840	0.030637	0.029679	0.015318	0.030637	0.011967	0.014840	0.005744	0.020105	0.011489	0.005744	0.000479	0.004787	0.006223	0.010053	0.003351	0.008138	0.000479	0.021541	0.011967	0.021541	0.012446	0.010053	0.006223	0.015797	0.002872	0.011489	0.007659	0.008138	0.008138	0.007659	0.004308	0.006702	0.008138	0.010531	0.004308	0.015318	0.045476	0.020584	0.013404	0.023935	0.000479	0.014840	0.006702	0.013404	0.012925	0.031115	0.015318	0.020584	0.000479	0.056486	0.038775	0.069411	
0.031115	0.017233	0.019627	0.036381	0.022978	0.011967	0.008138	0.025850	0.011489	0.011967	0.002872	0.015797	0.034945	0.018669	0.018191	0.037338	0.007659	0.002872	0.003830	0.007659	0.018191	0.006223	0.006223	0.021063	0.009574	0.006702	0.005266	0.009574	0.011489	0.005744	0.005266	0.015797	0.011967	0.009095	0.006223	0.012446	0.027764	0.013882	0.008138	0.023456	0.010531	0.006223	0.005266	0.012446	0.018191	0.004787	0.004787	0.022499	0.014361	0.004787	0.009095	0.011489	0.040689	0.019148	0.010531	0.047870	0.025850	0.015318	0.008138	0.021063	0.036381	0.022020	0.012925	0.065582	
0.021541	0.008138	0.011010	0.024414	0.013404	0.005744	0.004308	0.010531	0.010531	0.011489	0.005744	0.011010	0.018191	0.007659	0.015318	0.026807	0.042125	0.011967	0.017712	0.037817	0.013404	0.009574	0.009574	0.018669	0.012446	0.004308	0.003351	0.012925	0.037338	0.010053	0.022020	0.048827	0.018191	0.008138	0.011967	0.019148	0.013882	0.004787	0.004308	0.017233	0.008138	0.006223	0.003351	0.003830	0.019627	0.009095	0.014840	0.015318	0.025371	0.022020	0.018669	0.034945	0.022978	0.006223	0.011010	0.011010	0.014840	0.007180	0.008138	0.011010	0.032551	0.017712	0.028243	0.062709	
0.026807	0.018191	0.022020	0.040211	0.004787	0.015797	0.015318	0.014361	0.007659	0.026328	0.011010	0.014361	0.031594	0.035902	0.016754	0.032073	0.010053	0.013404	0.007180	0.033030	0.015318	0.004308	0.002872	0.003830	0.002872	0.012446	0.003830	0.010053	0.000479	0.020584	0.012446	0.023935	0.015318	0.007659	0.007659	0.015318	0.004308	0.009095	0.008617	0.007180	0.006702	0.006223	0.002872	0.004787	0.008138	0.011489	0.004787	0.014361	0.044040	0.024892	0.018191	0.020584	0.000479	0.011489	0.017233	0.015318	0.016754	0.024414	0.015318	0.023935	0.000479	0.053614	0.032073	0.067496	
0.030637	0.014840	0.017712	0.033030	0.025371	0.011489	0.005744	0.021541	0.015318	0.012925	0.007659	0.019148	0.036860	0.010531	0.022499	0.039253	0.008138	0.002393	0.004308	0.010053	0.012925	0.003830	0.009095	0.014840	0.013882	0.011489	0.003830	0.014840	0.016276	0.004308	0.003830	0.016276	0.016754	0.003351	0.005266	0.008617	0.019627	0.015797	0.006702	0.027286	0.009095	0.005744	0.005744	0.012446	0.018191	0.009574	0.004308	0.021063	0.011010	0.006223	0.010531	0.012925	0.043562	0.023935	0.011010	0.043083	0.015797	0.013404	0.011489	0.025371	0.038296	0.032073	0.013882	0.053614	
0.026328	0.011010	0.010531	0.018669	0.010531	0.004787	0.002393	0.009095	0.010053	0.011010	0.005744	0.011010	0.018191	0.007659	0.013882	0.024892	0.039253	0.017712	0.012925	0.031594	0.016754	0.007659	0.011010	0.019627	0.010531	0.006223	0.005744	0.010053	0.030637	0.007659	0.026807	0.041647	0.020105	0.008617	0.011967	0.013404	0.011967	0.006702	0.007180	0.017712	0.008617	0.005744	0.004787	0.009574	0.017233	0.007180	0.022978	0.024414	0.034466	0.020105	0.018191	0.036860	0.020584	0.009095	0.011967	0.014840	0.015797	0.008617	0.008617	0.011489	0.029679	0.009095	0.032073	0.059359	
0.029201	0.029679	0.015797	0.045476	0.006223	0.021541	0.019148	0.010531	0.008617	0.022020	0.009095	0.013882	0.027764	0.033030	0.012446	0.027286	0.012446	0.010053	0.010053	0.027286	0.016754	0.005744	0.001915	0.003830	0.004787	0.010053	0.005744	0.011967	0.000479	0.025850	0.011967	0.022978	0.015318	0.007659	0.004787	0.017233	0.003351	0.012925	0.004787	0.010531	0.005744	0.009095	0.003830	0.006223	0.011489	0.011010	0.005266	0.014361	0.037338	0.019627	0.019627	0.019148	0.000479	0.014361	0.007180	0.009574	0.016276	0.023456	0.021541	0.034466	0.000479	0.053135	0.035424	0.061273	
0.031115	0.014361	0.017712	0.031115	0.024892	0.012446	0.007180	0.022499	0.013404	0.011967	0.011489	0.013404	0.037338	0.019148	0.019148	0.033509	0.008138	0.003351	0.004787	0.010531	0.022020	0.007659	0.009574	0.015318	0.012446	0.005744	0.002872	0.011967	0.011010	0.004787	0.003351	0.015318	0.013882	0.002872	0.007180	0.011489	0.025371	0.011489	0.006702	0.021063	0.013882	0.007180	0.004787	0.014361	0.018669	0.012446	0.008138	0.027286	0.016276	0.005266	0.008138	0.010531	0.043083	0.022978	0.015797	0.041168	0.018669	0.012446	0.008617	0.025371	0.033509	0.023935	0.013404	0.055050	
0.024414	0.010053	0.013404	0.021541	0.009095	0.002393	0.002872	0.011489	0.009574	0.010531	0.006223	0.011489	0.016754	0.004787	0.016754	0.025371	0.041168	0.017712	0.018191	0.038296	0.017233	0.007180	0.008617	0.021541	0.015797	0.009095	0.002872	0.011489	0.030158	0.003830	0.016754	0.049306	0.019148	0.012925	0.007180	0.019148	0.015318	0.004308	0.005266	0.012446	0.011010	0.004787	0.004787	0.007180	0.023935	0.006702	0.014361	0.020105	0.036860	0.017233	0.015797	0.030637	0.023456	0.009574	0.011967	0.015318	0.015318	0.010053	0.008617	0.010053	0.034945	0.014840	0.024892	0.056486	
0.031115	0.018669	0.017712	0.054093	0.006223	0.019148	0.020584	0.011967	0.012446	0.019627	0.010053	0.012446	0.027764	0.039253	0.013404	0.029201	0.013404	0.018191	0.004787	0.028722	0.011010	0.005266	0.002872	0.004308	0.002393	0.007659	0.006223	0.012446	0.000479	0.019627	0.013882	0.026807	0.016276	0.007659	0.008138	0.019627	0.000957	0.016276	0.009574	0.007659	0.004787	0.010531	0.003351	0.003830	0.012446	0.012925	0.006223	0.008617	0.045476	0.021541	0.017712	0.021063	0.000479	0.012925	0.007180	0.009574	0.011489	0.023935	0.011010	0.026328	0.000479	0.063188	0.032551	0.055050	
0.040211	0.015797	0.015797	0.034466	0.024892	0.012925	0.007659	0.020584	0.014361	0.013404	0.004787	0.015797	0.039253	0.019148	0.024414	0.040689	0.006702	0.002393	0.001436	0.008138	0.018669	0.009574	0.007180	0.018191	0.014361	0.006223	0.005744	0.013882	0.010053	0.005266	0.002872	0.015318	0.012925	0.003830	0.005744	0.008617	0.025371	0.010531	0.006702	0.019148	0.008138	0.005744	0.005744	0.011010	0.022020	0.006223	0.007180	0.019627	0.015797	0.004308	0.008138	0.012925	0.052178	0.018191	0.014361	0.050263	0.025371	0.012446	0.009574	0.018669	0.033988	0.020584	0.012925	0.052178	
0.025371	0.010531	0.014361	0.025371	0.010053	0.005744	0.004308	0.006223	0.009095	0.010053	0.005266	0.006702	0.015318	0.003830	0.013404	0.031594	0.044519	0.016754	0.021063	0.038775	0.014361	0.007180	0.007180	0.022499	0.012925	0.007180	0.004787	0.011010	0.031594	0.007180	0.021063	0.048348	0.021541	0.009095	0.010053	0.021541	0.007180	0.008617	0.005266	0.016754	0.008617	0.003830	0.004787	0.008617	0.019148	0.003351	0.009574	0.027286	0.036381	0.016754	0.020584	0.031594	0.019148	0.006223	0.011489	0.014361	0.015797	0.010053	0.011967	0.009574	0.035902	0.009574	0.024892	0.057444	
0.034466	0.024892	0.017233	0.051221	0.008617	0.015797	0.015318	0.013404	0.013882	0.024414	0.011489	0.016276	0.026807	0.038775	0.020105	0.031594	0.013404	0.010053	0.004787	0.022499	0.012446	0.009095	0.002872	0.003351	0.007659	0.005266	0.004308	0.011010	0.000479	0.026807	0.011010	0.021541	0.015318	0.009574	0.005266	0.016276	0.004308	0.009574	0.006702	0.010531	0.004308	0.012446	0.002872	0.007180	0.004308	0.015318	0.005266	0.011010	0.046434	0.022978	0.011489	0.021063	0.000479	0.010053	0.005744	0.007659	0.011010	0.018669	0.014840	0.024414	0.000479	0.061752	0.036381	0.066060	
0.037817	0.014840	0.015797	0.041168	0.020105	0.011489	0.010053	0.025850	0.010053	0.012925	0.002872	0.012925	0.040211	0.013404	0.017712	0.039732	0.007659	0.002393	0.004787	0.011010	0.016276	0.005266	0.007180	0.015797	0.008617	0.003830	0.005744	0.012446	0.010053	0.003830	0.005266	0.015797	0.015797	0.001436	0.006223	0.013404	0.023935	0.009574	0.004787	0.022499	0.009095	0.006223	0.006702	0.011489	0.017712	0.009095	0.008138	0.023935	0.010531	0.005266	0.007180	0.009095	0.052657	0.025850	0.013404	0.050742	0.021063	0.016276	0.009095	0.026328	0.035424	0.031115	0.018191	0.045476	
0.023456	0.012925	0.011967	0.023456	0.006223	0.003830	0.004787	0.009095	0.004787	0.009095	0.007180	0.012925	0.024414	0.005266	0.020105	0.024892	0.043083	0.012925	0.021541	0.035424	0.016754	0.005744	0.008138	0.021541	0.012446	0.006223	0.005744	0.011010	0.025850	0.011489	0.031115	0.046434	0.016754	0.007659	0.007659	0.016754	0.012925	0.003830	0.008617	0.013882	0.006702	0.006702	0.001915	0.009095	0.019627	0.007180	0.016276	0.020105	0.033988	0.017233	0.013882	0.038296	0.017233	0.011010	0.012446	0.016754	0.015797	0.010531	0.007659	0.015318	0.031115	0.013404	0.023456	0.056965	
0.037817	0.019148	0.013404	0.046912	0.006223	0.017712	0.014361	0.012446	0.010531	0.014361	0.012925	0.017233	0.029201	0.040211	0.014361	0.030158	0.013404	0.012925	0.006702	0.020105	0.010531	0.007659	0.001915	0.004308	0.004787	0.009574	0.005266	0.014361	0.000479	0.028243	0.016276	0.016276	0.010531	0.010531	0.003351	0.015318	0.003830	0.013882	0.008617	0.006223	0.007180	0.007659	0.003351	0.004308	0.008617	0.015797	0.006223	0.017712	0.046434	0.022020	0.013882	0.018669	0.000479	0.014840	0.011967	0.010053	0.016276	0.022978	0.022020	0.029679	0.000479	0.060316	0.031594	0.056008	
0.042604	0.016276	0.015797	0.033509	0.024414	0.010053	0.011010	0.019148	0.009095	0.009574	0.007659	0.011010	0.034466	0.016276	0.020105	0.030158	0.008617	0.002872	0.003351	0.006223	0.022020	0.006702	0.005266	0.020105	0.015318	0.005744	0.004787	0.011010	0.011489	0.004787	0.003351	0.013404	0.012925	0.006223	0.004787	0.014840	0.014361	0.011967	0.005266	0.022978	0.017712	0.006702	0.006223	0.012925	0.020105	0.008138	0.008138	0.029201	0.013882	0.007659	0.008138	0.009095	0.054572	0.023456	0.014361	0.052178	0.021063	0.010531	0.008617	0.028243	0.029679	0.024892	0.014361	0.051221	
0.023935	0.009574	0.013882	0.030637	0.008617	0.004308	0.006223	0.013882	0.011489	0.006223	0.008617	0.005744	0.016754	0.003830	0.015797	0.027286	0.039253	0.020105	0.020584	0.035424	0.016276	0.008617	0.007659	0.019627	0.013882	0.004787	0.008138	0.009095	0.030158	0.010053	0.024414	0.049785	0.020105	0.012446	0.007180	0.023456	0.012446	0.002872	0.004787	0.012446	0.007180	0.007659	0.003830	0.008617	0.017233	0.006702	0.019148	0.020105	0.032073	0.015318	0.016754	0.031594	0.021063	0.009574	0.012925	0.010531	0.017233	0.010531	0.011010	0.007180	0.032551	0.013882	0.028243	0.049306	
0.033509	0.017233	0.018669	0.045955	0.005744	0.020584	0.018669	0.012446	0.014361	0.022020	0.009574	0.012446	0.030637	0.036381	0.015318	0.038775	0.016754	0.011489	0.005266	0.024892	0.011967	0.007659	0.002872	0.002872	0.004308	0.011489	0.005266	0.010531	0.000479	0.026328	0.008617	0.021063	0.018669	0.011967	0.006223	0.012925	0.003351	0.013882	0.005266	0.006702	0.006702	0.010053	0.003830	0.011010	0.008617	0.009095	0.003830	0.009095	0.039732	0.021541	0.020584	0.014840	0.000479	0.016754	0.008138	0.009095	0.016754	0.024414	0.014840	0.031594	0.000479	0.056486	0.034945	0.054572	
0.036381	0.010531	0.019148	0.042604	0.022978	0.011010	0.007659	0.020584	0.013404	0.009574	0.010531	0.017233	0.035424	0.017712	0.020105	0.025371	0.009095	0.002393	0.001915	0.008138	0.021541	0.007180	0.009095	0.021063	0.012925	0.005266	0.005266	0.011489	0.008138	0.003351	0.006702	0.012925	0.015797	0.004308	0.008138	0.013882	0.028722	0.009574	0.006223	0.023456	0.011967	0.004787	0.005744	0.011010	0.022978	0.008617	0.006223	0.027764	0.015318	0.006223	0.006702	0.011967	0.051221	0.020105	0.012925	0.044040	0.019627	0.013404	0.009095	0.020584	0.039253	0.021541	0.017233	0.045476	
0.025850	0.009095	0.011967	0.029679	0.009095	0.003351	0.003830	0.007180	0.010053	0.010053	0.008617	0.007180	0.025371	0.003830	0.015318	0.032073	0.037817	0.019627	0.022978	0.044040	0.020584	0.006702	0.005266	0.015318	0.013404	0.007659	0.002872	0.011967	0.031115	0.006223	0.028722	0.043083	0.016276	0.005744	0.008138	0.027764	0.007180	0.004787	0.003830	0.017233	0.010531	0.003351	0.003351	0.013404	0.021063	0.003830	0.014361	0.021063	0.034466	0.018669	0.016276	0.036381	0.024892	0.007659	0.007180	0.011489	0.017233	0.010531	0.011967	0.010531	0.034466	0.007659	0.024892	0.044519	
0.027764	0.024892	0.014840	0.046912	0.008138	0.024414	0.012925	0.007659	0.013404	0.022499	0.013882	0.009574	0.039253	0.043083	0.020105	0.035424	0.011967	0.012925	0.005744	0.031115	0.009574	0.007659	0.001436	0.003830	0.003351	0.004787	0.005266	0.006702	0.000479	0.014361	0.015318	0.021063	0.014361	0.007659	0.007659	0.021541	0.003351	0.014361	0.008138	0.005744	0.004787	0.010531	0.004308	0.007180	0.009095	0.013404	0.005744	0.014840	0.047391	0.026328	0.018669	0.019627	0.000479	0.011967	0.004308	0.004787	0.016276	0.026328	0.011489	0.029201	0.000479	0.053135	0.025850	0.061273	
0.029679	0.016276	0.015797	0.039732	0.032551	0.010531	0.008617	0.020105	0.013404	0.011010	0.006223	0.016276	0.036860	0.016276	0.026328	0.039732	0.008138	0.002393	0.004308	0.006702	0.018191	0.010531	0.008617	0.021063	0.010531	0.004308	0.003351	0.008617	0.010053	0.003351	0.003830	0.004787	0.013882	0.006223	0.007659	0.010053	0.022020	0.006223	0.007659	0.028243	0.011010	0.007659	0.005266	0.011010	0.019627	0.008617	0.007659	0.016754	0.011967	0.007180	0.012446	0.017712	0.050263	0.019627	0.011967	0.042125	0.019627	0.016276	0.006223	0.024892	0.036860	0.021541	0.017712	0.056486	
0.025371	0.008138	0.009574	0.020584	0.012446	0.005266	0.004787	0.009574	0.011010	0.009095	0.009574	0.010531	0.023935	0.004787	0.017233	0.028243	0.033030	0.026807	0.021541	0.041647	0.016754	0.005266	0.007659	0.017233	0.011967	0.006702	0.005266	0.012925	0.033030	0.005266	0.027764	0.045476	0.018191	0.008138	0.012446	0.015797	0.011010	0.007659	0.004787	0.015797	0.007659	0.002872	0.004787	0.005744	0.019627	0.005266	0.013404	0.022499	0.031594	0.014361	0.019148	0.038296	0.017233	0.009095	0.008138	0.015318	0.024892	0.009574	0.007659	0.013404	0.030637	0.011010	0.027286	0.048827	
0.027286	0.019627	0.017712	0.043562	0.009574	0.018669	0.014361	0.014840	0.008617	0.031594	0.010531	0.011967	0.030158	0.036860	0.016754	0.032551	0.014361	0.013404	0.005266	0.024414	0.011010	0.010053	0.001915	0.004308	0.003351	0.004787	0.005266	0.011967	0.000479	0.021541	0.015797	0.020105	0.014361	0.015797	0.009095	0.016276	0.003351	0.010531	0.004308	0.010053	0.007180	0.009574	0.003830	0.006702	0.009095	0.011010	0.005266	0.017233	0.047391	0.023935	0.018669	0.017233	0.000479	0.013404	0.007180	0.005266	0.018191	0.024414	0.014361	0.028722	0.000479	0.061752	0.029679	0.053135	
0.039732	0.015318	0.015797	0.032551	0.036860	0.005266	0.007180	0.023456	0.010531	0.016276	0.004308	0.019627	0.030158	0.022499	0.017712	0.031115	0.009574	0.001915	0.003351	0.009574	0.019627	0.008138	0.004787	0.020105	0.006702	0.006223	0.004787	0.010053	0.010531	0.005744	0.005266	0.012925	0.017233	0.003830	0.006702	0.009574	0.028243	0.012925	0.007659	0.021541	0.010053	0.007659	0.005744	0.010531	0.023935	0.010053	0.006223	0.019148	0.011010	0.004787	0.012446	0.011967	0.044040	0.019148	0.012925	0.055050	0.019148	0.016276	0.009095	0.022978	0.031594	0.024892	0.021541	0.044998	
0.022020	0.011967	0.017233	0.026328	0.010531	0.003351	0.003351	0.008617	0.013404	0.012446	0.004787	0.007659	0.015318	0.006702	0.011010	0.030637	0.055529	0.015797	0.018669	0.038775	0.016276	0.007659	0.004787	0.016754	0.011489	0.003351	0.004308	0.013404	0.031115	0.007659	0.022499	0.058880	0.020105	0.006223	0.004787	0.015318	0.011967	0.005266	0.006702	0.022499	0.010053	0.005266	0.002872	0.005744	0.018669	0.005744	0.015318	0.023456	0.036860	0.014840	0.018669	0.025850	0.022978	0.009095	0.019148	0.011967	0.021541	0.007180	0.008138	0.013882	0.018191	0.014840	0.025371	0.049785	
0.035902	0.027764	0.017712	0.053135	0.003830	0.019627	0.013404	0.011967	0.012925	0.024414	0.012446	0.009574	0.026328	0.034466	0.016276	0.029201	0.015797	0.016276	0.004308	0.025371	0.010053	0.010053	0.002393	0.002872	0.004308	0.010531	0.005744	0.013404	0.000479	0.022978	0.015797	0.020584	0.020584	0.010053	0.005744	0.020105	0.002393	0.010053	0.007180	0.008617	0.006702	0.007659	0.000479	0.005266	0.014361	0.007659	0.004308	0.014361	0.040689	0.019148	0.011489	0.011967	0.000479	0.018191	0.006702	0.009574	0.012925	0.027286	0.015318	0.018669	0.000479	0.065103	0.041168	0.056008	
0.040211	0.010531	0.020584	0.041647	0.034945	0.008617	0.008617	0.021063	0.011489	0.008617	0.008617	0.010531	0.040689	0.016754	0.015797	0.037338	0.007180	0.001436	0.002872	0.005266	0.024414	0.008617	0.008617	0.016276	0.010531	0.004787	0.006702	0.007659	0.011967	0.002393	0.003830	0.014840	0.015797	0.003830	0.007659	0.009574	0.031115	0.009574	0.005744	0.023456	0.008138	0.005266	0.005266	0.015318	0.012925	0.007659	0.007659	0.018669	0.012446	0.008138	0.005266	0.015797	0.050742	0.020105	0.013404	0.045955	0.029201	0.018191	0.010053	0.020105	0.035902	0.022978	0.015797	0.045476	
0.025371	0.011010	0.012925	0.026328	0.006702	0.004308	0.005744	0.007180	0.012925	0.008617	0.006223	0.008617	0.028722	0.006223	0.016276	0.021063	0.046912	0.022499	0.021541	0.050263	0.013882	0.005266	0.007180	0.020584	0.012446	0.009574	0.003830	0.010531	0.031115	0.011489	0.023935	0.040211	0.018669	0.013882	0.007659	0.019148	0.012446	0.004308	0.003830	0.016276	0.011010	0.004787	0.005266	0.009574	0.012925	0.005266	0.013404	0.022020	0.037338	0.018669	0.015318	0.030158	0.017712	0.010053	0.010053	0.011967	0.013882	0.007180	0.011010	0.011010	0.030158	0.011010	0.030637	0.044519	
0.038296	0.024892	0.015797	0.049306	0.006702	0.022499	0.021541	0.015318	0.013882	0.021541	0.009095	0.012925	0.030637	0.036381	0.019148	0.039732	0.012446	0.010053	0.006702	0.021541	0.012446	0.007180	0.002393	0.001915	0.004787	0.006702	0.005744	0.009574	0.000479	0.025371	0.014361	0.015797	0.012446	0.012446	0.005266	0.020105	0.001915	0.016276	0.005266	0.006702	0.008138	0.009574	0.002393	0.006223	0.012925	0.011967	0.005266	0.009574	0.047870	0.022499	0.017233	0.015318	0.000479	0.017712	0.007180	0.008617	0.015318	0.025850	0.014361	0.028722	0.000479	0.050742	0.028722	0.047870	
0.040211	0.013882	0.020105	0.036860	0.029201	0.006223	0.010053	0.024414	0.011489	0.013882	0.005266	0.014361	0.042125	0.014361	0.022499	0.027286	0.009095	0.001436	0.003351	0.007659	0.023935	0.007180	0.007180	0.025371	0.011010	0.006702	0.005744	0.012925	0.011489	0.004787	0.004787	0.011489	0.013404	0.005744	0.008138	0.014840	0.018191	0.009574	0.009095	0.026807	0.007659	0.006223	0.005744	0.011967	0.019627	0.008617	0.005744	0.023456	0.019627	0.004787	0.009095	0.011010	0.045955	0.020105	0.016276	0.042125	0.018191	0.015797	0.008617	0.024892	0.035902	0.021541	0.014840	0.040689	
0.030158	0.012925	0.011010	0.028243	0.008617	0.006223	0.004308	0.006702	0.011010	0.010531	0.011010	0.008138	0.021541	0.004787	0.017233	0.026807	0.038296	0.020584	0.016754	0.041647	0.015318	0.007180	0.004787	0.015797	0.018191	0.009095	0.006702	0.008617	0.036381	0.013404	0.027286	0.041647	0.019148	0.005744	0.007659	0.015797	0.012446	0.004308	0.006223	0.019627	0.005266	0.003830	0.003830	0.012446	0.021541	0.005744	0.015318	0.021541	0.039253	0.019627	0.015797	0.034466	0.020105	0.007659	0.011010	0.010531	0.017712	0.009095	0.010053	0.011010	0.028722	0.011489	0.023935	0.038775	
0.039253	0.018669	0.018669	0.050263	0.007659	0.022978	0.018191	0.010053	0.014361	0.015318	0.008138	0.013404	0.032551	0.037817	0.018669	0.031115	0.011010	0.013882	0.008617	0.022978	0.010053	0.011010	0.001436	0.002872	0.004787	0.005266	0.003830	0.012446	0.000479	0.022499	0.015797	0.013882	0.014361	0.014840	0.006223	0.016754	0.004308	0.015797	0.004787	0.007659	0.008617	0.011489	0.004308	0.007180	0.006702	0.010531	0.007180	0.015797	0.048348	0.021541	0.018191	0.020105	0.000479	0.019627	0.007180	0.008138	0.018191	0.025850	0.013404	0.026328	0.000479	0.053614	0.029201	0.045476	
0.041647	0.010531	0.019627	0.041168	0.031115	0.006702	0.009095	0.022020	0.013882	0.016276	0.008617	0.012925	0.043083	0.018191	0.017712	0.031115	0.009574	0.003830	0.000957	0.008138	0.033030	0.008138	0.007180	0.021063	0.008138	0.004308	0.003830	0.015318	0.008617	0.006702	0.004308	0.009095	0.021063	0.002393	0.008617	0.013882	0.024414	0.009574	0.004308	0.019627	0.009095	0.004787	0.004787	0.011010	0.017712	0.008138	0.009574	0.023935	0.015318	0.006223	0.009095	0.009574	0.045476	0.025371	0.014840	0.038775	0.023456	0.012446	0.007659	0.027286	0.027286	0.019627	0.014361	0.044998	
0.037338	0.015797	0.013882	0.020584	0.008617	0.004308	0.002393	0.007659	0.007180	0.008617	0.010531	0.011967	0.022499	0.005266	0.018191	0.026807	0.045476	0.020105	0.017712	0.050742	0.015318	0.003351	0.010053	0.021063	0.014840	0.011010	0.003830	0.005744	0.031115	0.004787	0.024892	0.040689	0.018669	0.009574	0.005266	0.021063	0.015797	0.003830	0.006702	0.011489	0.012446	0.002393	0.001915	0.008138	0.024892	0.004787	0.013404	0.023456	0.033988	0.013404	0.014840	0.034466	0.023456	0.008617	0.011010	0.009574	0.015797	0.007180	0.007659	0.015318	0.034466	0.009574	0.020584	0.044519	
0.037338	0.027764	0.015797	0.054572	0.008138	0.025850	0.013882	0.011010	0.010531	0.016276	0.010531	0.014361	0.027286	0.043562	0.022020	0.033988	0.012925	0.019627	0.007180	0.023456	0.009574	0.005266	0.002393	0.002872	0.006223	0.006223	0.005744	0.011967	0.000479	0.020105	0.010053	0.019148	0.013882	0.010053	0.008138	0.018191	0.001436	0.017712	0.006223	0.003830	0.006223	0.010053	0.001915	0.005744	0.011967	0.010053	0.007180	0.011967	0.056486	0.023456	0.014361	0.018669	0.000479	0.012446	0.004787	0.006702	0.015318	0.023456	0.013882	0.024414	0.000479	0.058880	0.027286	0.048827	
