>NC_009567
0.001135	0.001135	0.001135	0.001135	0.001135	0.001135	0.001135	0.001135	0.001135	0.001135	0.001135	0.001135	0.001135	0.001135	0.001135	0.001135	0.001135	0.001135	0.001135	0.001135	0.001135	0.001135	0.001135	0.001135	0.001135	0.001135	0.001135	0.001135	0.147560	0.001135	0.001135	0.001135	0.001135	0.001135	0.001135	0.001135	0.001135	0.001135	0.001135	0.001135	0.001135	0.001135	0.001135	0.001135	0.001135	0.001135	0.001135	0.001135	0.001135	0.001135	0.001135	0.001135	0.128263	0.001135	0.001135	0.001135	0.001135	0.001135	0.001135	0.001135	0.727582	0.001135	0.001135	0.001135	
0.001135	0.001135	0.001135	0.001135	0.001135	0.001135	0.001135	0.001135	0.001135	0.001135	0.001135	0.001135	0.001135	0.001135	0.001135	0.001135	0.032917	0.009081	0.012486	0.077185	0.001135	0.001135	0.001135	0.001135	0.001135	0.001135	0.001135	0.001135	0.001135	0.001135	0.001135	0.001135	0.001135	0.001135	0.001135	0.001135	0.001135	0.001135	0.001135	0.001135	0.001135	0.001135	0.001135	0.001135	0.001135	0.001135	0.001135	0.001135	0.288309	0.108967	0.106697	0.373439	0.001135	0.001135	0.001135	0.001135	0.001135	0.001135	0.001135	0.001135	0.001135	0.001135	0.001135	0.001135	
0.106697	0.049943	0.043133	0.123723	0.040863	0.020431	0.023837	0.035187	0.029512	0.037457	0.019296	0.035187	0.082860	0.032917	0.051078	0.286039	0.001135	0.001135	0.001135	0.001135	0.001135	0.001135	0.001135	0.001135	0.001135	0.001135	0.001135	0.001135	0.001135	0.001135	0.001135	0.001135	0.001135	0.001135	0.001135	0.001135	0.001135	0.001135	0.001135	0.001135	0.001135	0.001135	0.001135	0.001135	0.001135	0.001135	0.001135	0.001135	0.001135	0.001135	0.001135	0.001135	0.001135	0.001135	0.001135	0.001135	0.001135	0.001135	0.001135	0.001135	0.001135	0.001135	0.001135	0.001135	
0.029512	0.018161	0.019296	0.043133	0.007946	0.014756	0.015891	0.014756	0.010216	0.024972	0.010216	0.001135	0.019296	0.036322	0.024972	0.046538	0.018161	0.011351	0.004540	0.010216	0.009081	0.006810	0.003405	0.004540	0.004540	0.014756	0.005675	0.002270	0.001135	0.019296	0.006810	0.011351	0.014756	0.001135	0.004540	0.012486	0.005675	0.019296	0.005675	0.010216	0.007946	0.007946	0.003405	0.003405	0.012486	0.004540	0.010216	0.011351	0.052213	0.004540	0.022701	0.006810	0.001135	0.007946	0.010216	0.017026	0.009081	0.030647	0.010216	0.004540	0.001135	0.076050	0.044268	0.167991	
0.048808	0.020431	0.012486	0.032917	0.014756	0.004540	0.009081	0.006810	0.013621	0.010216	0.011351	0.015891	0.022701	0.010216	0.005675	0.034052	0.009081	0.003405	0.001135	0.010216	0.018161	0.013621	0.004540	0.012486	0.017026	0.006810	0.002270	0.009081	0.010216	0.009081	0.006810	0.020431	0.010216	0.006810	0.006810	0.007946	0.023837	0.012486	0.014756	0.027242	0.006810	0.009081	0.003405	0.010216	0.003405	0.002270	0.002270	0.003405	0.015891	0.006810	0.004540	0.006810	0.046538	0.021566	0.009081	0.059024	0.043133	0.015891	0.006810	0.020431	0.062429	0.038593	0.024972	0.111237	
0.024972	0.017026	0.017026	0.024972	0.011351	0.006810	0.006810	0.012486	0.003405	0.010216	0.005675	0.005675	0.009081	0.010216	0.009081	0.029512	0.035187	0.012486	0.022701	0.032917	0.010216	0.012486	0.013621	0.015891	0.005675	0.011351	0.004540	0.015891	0.028377	0.011351	0.024972	0.040863	0.026107	0.012486	0.014756	0.027242	0.013621	0.003405	0.011351	0.013621	0.004540	0.006810	0.005675	0.006810	0.009081	0.005675	0.010216	0.030647	0.030647	0.017026	0.010216	0.040863	0.023837	0.010216	0.010216	0.015891	0.007946	0.009081	0.006810	0.015891	0.039728	0.015891	0.034052	0.079455	
0.041998	0.021566	0.012486	0.040863	0.006810	0.019296	0.017026	0.015891	0.017026	0.021566	0.005675	0.020431	0.019296	0.028377	0.014756	0.063564	0.020431	0.015891	0.006810	0.015891	0.014756	0.010216	0.003405	0.004540	0.003405	0.021566	0.003405	0.013621	0.001135	0.022701	0.011351	0.022701	0.002270	0.006810	0.002270	0.010216	0.005675	0.011351	0.010216	0.010216	0.006810	0.005675	0.004540	0.005675	0.007946	0.009081	0.005675	0.021566	0.047673	0.018161	0.009081	0.011351	0.001135	0.014756	0.010216	0.017026	0.017026	0.032917	0.005675	0.022701	0.001135	0.055619	0.038593	0.085131	
0.039728	0.017026	0.011351	0.044268	0.014756	0.015891	0.009081	0.022701	0.006810	0.009081	0.005675	0.009081	0.026107	0.018161	0.011351	0.022701	0.011351	0.004540	0.005675	0.006810	0.019296	0.002270	0.005675	0.028377	0.007946	0.011351	0.005675	0.015891	0.013621	0.005675	0.005675	0.022701	0.015891	0.004540	0.003405	0.020431	0.029512	0.019296	0.006810	0.026107	0.006810	0.003405	0.003405	0.005675	0.011351	0.004540	0.017026	0.029512	0.017026	0.003405	0.003405	0.005675	0.036322	0.027242	0.018161	0.034052	0.023837	0.013621	0.011351	0.021566	0.070375	0.032917	0.019296	0.070375	
0.028377	0.014756	0.011351	0.029512	0.015891	0.004540	0.003405	0.005675	0.010216	0.007946	0.001135	0.004540	0.019296	0.010216	0.011351	0.036322	0.034052	0.021566	0.014756	0.029512	0.021566	0.013621	0.009081	0.020431	0.011351	0.009081	0.007946	0.011351	0.026107	0.010216	0.022701	0.052213	0.015891	0.006810	0.009081	0.013621	0.015891	0.005675	0.004540	0.011351	0.010216	0.005675	0.004540	0.005675	0.011351	0.004540	0.010216	0.026107	0.040863	0.021566	0.013621	0.045403	0.017026	0.007946	0.013621	0.022701	0.013621	0.011351	0.011351	0.017026	0.029512	0.011351	0.029512	0.074915	
0.045403	0.021566	0.018161	0.034052	0.009081	0.017026	0.020431	0.018161	0.015891	0.014756	0.009081	0.009081	0.034052	0.028377	0.011351	0.044268	0.026107	0.026107	0.003405	0.014756	0.013621	0.010216	0.002270	0.005675	0.011351	0.014756	0.002270	0.002270	0.001135	0.023837	0.009081	0.026107	0.018161	0.009081	0.004540	0.013621	0.004540	0.011351	0.004540	0.013621	0.005675	0.007946	0.004540	0.006810	0.010216	0.009081	0.006810	0.012486	0.048808	0.009081	0.010216	0.018161	0.001135	0.009081	0.006810	0.019296	0.018161	0.026107	0.010216	0.019296	0.001135	0.056754	0.031782	0.099886	
0.051078	0.024972	0.009081	0.053348	0.019296	0.013621	0.005675	0.027242	0.006810	0.013621	0.001135	0.014756	0.024972	0.022701	0.003405	0.029512	0.010216	0.005675	0.006810	0.005675	0.014756	0.007946	0.004540	0.020431	0.012486	0.009081	0.002270	0.010216	0.019296	0.004540	0.009081	0.023837	0.011351	0.006810	0.012486	0.020431	0.020431	0.011351	0.009081	0.022701	0.009081	0.005675	0.004540	0.006810	0.012486	0.006810	0.001135	0.017026	0.019296	0.010216	0.004540	0.012486	0.037457	0.027242	0.010216	0.043133	0.021566	0.012486	0.006810	0.018161	0.038593	0.041998	0.022701	0.079455	
0.029512	0.021566	0.014756	0.026107	0.013621	0.007946	0.006810	0.019296	0.012486	0.006810	0.006810	0.006810	0.015891	0.015891	0.006810	0.053348	0.034052	0.013621	0.013621	0.030647	0.019296	0.012486	0.010216	0.018161	0.006810	0.006810	0.003405	0.012486	0.028377	0.013621	0.018161	0.053348	0.015891	0.005675	0.007946	0.020431	0.011351	0.005675	0.007946	0.015891	0.003405	0.004540	0.001135	0.005675	0.009081	0.007946	0.010216	0.022701	0.031782	0.020431	0.010216	0.032917	0.027242	0.020431	0.011351	0.017026	0.010216	0.009081	0.006810	0.010216	0.044268	0.012486	0.036322	0.056754	
0.038593	0.023837	0.011351	0.037457	0.005675	0.020431	0.013621	0.021566	0.012486	0.013621	0.004540	0.015891	0.023837	0.035187	0.010216	0.040863	0.022701	0.021566	0.006810	0.020431	0.014756	0.018161	0.007946	0.005675	0.005675	0.017026	0.009081	0.004540	0.001135	0.031782	0.015891	0.021566	0.010216	0.004540	0.004540	0.013621	0.009081	0.004540	0.004540	0.009081	0.005675	0.004540	0.002270	0.005675	0.007946	0.011351	0.004540	0.011351	0.054484	0.019296	0.011351	0.012486	0.001135	0.019296	0.013621	0.015891	0.014756	0.028377	0.010216	0.018161	0.001135	0.055619	0.026107	0.103292	
0.047673	0.024972	0.014756	0.038593	0.027242	0.009081	0.007946	0.024972	0.009081	0.006810	0.004540	0.013621	0.027242	0.013621	0.007946	0.035187	0.013621	0.006810	0.003405	0.006810	0.026107	0.004540	0.007946	0.023837	0.010216	0.013621	0.004540	0.011351	0.010216	0.011351	0.003405	0.027242	0.017026	0.004540	0.003405	0.013621	0.020431	0.017026	0.005675	0.020431	0.006810	0.002270	0.002270	0.014756	0.010216	0.005675	0.006810	0.021566	0.010216	0.003405	0.003405	0.017026	0.053348	0.026107	0.020431	0.034052	0.019296	0.010216	0.005675	0.021566	0.045403	0.031782	0.014756	0.085131	
0.036322	0.011351	0.013621	0.027242	0.012486	0.007946	0.007946	0.011351	0.005675	0.009081	0.002270	0.007946	0.018161	0.007946	0.015891	0.034052	0.053348	0.018161	0.024972	0.030647	0.020431	0.010216	0.013621	0.012486	0.009081	0.014756	0.009081	0.009081	0.024972	0.005675	0.023837	0.048808	0.018161	0.005675	0.005675	0.015891	0.011351	0.006810	0.004540	0.010216	0.004540	0.003405	0.003405	0.005675	0.013621	0.004540	0.018161	0.024972	0.032917	0.015891	0.012486	0.031782	0.022701	0.009081	0.015891	0.014756	0.009081	0.007946	0.005675	0.010216	0.046538	0.018161	0.031782	0.072645	
0.044268	0.027242	0.013621	0.055619	0.006810	0.015891	0.013621	0.014756	0.014756	0.013621	0.013621	0.014756	0.027242	0.028377	0.017026	0.032917	0.019296	0.020431	0.004540	0.022701	0.015891	0.007946	0.005675	0.004540	0.004540	0.022701	0.006810	0.007946	0.001135	0.015891	0.018161	0.013621	0.006810	0.006810	0.001135	0.013621	0.007946	0.009081	0.005675	0.012486	0.002270	0.010216	0.002270	0.005675	0.003405	0.011351	0.004540	0.013621	0.053348	0.022701	0.013621	0.013621	0.001135	0.013621	0.007946	0.013621	0.012486	0.043133	0.014756	0.019296	0.001135	0.054484	0.035187	0.089671	
0.037457	0.021566	0.018161	0.046538	0.026107	0.013621	0.015891	0.021566	0.013621	0.009081	0.001135	0.009081	0.031782	0.026107	0.010216	0.037457	0.019296	0.005675	0.002270	0.004540	0.017026	0.006810	0.005675	0.017026	0.011351	0.010216	0.002270	0.009081	0.009081	0.006810	0.006810	0.022701	0.018161	0.001135	0.001135	0.013621	0.023837	0.015891	0.006810	0.043133	0.012486	0.007946	0.003405	0.013621	0.009081	0.005675	0.006810	0.026107	0.018161	0.002270	0.005675	0.006810	0.031782	0.017026	0.015891	0.045403	0.030647	0.013621	0.005675	0.024972	0.040863	0.029512	0.027242	0.052213	
0.030647	0.013621	0.019296	0.029512	0.010216	0.005675	0.004540	0.010216	0.007946	0.011351	0.004540	0.003405	0.017026	0.013621	0.009081	0.031782	0.037457	0.018161	0.021566	0.021566	0.022701	0.009081	0.011351	0.010216	0.007946	0.017026	0.007946	0.011351	0.032917	0.004540	0.023837	0.065834	0.023837	0.014756	0.007946	0.021566	0.012486	0.009081	0.009081	0.010216	0.006810	0.002270	0.001135	0.002270	0.012486	0.004540	0.018161	0.021566	0.037457	0.018161	0.006810	0.028377	0.021566	0.015891	0.014756	0.015891	0.020431	0.013621	0.004540	0.012486	0.046538	0.017026	0.023837	0.051078	
0.032917	0.032917	0.014756	0.048808	0.009081	0.014756	0.027242	0.013621	0.018161	0.014756	0.012486	0.010216	0.021566	0.023837	0.015891	0.039728	0.019296	0.020431	0.009081	0.018161	0.022701	0.005675	0.004540	0.006810	0.003405	0.017026	0.005675	0.013621	0.001135	0.012486	0.011351	0.021566	0.018161	0.002270	0.005675	0.017026	0.005675	0.021566	0.010216	0.006810	0.004540	0.005675	0.004540	0.003405	0.010216	0.002270	0.005675	0.011351	0.068104	0.020431	0.011351	0.009081	0.001135	0.017026	0.009081	0.012486	0.012486	0.024972	0.018161	0.019296	0.001135	0.052213	0.047673	0.069240	
0.064699	0.015891	0.012486	0.045403	0.018161	0.017026	0.014756	0.026107	0.009081	0.010216	0.005675	0.015891	0.038593	0.017026	0.011351	0.026107	0.015891	0.006810	0.011351	0.004540	0.031782	0.005675	0.005675	0.015891	0.015891	0.006810	0.009081	0.019296	0.012486	0.013621	0.005675	0.007946	0.014756	0.010216	0.001135	0.012486	0.015891	0.020431	0.009081	0.017026	0.011351	0.007946	0.004540	0.017026	0.015891	0.011351	0.002270	0.017026	0.022701	0.002270	0.002270	0.006810	0.027242	0.015891	0.012486	0.035187	0.026107	0.020431	0.009081	0.024972	0.048808	0.027242	0.019296	0.046538	
0.040863	0.024972	0.011351	0.040863	0.015891	0.006810	0.007946	0.004540	0.005675	0.009081	0.003405	0.009081	0.018161	0.005675	0.017026	0.028377	0.039728	0.012486	0.019296	0.021566	0.022701	0.010216	0.012486	0.013621	0.014756	0.009081	0.005675	0.012486	0.024972	0.004540	0.011351	0.053348	0.018161	0.010216	0.007946	0.026107	0.019296	0.007946	0.006810	0.011351	0.011351	0.004540	0.007946	0.004540	0.024972	0.007946	0.009081	0.035187	0.047673	0.012486	0.022701	0.032917	0.026107	0.012486	0.019296	0.011351	0.011351	0.007946	0.007946	0.011351	0.024972	0.007946	0.015891	0.048808	
0.045403	0.015891	0.017026	0.068104	0.009081	0.017026	0.021566	0.012486	0.014756	0.029512	0.006810	0.010216	0.036322	0.036322	0.012486	0.036322	0.029512	0.024972	0.009081	0.020431	0.017026	0.010216	0.005675	0.004540	0.003405	0.024972	0.007946	0.010216	0.001135	0.018161	0.005675	0.015891	0.011351	0.005675	0.012486	0.013621	0.002270	0.012486	0.005675	0.010216	0.004540	0.010216	0.003405	0.006810	0.011351	0.006810	0.006810	0.012486	0.059024	0.018161	0.006810	0.009081	0.001135	0.015891	0.005675	0.003405	0.009081	0.027242	0.006810	0.010216	0.001135	0.049943	0.035187	0.079455	
0.055619	0.018161	0.014756	0.056754	0.024972	0.012486	0.007946	0.019296	0.014756	0.011351	0.004540	0.014756	0.035187	0.023837	0.012486	0.039728	0.015891	0.004540	0.002270	0.006810	0.021566	0.006810	0.010216	0.017026	0.015891	0.005675	0.004540	0.012486	0.006810	0.006810	0.005675	0.011351	0.014756	0.002270	0.002270	0.012486	0.037457	0.013621	0.009081	0.031782	0.006810	0.005675	0.005675	0.006810	0.009081	0.005675	0.004540	0.018161	0.023837	0.005675	0.009081	0.011351	0.052213	0.011351	0.018161	0.029512	0.020431	0.014756	0.005675	0.019296	0.045403	0.017026	0.017026	0.064699	
0.039728	0.017026	0.017026	0.036322	0.012486	0.010216	0.002270	0.005675	0.006810	0.010216	0.004540	0.006810	0.024972	0.011351	0.015891	0.035187	0.053348	0.027242	0.019296	0.036322	0.021566	0.006810	0.007946	0.007946	0.012486	0.013621	0.005675	0.013621	0.024972	0.010216	0.018161	0.044268	0.017026	0.007946	0.009081	0.023837	0.018161	0.005675	0.005675	0.007946	0.006810	0.004540	0.002270	0.006810	0.011351	0.005675	0.013621	0.022701	0.041998	0.012486	0.015891	0.026107	0.021566	0.005675	0.011351	0.014756	0.015891	0.012486	0.003405	0.007946	0.031782	0.013621	0.028377	0.060159	
0.061294	0.022701	0.019296	0.048808	0.012486	0.015891	0.026107	0.010216	0.018161	0.015891	0.011351	0.015891	0.024972	0.044268	0.010216	0.043133	0.023837	0.024972	0.007946	0.017026	0.014756	0.009081	0.003405	0.001135	0.002270	0.011351	0.003405	0.010216	0.001135	0.007946	0.010216	0.017026	0.010216	0.007946	0.006810	0.017026	0.004540	0.012486	0.015891	0.007946	0.002270	0.007946	0.001135	0.004540	0.007946	0.006810	0.003405	0.017026	0.048808	0.024972	0.012486	0.006810	0.001135	0.019296	0.010216	0.010216	0.019296	0.031782	0.012486	0.012486	0.001135	0.061294	0.038593	0.061294	
0.046538	0.020431	0.022701	0.054484	0.023837	0.017026	0.011351	0.028377	0.005675	0.014756	0.005675	0.020431	0.023837	0.017026	0.005675	0.043133	0.017026	0.005675	0.004540	0.005675	0.018161	0.005675	0.014756	0.018161	0.023837	0.007946	0.010216	0.013621	0.009081	0.004540	0.005675	0.010216	0.018161	0.003405	0.005675	0.014756	0.020431	0.012486	0.012486	0.021566	0.005675	0.007946	0.003405	0.011351	0.011351	0.007946	0.004540	0.019296	0.011351	0.004540	0.010216	0.009081	0.046538	0.012486	0.011351	0.049943	0.021566	0.009081	0.010216	0.021566	0.043133	0.028377	0.022701	0.044268	
0.030647	0.017026	0.014756	0.030647	0.015891	0.009081	0.004540	0.004540	0.012486	0.010216	0.013621	0.006810	0.024972	0.005675	0.012486	0.040863	0.047673	0.021566	0.018161	0.021566	0.018161	0.012486	0.006810	0.010216	0.011351	0.012486	0.007946	0.018161	0.029512	0.006810	0.015891	0.065834	0.014756	0.009081	0.009081	0.023837	0.015891	0.006810	0.007946	0.009081	0.011351	0.009081	0.004540	0.004540	0.015891	0.005675	0.017026	0.028377	0.027242	0.021566	0.005675	0.032917	0.030647	0.007946	0.013621	0.005675	0.010216	0.014756	0.006810	0.006810	0.027242	0.010216	0.017026	0.062429	
0.037457	0.026107	0.015891	0.040863	0.009081	0.027242	0.022701	0.010216	0.013621	0.011351	0.011351	0.011351	0.022701	0.031782	0.018161	0.036322	0.026107	0.022701	0.003405	0.028377	0.022701	0.006810	0.003405	0.003405	0.004540	0.014756	0.006810	0.006810	0.001135	0.011351	0.006810	0.010216	0.020431	0.004540	0.003405	0.017026	0.002270	0.015891	0.017026	0.011351	0.004540	0.011351	0.003405	0.013621	0.005675	0.009081	0.012486	0.009081	0.056754	0.015891	0.007946	0.017026	0.001135	0.009081	0.007946	0.010216	0.011351	0.031782	0.012486	0.006810	0.001135	0.076050	0.037457	0.082860	
0.045403	0.028377	0.023837	0.043133	0.020431	0.011351	0.011351	0.026107	0.010216	0.006810	0.005675	0.007946	0.035187	0.015891	0.012486	0.039728	0.021566	0.003405	0.003405	0.006810	0.021566	0.005675	0.009081	0.022701	0.020431	0.009081	0.003405	0.018161	0.012486	0.002270	0.004540	0.015891	0.011351	0.005675	0.003405	0.013621	0.023837	0.010216	0.011351	0.023837	0.011351	0.006810	0.009081	0.006810	0.009081	0.010216	0.006810	0.012486	0.013621	0.001135	0.007946	0.007946	0.060159	0.010216	0.014756	0.043133	0.020431	0.013621	0.012486	0.028377	0.045403	0.018161	0.015891	0.059024	
0.031782	0.017026	0.009081	0.034052	0.006810	0.010216	0.007946	0.013621	0.011351	0.010216	0.005675	0.011351	0.018161	0.007946	0.012486	0.032917	0.045403	0.026107	0.019296	0.035187	0.020431	0.004540	0.006810	0.005675	0.010216	0.015891	0.006810	0.013621	0.031782	0.007946	0.026107	0.049943	0.014756	0.005675	0.011351	0.030647	0.015891	0.002270	0.010216	0.007946	0.006810	0.009081	0.006810	0.007946	0.015891	0.002270	0.013621	0.029512	0.038593	0.013621	0.015891	0.034052	0.019296	0.007946	0.007946	0.011351	0.014756	0.009081	0.006810	0.009081	0.031782	0.010216	0.028377	0.056754	
0.027242	0.039728	0.014756	0.048808	0.011351	0.019296	0.018161	0.013621	0.012486	0.018161	0.009081	0.015891	0.031782	0.045403	0.020431	0.036322	0.020431	0.018161	0.006810	0.017026	0.011351	0.009081	0.003405	0.001135	0.004540	0.017026	0.004540	0.006810	0.001135	0.015891	0.012486	0.009081	0.018161	0.006810	0.005675	0.012486	0.003405	0.015891	0.012486	0.012486	0.005675	0.006810	0.002270	0.011351	0.010216	0.009081	0.007946	0.014756	0.059024	0.022701	0.005675	0.010216	0.001135	0.012486	0.006810	0.007946	0.012486	0.034052	0.017026	0.017026	0.001135	0.061294	0.029512	0.077185	
0.057889	0.022701	0.010216	0.034052	0.037457	0.009081	0.014756	0.026107	0.007946	0.009081	0.002270	0.013621	0.030647	0.019296	0.012486	0.026107	0.012486	0.005675	0.004540	0.004540	0.021566	0.011351	0.007946	0.015891	0.015891	0.007946	0.003405	0.013621	0.005675	0.003405	0.007946	0.018161	0.009081	0.005675	0.001135	0.019296	0.023837	0.009081	0.011351	0.031782	0.009081	0.006810	0.010216	0.006810	0.018161	0.004540	0.005675	0.022701	0.021566	0.005675	0.006810	0.010216	0.047673	0.017026	0.017026	0.049943	0.020431	0.011351	0.010216	0.028377	0.036322	0.026107	0.020431	0.054484	
0.034052	0.022701	0.013621	0.030647	0.013621	0.007946	0.013621	0.004540	0.005675	0.004540	0.005675	0.006810	0.013621	0.011351	0.009081	0.034052	0.041998	0.019296	0.029512	0.039728	0.015891	0.006810	0.013621	0.010216	0.011351	0.012486	0.012486	0.014756	0.026107	0.006810	0.030647	0.060159	0.017026	0.006810	0.009081	0.020431	0.011351	0.004540	0.006810	0.012486	0.012486	0.002270	0.006810	0.004540	0.015891	0.001135	0.011351	0.034052	0.030647	0.015891	0.007946	0.036322	0.026107	0.006810	0.009081	0.011351	0.021566	0.007946	0.005675	0.011351	0.020431	0.011351	0.032917	0.056754	
0.034052	0.020431	0.014756	0.054484	0.004540	0.024972	0.021566	0.013621	0.009081	0.022701	0.009081	0.019296	0.023837	0.055619	0.017026	0.030647	0.017026	0.014756	0.010216	0.024972	0.017026	0.006810	0.001135	0.001135	0.009081	0.017026	0.003405	0.013621	0.001135	0.015891	0.006810	0.014756	0.014756	0.009081	0.004540	0.022701	0.002270	0.009081	0.004540	0.011351	0.005675	0.009081	0.004540	0.011351	0.009081	0.010216	0.006810	0.011351	0.046538	0.015891	0.004540	0.009081	0.001135	0.011351	0.006810	0.011351	0.018161	0.034052	0.014756	0.017026	0.001135	0.064699	0.049943	0.069240	
0.043133	0.015891	0.012486	0.040863	0.020431	0.017026	0.006810	0.015891	0.005675	0.012486	0.003405	0.012486	0.027242	0.022701	0.015891	0.045403	0.007946	0.005675	0.005675	0.005675	0.017026	0.007946	0.014756	0.012486	0.011351	0.009081	0.005675	0.007946	0.010216	0.009081	0.010216	0.007946	0.018161	0.005675	0.004540	0.013621	0.036322	0.012486	0.010216	0.023837	0.007946	0.010216	0.004540	0.009081	0.014756	0.004540	0.012486	0.029512	0.018161	0.002270	0.004540	0.010216	0.049943	0.018161	0.017026	0.061294	0.021566	0.022701	0.011351	0.024972	0.038593	0.020431	0.020431	0.046538	
0.035187	0.013621	0.010216	0.028377	0.007946	0.007946	0.005675	0.007946	0.003405	0.014756	0.004540	0.004540	0.022701	0.007946	0.010216	0.029512	0.046538	0.026107	0.019296	0.031782	0.018161	0.006810	0.014756	0.015891	0.012486	0.014756	0.004540	0.017026	0.029512	0.006810	0.021566	0.055619	0.015891	0.006810	0.007946	0.015891	0.014756	0.005675	0.006810	0.027242	0.003405	0.007946	0.004540	0.009081	0.015891	0.005675	0.007946	0.024972	0.027242	0.022701	0.009081	0.031782	0.024972	0.006810	0.013621	0.011351	0.018161	0.015891	0.012486	0.012486	0.031782	0.007946	0.023837	0.065834	
0.044268	0.026107	0.012486	0.041998	0.007946	0.028377	0.021566	0.011351	0.006810	0.018161	0.006810	0.014756	0.022701	0.043133	0.018161	0.023837	0.021566	0.022701	0.004540	0.017026	0.015891	0.005675	0.003405	0.002270	0.007946	0.014756	0.009081	0.009081	0.001135	0.029512	0.019296	0.012486	0.006810	0.006810	0.005675	0.018161	0.007946	0.019296	0.014756	0.011351	0.003405	0.011351	0.002270	0.009081	0.005675	0.010216	0.007946	0.019296	0.063564	0.022701	0.004540	0.009081	0.001135	0.015891	0.005675	0.005675	0.009081	0.031782	0.012486	0.010216	0.001135	0.068104	0.038593	0.068104	
0.051078	0.019296	0.018161	0.047673	0.031782	0.012486	0.009081	0.024972	0.011351	0.002270	0.005675	0.007946	0.030647	0.012486	0.014756	0.028377	0.012486	0.006810	0.003405	0.010216	0.027242	0.006810	0.013621	0.021566	0.018161	0.007946	0.007946	0.011351	0.011351	0.001135	0.004540	0.013621	0.009081	0.004540	0.005675	0.007946	0.031782	0.009081	0.011351	0.023837	0.012486	0.006810	0.003405	0.007946	0.010216	0.009081	0.004540	0.019296	0.012486	0.004540	0.005675	0.007946	0.054484	0.018161	0.019296	0.059024	0.024972	0.015891	0.012486	0.030647	0.037457	0.014756	0.017026	0.054484	
0.030647	0.014756	0.017026	0.022701	0.015891	0.003405	0.011351	0.004540	0.009081	0.010216	0.004540	0.009081	0.028377	0.007946	0.013621	0.023837	0.048808	0.029512	0.026107	0.040863	0.012486	0.006810	0.017026	0.010216	0.013621	0.017026	0.007946	0.014756	0.034052	0.012486	0.026107	0.056754	0.019296	0.010216	0.010216	0.027242	0.013621	0.003405	0.005675	0.010216	0.003405	0.011351	0.004540	0.010216	0.015891	0.002270	0.009081	0.030647	0.030647	0.023837	0.012486	0.022701	0.013621	0.006810	0.007946	0.009081	0.010216	0.014756	0.009081	0.006810	0.029512	0.009081	0.022701	0.054484	
0.036322	0.015891	0.015891	0.061294	0.014756	0.031782	0.022701	0.009081	0.013621	0.022701	0.015891	0.013621	0.018161	0.048808	0.006810	0.039728	0.012486	0.018161	0.003405	0.021566	0.011351	0.004540	0.003405	0.001135	0.007946	0.021566	0.003405	0.009081	0.001135	0.011351	0.012486	0.009081	0.011351	0.010216	0.004540	0.010216	0.010216	0.023837	0.013621	0.005675	0.004540	0.007946	0.004540	0.009081	0.003405	0.011351	0.013621	0.012486	0.057889	0.026107	0.011351	0.012486	0.001135	0.013621	0.010216	0.006810	0.010216	0.032917	0.013621	0.014756	0.001135	0.066969	0.036322	0.061294	
0.044268	0.020431	0.020431	0.032917	0.026107	0.010216	0.007946	0.026107	0.009081	0.009081	0.002270	0.014756	0.030647	0.028377	0.011351	0.035187	0.018161	0.004540	0.001135	0.013621	0.026107	0.013621	0.013621	0.020431	0.012486	0.010216	0.007946	0.019296	0.007946	0.004540	0.003405	0.006810	0.013621	0.004540	0.005675	0.012486	0.031782	0.011351	0.006810	0.035187	0.011351	0.009081	0.007946	0.009081	0.013621	0.006810	0.014756	0.011351	0.017026	0.001135	0.003405	0.002270	0.043133	0.014756	0.021566	0.059024	0.026107	0.015891	0.009081	0.018161	0.038593	0.023837	0.010216	0.049943	
0.022701	0.024972	0.014756	0.030647	0.010216	0.005675	0.009081	0.005675	0.007946	0.010216	0.005675	0.006810	0.017026	0.004540	0.007946	0.031782	0.040863	0.024972	0.017026	0.044268	0.012486	0.009081	0.015891	0.012486	0.010216	0.013621	0.010216	0.015891	0.038593	0.009081	0.027242	0.065834	0.018161	0.007946	0.013621	0.019296	0.020431	0.003405	0.009081	0.011351	0.004540	0.012486	0.003405	0.006810	0.012486	0.001135	0.012486	0.035187	0.026107	0.020431	0.020431	0.023837	0.026107	0.014756	0.010216	0.012486	0.014756	0.009081	0.007946	0.007946	0.024972	0.013621	0.019296	0.045403	
0.021566	0.012486	0.017026	0.056754	0.007946	0.032917	0.024972	0.012486	0.012486	0.020431	0.019296	0.013621	0.028377	0.038593	0.015891	0.035187	0.020431	0.020431	0.007946	0.020431	0.017026	0.009081	0.004540	0.002270	0.002270	0.020431	0.007946	0.013621	0.001135	0.012486	0.012486	0.015891	0.011351	0.006810	0.005675	0.013621	0.005675	0.020431	0.002270	0.017026	0.004540	0.010216	0.001135	0.011351	0.007946	0.011351	0.009081	0.009081	0.045403	0.028377	0.006810	0.012486	0.001135	0.012486	0.010216	0.004540	0.011351	0.019296	0.014756	0.021566	0.001135	0.061294	0.046538	0.069240	
0.026107	0.015891	0.017026	0.039728	0.021566	0.015891	0.007946	0.022701	0.012486	0.011351	0.003405	0.010216	0.030647	0.022701	0.014756	0.035187	0.018161	0.003405	0.002270	0.007946	0.028377	0.010216	0.012486	0.023837	0.019296	0.005675	0.004540	0.012486	0.010216	0.004540	0.005675	0.015891	0.015891	0.002270	0.003405	0.009081	0.034052	0.006810	0.012486	0.017026	0.015891	0.012486	0.005675	0.009081	0.010216	0.009081	0.014756	0.026107	0.014756	0.003405	0.009081	0.011351	0.047673	0.018161	0.012486	0.045403	0.028377	0.012486	0.012486	0.030647	0.045403	0.014756	0.017026	0.052213	
0.028377	0.015891	0.013621	0.017026	0.009081	0.005675	0.006810	0.003405	0.009081	0.009081	0.007946	0.005675	0.018161	0.007946	0.012486	0.029512	0.040863	0.026107	0.026107	0.038593	0.022701	0.017026	0.009081	0.002270	0.007946	0.012486	0.007946	0.017026	0.019296	0.011351	0.020431	0.057889	0.021566	0.006810	0.011351	0.036322	0.018161	0.004540	0.005675	0.013621	0.005675	0.006810	0.005675	0.007946	0.009081	0.006810	0.015891	0.030647	0.038593	0.010216	0.015891	0.031782	0.021566	0.009081	0.012486	0.007946	0.015891	0.015891	0.010216	0.010216	0.037457	0.010216	0.030647	0.051078	
0.034052	0.011351	0.019296	0.064699	0.011351	0.017026	0.017026	0.013621	0.014756	0.015891	0.013621	0.022701	0.030647	0.044268	0.014756	0.034052	0.017026	0.028377	0.005675	0.020431	0.015891	0.009081	0.007946	0.003405	0.004540	0.015891	0.005675	0.007946	0.001135	0.006810	0.009081	0.010216	0.012486	0.009081	0.004540	0.012486	0.006810	0.015891	0.011351	0.010216	0.004540	0.006810	0.005675	0.014756	0.007946	0.007946	0.007946	0.017026	0.037457	0.020431	0.015891	0.010216	0.001135	0.015891	0.010216	0.009081	0.011351	0.036322	0.015891	0.015891	0.001135	0.071510	0.043133	0.053348	
0.036322	0.014756	0.014756	0.035187	0.023837	0.012486	0.006810	0.026107	0.010216	0.015891	0.005675	0.013621	0.037457	0.013621	0.018161	0.038593	0.017026	0.004540	0.007946	0.005675	0.020431	0.007946	0.015891	0.013621	0.015891	0.013621	0.004540	0.012486	0.009081	0.002270	0.009081	0.015891	0.011351	0.002270	0.006810	0.014756	0.029512	0.012486	0.006810	0.026107	0.011351	0.009081	0.004540	0.015891	0.017026	0.006810	0.010216	0.027242	0.015891	0.006810	0.009081	0.009081	0.054484	0.013621	0.017026	0.045403	0.020431	0.020431	0.005675	0.028377	0.038593	0.022701	0.012486	0.040863	
0.031782	0.012486	0.015891	0.020431	0.009081	0.002270	0.007946	0.009081	0.011351	0.007946	0.009081	0.010216	0.013621	0.004540	0.018161	0.028377	0.040863	0.028377	0.021566	0.037457	0.014756	0.010216	0.015891	0.005675	0.011351	0.011351	0.005675	0.018161	0.027242	0.003405	0.023837	0.056754	0.018161	0.011351	0.006810	0.021566	0.020431	0.010216	0.007946	0.020431	0.003405	0.006810	0.003405	0.006810	0.012486	0.006810	0.015891	0.035187	0.024972	0.020431	0.011351	0.045403	0.019296	0.002270	0.012486	0.011351	0.012486	0.020431	0.007946	0.009081	0.037457	0.012486	0.023837	0.048808	
0.028377	0.020431	0.018161	0.048808	0.011351	0.019296	0.024972	0.017026	0.014756	0.019296	0.003405	0.018161	0.023837	0.047673	0.011351	0.041998	0.023837	0.012486	0.003405	0.023837	0.017026	0.003405	0.001135	0.003405	0.004540	0.022701	0.004540	0.012486	0.001135	0.011351	0.013621	0.020431	0.007946	0.007946	0.009081	0.013621	0.007946	0.023837	0.009081	0.005675	0.004540	0.010216	0.003405	0.007946	0.010216	0.009081	0.010216	0.014756	0.052213	0.020431	0.009081	0.009081	0.001135	0.012486	0.007946	0.005675	0.007946	0.039728	0.015891	0.018161	0.001135	0.059024	0.039728	0.069240	
0.040863	0.009081	0.024972	0.037457	0.023837	0.006810	0.013621	0.017026	0.007946	0.009081	0.005675	0.017026	0.031782	0.017026	0.015891	0.030647	0.013621	0.004540	0.007946	0.011351	0.023837	0.009081	0.009081	0.017026	0.015891	0.005675	0.004540	0.017026	0.007946	0.003405	0.005675	0.014756	0.010216	0.002270	0.004540	0.014756	0.034052	0.015891	0.014756	0.027242	0.005675	0.009081	0.002270	0.010216	0.014756	0.005675	0.011351	0.024972	0.019296	0.002270	0.005675	0.009081	0.052213	0.011351	0.018161	0.045403	0.022701	0.020431	0.013621	0.018161	0.044268	0.021566	0.030647	0.049943	
0.026107	0.020431	0.013621	0.023837	0.003405	0.005675	0.003405	0.005675	0.010216	0.014756	0.010216	0.007946	0.020431	0.002270	0.012486	0.037457	0.045403	0.020431	0.022701	0.045403	0.023837	0.003405	0.009081	0.006810	0.019296	0.011351	0.013621	0.011351	0.020431	0.006810	0.022701	0.056754	0.015891	0.011351	0.009081	0.015891	0.011351	0.006810	0.012486	0.013621	0.005675	0.009081	0.007946	0.003405	0.017026	0.003405	0.011351	0.030647	0.028377	0.019296	0.015891	0.035187	0.017026	0.005675	0.013621	0.011351	0.026107	0.018161	0.011351	0.007946	0.027242	0.015891	0.024972	0.052213	
0.027242	0.027242	0.015891	0.045403	0.003405	0.029512	0.019296	0.019296	0.013621	0.024972	0.010216	0.012486	0.030647	0.038593	0.007946	0.043133	0.012486	0.014756	0.006810	0.021566	0.012486	0.006810	0.001135	0.001135	0.005675	0.015891	0.005675	0.011351	0.001135	0.015891	0.009081	0.011351	0.017026	0.010216	0.011351	0.022701	0.004540	0.023837	0.010216	0.014756	0.006810	0.012486	0.004540	0.019296	0.004540	0.009081	0.010216	0.006810	0.052213	0.017026	0.010216	0.005675	0.001135	0.013621	0.007946	0.005675	0.015891	0.030647	0.010216	0.014756	0.001135	0.053348	0.049943	0.072645	
0.040863	0.011351	0.014756	0.041998	0.024972	0.012486	0.011351	0.020431	0.012486	0.011351	0.007946	0.012486	0.040863	0.011351	0.014756	0.028377	0.010216	0.004540	0.002270	0.004540	0.029512	0.009081	0.007946	0.027242	0.014756	0.006810	0.006810	0.010216	0.010216	0.006810	0.003405	0.020431	0.017026	0.007946	0.003405	0.013621	0.029512	0.013621	0.013621	0.027242	0.011351	0.004540	0.003405	0.011351	0.018161	0.011351	0.006810	0.021566	0.022701	0.003405	0.004540	0.006810	0.052213	0.013621	0.010216	0.040863	0.019296	0.021566	0.014756	0.021566	0.045403	0.014756	0.019296	0.054484	
0.026107	0.014756	0.018161	0.031782	0.011351	0.001135	0.009081	0.005675	0.007946	0.007946	0.005675	0.003405	0.027242	0.010216	0.006810	0.022701	0.053348	0.019296	0.019296	0.044268	0.017026	0.010216	0.010216	0.011351	0.004540	0.015891	0.010216	0.012486	0.030647	0.004540	0.023837	0.056754	0.019296	0.010216	0.006810	0.021566	0.015891	0.003405	0.015891	0.009081	0.006810	0.010216	0.003405	0.012486	0.013621	0.002270	0.012486	0.027242	0.036322	0.021566	0.015891	0.040863	0.026107	0.003405	0.009081	0.005675	0.013621	0.006810	0.013621	0.010216	0.032917	0.005675	0.034052	0.052213	
0.037457	0.024972	0.023837	0.048808	0.007946	0.027242	0.023837	0.006810	0.018161	0.020431	0.006810	0.014756	0.021566	0.055619	0.023837	0.037457	0.027242	0.009081	0.011351	0.022701	0.006810	0.006810	0.002270	0.002270	0.010216	0.017026	0.007946	0.009081	0.001135	0.014756	0.007946	0.007946	0.015891	0.004540	0.003405	0.009081	0.001135	0.018161	0.015891	0.005675	0.005675	0.014756	0.003405	0.009081	0.010216	0.006810	0.003405	0.018161	0.056754	0.029512	0.007946	0.010216	0.001135	0.010216	0.004540	0.006810	0.014756	0.036322	0.014756	0.011351	0.001135	0.057889	0.039728	0.060159	
0.049943	0.023837	0.020431	0.043133	0.023837	0.014756	0.014756	0.014756	0.014756	0.012486	0.004540	0.014756	0.029512	0.019296	0.009081	0.032917	0.005675	0.001135	0.002270	0.007946	0.021566	0.005675	0.012486	0.022701	0.021566	0.006810	0.002270	0.015891	0.010216	0.002270	0.003405	0.005675	0.022701	0.002270	0.006810	0.017026	0.031782	0.015891	0.010216	0.030647	0.006810	0.005675	0.007946	0.012486	0.009081	0.009081	0.007946	0.018161	0.015891	0.005675	0.004540	0.007946	0.054484	0.010216	0.019296	0.051078	0.017026	0.014756	0.018161	0.024972	0.041998	0.021566	0.019296	0.040863	
0.032917	0.023837	0.012486	0.024972	0.012486	0.004540	0.007946	0.007946	0.006810	0.007946	0.006810	0.012486	0.019296	0.001135	0.017026	0.038593	0.040863	0.022701	0.022701	0.045403	0.018161	0.007946	0.013621	0.006810	0.013621	0.017026	0.013621	0.012486	0.024972	0.005675	0.027242	0.061294	0.021566	0.011351	0.011351	0.015891	0.006810	0.007946	0.010216	0.014756	0.010216	0.005675	0.010216	0.006810	0.022701	0.002270	0.011351	0.031782	0.030647	0.011351	0.010216	0.038593	0.024972	0.009081	0.007946	0.010216	0.010216	0.010216	0.009081	0.010216	0.029512	0.009081	0.020431	0.038593	
0.036322	0.024972	0.018161	0.046538	0.005675	0.015891	0.029512	0.018161	0.012486	0.019296	0.010216	0.014756	0.019296	0.051078	0.017026	0.037457	0.014756	0.023837	0.006810	0.017026	0.018161	0.007946	0.001135	0.002270	0.005675	0.017026	0.007946	0.009081	0.001135	0.011351	0.011351	0.015891	0.013621	0.007946	0.003405	0.015891	0.005675	0.021566	0.004540	0.009081	0.004540	0.011351	0.003405	0.020431	0.012486	0.010216	0.005675	0.013621	0.049943	0.022701	0.011351	0.012486	0.001135	0.007946	0.005675	0.003405	0.020431	0.019296	0.019296	0.017026	0.001135	0.053348	0.049943	0.065834	
0.045403	0.017026	0.019296	0.032917	0.027242	0.004540	0.018161	0.029512	0.011351	0.011351	0.005675	0.011351	0.028377	0.011351	0.014756	0.037457	0.012486	0.005675	0.005675	0.006810	0.031782	0.005675	0.005675	0.010216	0.014756	0.007946	0.007946	0.010216	0.011351	0.002270	0.004540	0.014756	0.015891	0.009081	0.003405	0.014756	0.027242	0.013621	0.009081	0.017026	0.017026	0.006810	0.002270	0.014756	0.012486	0.013621	0.006810	0.028377	0.021566	0.002270	0.003405	0.006810	0.048808	0.018161	0.011351	0.047673	0.026107	0.015891	0.015891	0.026107	0.056754	0.021566	0.013621	0.040863	
0.038593	0.018161	0.014756	0.023837	0.010216	0.010216	0.002270	0.011351	0.010216	0.012486	0.004540	0.004540	0.014756	0.009081	0.011351	0.026107	0.048808	0.023837	0.019296	0.043133	0.024972	0.005675	0.006810	0.004540	0.012486	0.018161	0.003405	0.010216	0.015891	0.019296	0.020431	0.048808	0.023837	0.011351	0.010216	0.023837	0.014756	0.004540	0.010216	0.012486	0.007946	0.012486	0.005675	0.005675	0.021566	0.004540	0.010216	0.026107	0.040863	0.018161	0.018161	0.031782	0.020431	0.005675	0.014756	0.007946	0.012486	0.014756	0.004540	0.007946	0.024972	0.018161	0.034052	0.044268	
0.035187	0.030647	0.019296	0.066969	0.010216	0.020431	0.021566	0.019296	0.019296	0.014756	0.009081	0.019296	0.027242	0.039728	0.009081	0.046538	0.018161	0.014756	0.010216	0.027242	0.014756	0.004540	0.003405	0.003405	0.004540	0.013621	0.009081	0.006810	0.001135	0.014756	0.006810	0.013621	0.015891	0.006810	0.003405	0.017026	0.005675	0.024972	0.015891	0.011351	0.002270	0.006810	0.001135	0.007946	0.006810	0.006810	0.006810	0.007946	0.047673	0.013621	0.011351	0.004540	0.001135	0.020431	0.020431	0.009081	0.015891	0.031782	0.014756	0.013621	0.001135	0.057889	0.035187	0.051078	
