>NC_010611
0.000557	0.000557	0.000557	0.000557	0.000557	0.000557	0.000557	0.000557	0.000557	0.000557	0.000557	0.000557	0.000557	0.000557	0.000557	0.000557	0.000557	0.000557	0.000557	0.000557	0.000557	0.000557	0.000557	0.000557	0.000557	0.000557	0.000557	0.000557	0.107581	0.000557	0.000557	0.000557	0.000557	0.000557	0.000557	0.000557	0.000557	0.000557	0.000557	0.000557	0.000557	0.000557	0.000557	0.000557	0.000557	0.000557	0.000557	0.000557	0.000557	0.000557	0.000557	0.000557	0.133779	0.000557	0.000557	0.000557	0.000557	0.000557	0.000557	0.000557	0.760312	0.000557	0.000557	0.000557	
0.000557	0.000557	0.000557	0.000557	0.000557	0.000557	0.000557	0.000557	0.000557	0.000557	0.000557	0.000557	0.000557	0.000557	0.000557	0.000557	0.039019	0.021182	0.022297	0.052954	0.000557	0.000557	0.000557	0.000557	0.000557	0.000557	0.000557	0.000557	0.000557	0.000557	0.000557	0.000557	0.000557	0.000557	0.000557	0.000557	0.000557	0.000557	0.000557	0.000557	0.000557	0.000557	0.000557	0.000557	0.000557	0.000557	0.000557	0.000557	0.352285	0.111483	0.139911	0.265329	0.000557	0.000557	0.000557	0.000557	0.000557	0.000557	0.000557	0.000557	0.000557	0.000557	0.000557	0.000557	
0.124303	0.051839	0.098662	0.117614	0.039576	0.020624	0.014493	0.059086	0.051839	0.039019	0.023411	0.049052	0.047938	0.026756	0.068562	0.176143	0.000557	0.000557	0.000557	0.000557	0.000557	0.000557	0.000557	0.000557	0.000557	0.000557	0.000557	0.000557	0.000557	0.000557	0.000557	0.000557	0.000557	0.000557	0.000557	0.000557	0.000557	0.000557	0.000557	0.000557	0.000557	0.000557	0.000557	0.000557	0.000557	0.000557	0.000557	0.000557	0.000557	0.000557	0.000557	0.000557	0.000557	0.000557	0.000557	0.000557	0.000557	0.000557	0.000557	0.000557	0.000557	0.000557	0.000557	0.000557	
0.042363	0.031215	0.021739	0.030658	0.004459	0.017837	0.013935	0.017280	0.023969	0.044593	0.018395	0.013378	0.017837	0.028428	0.030100	0.042921	0.010033	0.012263	0.005017	0.013935	0.010033	0.006689	0.001672	0.003902	0.003902	0.006132	0.003902	0.002230	0.000557	0.018395	0.010591	0.031215	0.022854	0.006689	0.006132	0.017837	0.005017	0.011148	0.013935	0.010591	0.003902	0.011148	0.004459	0.005574	0.006689	0.011148	0.012263	0.020624	0.016722	0.009476	0.016165	0.007246	0.000557	0.009476	0.006132	0.012263	0.020067	0.032887	0.012821	0.004459	0.000557	0.044593	0.037347	0.095318	
0.044593	0.018395	0.011148	0.017837	0.021739	0.011148	0.008919	0.017837	0.016722	0.009476	0.008919	0.013935	0.021182	0.016165	0.008361	0.023969	0.006689	0.005574	0.002230	0.005574	0.012263	0.008919	0.007246	0.016722	0.010591	0.008361	0.007804	0.008919	0.007246	0.010591	0.005574	0.020624	0.018952	0.010033	0.010591	0.012263	0.032330	0.015608	0.016722	0.030100	0.011148	0.012263	0.002787	0.013378	0.003902	0.006132	0.002787	0.012821	0.010591	0.004459	0.005574	0.005017	0.042921	0.012263	0.009476	0.037904	0.039019	0.020067	0.008919	0.022297	0.054069	0.035117	0.023411	0.077480	
0.020067	0.019509	0.017280	0.023969	0.008361	0.006689	0.003902	0.019509	0.008919	0.006689	0.003344	0.010591	0.005017	0.005017	0.011148	0.019509	0.027871	0.015608	0.025084	0.040691	0.013935	0.005017	0.007246	0.021739	0.011148	0.011706	0.007246	0.012263	0.016722	0.008361	0.026756	0.050725	0.017280	0.011706	0.018952	0.029543	0.015608	0.005017	0.010591	0.018952	0.005017	0.010033	0.005574	0.007804	0.009476	0.006132	0.018395	0.024526	0.023969	0.016165	0.016165	0.030100	0.028428	0.010033	0.009476	0.020067	0.008919	0.010033	0.009476	0.011706	0.028986	0.009476	0.032887	0.063545	
0.023411	0.024526	0.008919	0.032330	0.005017	0.021182	0.020067	0.016722	0.020067	0.026756	0.010033	0.020624	0.021739	0.036232	0.017280	0.049052	0.019509	0.020067	0.004459	0.022297	0.011706	0.007246	0.003344	0.004459	0.007246	0.009476	0.006132	0.008361	0.000557	0.022854	0.022854	0.034002	0.011148	0.006132	0.006132	0.010591	0.005017	0.009476	0.008361	0.015608	0.001672	0.012263	0.002230	0.009476	0.007246	0.005017	0.010591	0.019509	0.032330	0.009476	0.007804	0.010591	0.000557	0.015050	0.003902	0.009476	0.022297	0.033445	0.010591	0.022854	0.000557	0.045708	0.038462	0.073579	
0.034002	0.016165	0.011706	0.023969	0.016165	0.013378	0.008361	0.022297	0.009476	0.005574	0.002787	0.009476	0.022854	0.015050	0.011148	0.026756	0.006689	0.003902	0.006132	0.005574	0.020624	0.008919	0.007246	0.016165	0.010591	0.006689	0.006132	0.012263	0.011706	0.005017	0.010033	0.019509	0.020067	0.007804	0.007804	0.015608	0.033445	0.010033	0.007804	0.030658	0.007246	0.005574	0.004459	0.011706	0.022297	0.010591	0.007246	0.021182	0.012821	0.001115	0.005574	0.010591	0.042363	0.015608	0.015050	0.036789	0.034002	0.014493	0.015050	0.025641	0.065775	0.032330	0.020624	0.057414	
0.014493	0.013935	0.019509	0.025641	0.008361	0.003344	0.003344	0.013935	0.009476	0.009476	0.005574	0.006689	0.012263	0.006132	0.012263	0.025084	0.037904	0.018395	0.031215	0.025084	0.016722	0.006689	0.007246	0.017280	0.012821	0.007246	0.007246	0.011148	0.025084	0.015050	0.024526	0.041249	0.020067	0.010591	0.013935	0.016722	0.008919	0.007246	0.003344	0.012821	0.007804	0.004459	0.007246	0.008919	0.016722	0.004459	0.012821	0.025084	0.046265	0.018952	0.021182	0.036232	0.022854	0.008919	0.012263	0.018952	0.013935	0.009476	0.012263	0.013378	0.036232	0.009476	0.027871	0.051282	
0.037904	0.022854	0.019509	0.038462	0.007246	0.021182	0.018952	0.014493	0.021182	0.023969	0.018952	0.021739	0.027313	0.027871	0.017280	0.031215	0.019509	0.011148	0.006132	0.020067	0.013378	0.010033	0.001115	0.001672	0.007804	0.007246	0.005574	0.005574	0.000557	0.022854	0.015608	0.023969	0.013378	0.008919	0.006689	0.015050	0.005017	0.010591	0.005017	0.010033	0.006132	0.008919	0.005017	0.012263	0.008361	0.011148	0.006132	0.014493	0.040134	0.021739	0.010033	0.018395	0.000557	0.015608	0.007804	0.011148	0.017837	0.022854	0.013935	0.022854	0.000557	0.037347	0.039019	0.065775	
0.041806	0.014493	0.011706	0.042921	0.023969	0.017280	0.003902	0.019509	0.011148	0.011706	0.006132	0.013378	0.029543	0.019509	0.008919	0.034002	0.007804	0.006132	0.003902	0.008361	0.017280	0.011148	0.006689	0.022297	0.015608	0.006132	0.004459	0.007246	0.011706	0.010033	0.005017	0.010591	0.017280	0.007246	0.004459	0.023969	0.017280	0.015050	0.007246	0.023411	0.014493	0.009476	0.005574	0.013935	0.016165	0.012821	0.009476	0.023969	0.010591	0.004459	0.007246	0.014493	0.037347	0.017280	0.010591	0.034002	0.025084	0.019509	0.010033	0.023411	0.042363	0.023969	0.015608	0.053512	
0.026756	0.015050	0.017280	0.018395	0.011706	0.003902	0.002787	0.013935	0.003902	0.006689	0.005574	0.011148	0.021739	0.009476	0.017280	0.041249	0.027313	0.014493	0.021739	0.032330	0.017280	0.008361	0.008361	0.026756	0.005574	0.004459	0.008361	0.010033	0.020624	0.010591	0.016165	0.051839	0.013935	0.009476	0.014493	0.028428	0.013935	0.003344	0.005574	0.023969	0.005017	0.006689	0.002230	0.012263	0.010591	0.005574	0.015050	0.026756	0.034002	0.021182	0.014493	0.030100	0.023411	0.011148	0.012263	0.019509	0.011148	0.006132	0.009476	0.012263	0.025641	0.007804	0.027871	0.060758	
0.030100	0.021182	0.015608	0.035117	0.006689	0.019509	0.018952	0.015050	0.009476	0.021182	0.017280	0.020067	0.032330	0.031773	0.012263	0.032887	0.020067	0.016722	0.005017	0.024526	0.008919	0.010033	0.002230	0.005574	0.004459	0.011706	0.005017	0.007804	0.000557	0.030100	0.021739	0.031773	0.006689	0.002787	0.005017	0.011148	0.001115	0.006689	0.007804	0.008361	0.002230	0.012821	0.003344	0.007246	0.008919	0.011706	0.007804	0.017280	0.040691	0.016165	0.008919	0.012821	0.000557	0.013935	0.007804	0.011148	0.018395	0.027871	0.017837	0.012263	0.000557	0.052954	0.038462	0.088629	
0.036789	0.017280	0.013935	0.029543	0.017837	0.011148	0.007804	0.020067	0.008919	0.010033	0.005017	0.010591	0.030658	0.018395	0.008919	0.025641	0.007246	0.001115	0.003344	0.005574	0.022854	0.014493	0.003344	0.009476	0.011148	0.007804	0.008919	0.008919	0.010591	0.010033	0.005574	0.013935	0.015608	0.004459	0.005574	0.008919	0.027313	0.013378	0.006689	0.026198	0.016722	0.005017	0.005574	0.016165	0.012821	0.008361	0.007804	0.018395	0.017837	0.005017	0.006689	0.012821	0.053512	0.016165	0.012821	0.044036	0.030100	0.020067	0.007246	0.022854	0.051839	0.032887	0.017280	0.068562	
0.025641	0.015608	0.019509	0.016722	0.008361	0.003344	0.006132	0.010033	0.006689	0.008361	0.005574	0.008919	0.015608	0.006689	0.010033	0.024526	0.046823	0.017837	0.025084	0.031773	0.022297	0.008919	0.007804	0.016165	0.006689	0.009476	0.006132	0.008361	0.027871	0.008361	0.018952	0.044593	0.016165	0.012821	0.013378	0.024526	0.012263	0.005574	0.008361	0.016722	0.004459	0.009476	0.004459	0.008361	0.018952	0.004459	0.012821	0.022297	0.040134	0.019509	0.012263	0.034002	0.026756	0.008361	0.012821	0.021739	0.012821	0.009476	0.005574	0.011706	0.031215	0.006689	0.025084	0.063545	
0.034002	0.028986	0.020067	0.045708	0.008361	0.019509	0.021182	0.016722	0.012263	0.028428	0.015050	0.014493	0.022854	0.032887	0.015608	0.035674	0.026756	0.012821	0.005017	0.025084	0.012821	0.006689	0.003344	0.003344	0.008361	0.007804	0.009476	0.009476	0.000557	0.020624	0.021182	0.022297	0.009476	0.007804	0.005017	0.008361	0.006132	0.012263	0.008361	0.010033	0.001115	0.010033	0.002230	0.008361	0.006132	0.013935	0.005574	0.011706	0.049052	0.018952	0.012821	0.012821	0.000557	0.009476	0.007804	0.008361	0.012821	0.023969	0.016165	0.013935	0.000557	0.045151	0.044036	0.065217	
0.051282	0.020624	0.017280	0.030100	0.026756	0.017280	0.008361	0.016165	0.014493	0.008361	0.005017	0.015050	0.023969	0.018952	0.015050	0.034002	0.012263	0.003902	0.005574	0.006132	0.018952	0.004459	0.008919	0.015608	0.013378	0.005017	0.008361	0.013935	0.010591	0.006689	0.003902	0.017280	0.011706	0.002787	0.005574	0.014493	0.028428	0.012263	0.003902	0.025641	0.016722	0.006132	0.007246	0.012821	0.014493	0.008919	0.006132	0.016722	0.010033	0.005017	0.005574	0.009476	0.041806	0.014493	0.021182	0.035117	0.032330	0.018952	0.008919	0.026198	0.047938	0.022297	0.015608	0.049052	
0.026198	0.015050	0.019509	0.024526	0.010033	0.005574	0.003344	0.013378	0.008361	0.006132	0.005017	0.014493	0.016165	0.008919	0.014493	0.020624	0.036232	0.018952	0.032887	0.027871	0.017837	0.008919	0.007246	0.014493	0.014493	0.008361	0.006689	0.012821	0.025641	0.008361	0.015608	0.042921	0.030658	0.008919	0.013935	0.023411	0.012821	0.005017	0.003344	0.017280	0.006132	0.006132	0.004459	0.012821	0.017837	0.005017	0.016722	0.028428	0.030100	0.022854	0.012821	0.031215	0.022297	0.007804	0.010591	0.016165	0.009476	0.010591	0.008919	0.011706	0.031215	0.007804	0.026198	0.051839	
0.029543	0.032887	0.019509	0.041249	0.007804	0.023969	0.018952	0.015050	0.013935	0.028428	0.012263	0.024526	0.026198	0.028428	0.017837	0.034560	0.017837	0.013935	0.007246	0.023969	0.012821	0.007246	0.005017	0.002230	0.003902	0.007804	0.007246	0.005574	0.000557	0.020067	0.023411	0.017280	0.014493	0.006689	0.007804	0.009476	0.002787	0.011148	0.012263	0.005017	0.005017	0.007246	0.004459	0.008361	0.012263	0.013935	0.008919	0.016722	0.052954	0.017280	0.010591	0.010033	0.000557	0.011706	0.007246	0.010591	0.019509	0.024526	0.017280	0.011706	0.000557	0.042921	0.032330	0.068004	
0.045151	0.013935	0.024526	0.031215	0.023411	0.013378	0.010033	0.023969	0.008919	0.018395	0.003344	0.014493	0.023969	0.012821	0.013378	0.034560	0.008919	0.005017	0.003902	0.006132	0.020624	0.008919	0.007246	0.017280	0.013378	0.008919	0.009476	0.011706	0.011706	0.005017	0.003902	0.012263	0.017837	0.006132	0.007804	0.010591	0.028428	0.004459	0.006689	0.028428	0.011148	0.010591	0.006132	0.013378	0.016165	0.008919	0.007246	0.017837	0.013935	0.006132	0.005574	0.013935	0.045151	0.009476	0.014493	0.036232	0.028428	0.016165	0.013935	0.023969	0.042921	0.021739	0.014493	0.057414	
0.027313	0.015608	0.018952	0.023969	0.011148	0.005574	0.003344	0.011148	0.008919	0.015050	0.004459	0.013378	0.016722	0.004459	0.011706	0.028986	0.039576	0.021739	0.027871	0.028428	0.013378	0.006132	0.007804	0.008919	0.015050	0.009476	0.007246	0.006689	0.025084	0.006689	0.026756	0.047380	0.019509	0.012263	0.013378	0.016722	0.016165	0.007246	0.009476	0.021182	0.012263	0.005574	0.004459	0.010591	0.016722	0.003344	0.012263	0.031215	0.037904	0.012821	0.017837	0.026198	0.025084	0.005574	0.010591	0.007246	0.010591	0.008361	0.007246	0.012821	0.039576	0.009476	0.019509	0.053512	
0.038462	0.022297	0.018395	0.045151	0.008361	0.018952	0.021739	0.013378	0.016722	0.029543	0.013378	0.018395	0.021739	0.032887	0.016165	0.024526	0.025641	0.011148	0.007804	0.021182	0.015050	0.005017	0.002787	0.001672	0.004459	0.009476	0.008361	0.008919	0.000557	0.015050	0.016165	0.016722	0.013935	0.007804	0.009476	0.015608	0.006132	0.010591	0.011706	0.010033	0.002787	0.005574	0.005017	0.010033	0.011148	0.010033	0.006132	0.016165	0.054069	0.020067	0.012263	0.011706	0.000557	0.006132	0.007804	0.009476	0.012263	0.025641	0.015050	0.017280	0.000557	0.050725	0.048495	0.061315	
0.057414	0.022297	0.017837	0.034560	0.021739	0.009476	0.006132	0.023969	0.013378	0.013935	0.005017	0.015608	0.035117	0.015050	0.012263	0.031215	0.012821	0.002230	0.006689	0.008361	0.015050	0.006132	0.006132	0.013378	0.015050	0.007804	0.010033	0.011148	0.011148	0.005574	0.005017	0.012821	0.014493	0.002787	0.006689	0.012263	0.027871	0.009476	0.006132	0.026756	0.012263	0.006689	0.006132	0.016722	0.013378	0.012263	0.004459	0.024526	0.015050	0.004459	0.006689	0.007804	0.043478	0.010591	0.018952	0.035674	0.028428	0.019509	0.007804	0.031215	0.040691	0.017280	0.015608	0.045151	
0.025641	0.020067	0.022297	0.031773	0.007246	0.003902	0.004459	0.016165	0.003902	0.010591	0.005574	0.017837	0.013935	0.006132	0.011148	0.031773	0.034002	0.021739	0.025641	0.026756	0.015608	0.005574	0.008361	0.006132	0.015050	0.007804	0.005017	0.009476	0.021739	0.008361	0.020624	0.049052	0.020624	0.011148	0.016722	0.020624	0.011148	0.006689	0.007804	0.022297	0.004459	0.005574	0.004459	0.014493	0.022854	0.010033	0.014493	0.027313	0.034002	0.021182	0.012263	0.032887	0.017280	0.010591	0.008361	0.013935	0.013378	0.006132	0.007246	0.010591	0.026198	0.007804	0.027313	0.052397	
0.028986	0.018395	0.017280	0.049610	0.005017	0.037347	0.023969	0.007804	0.010033	0.034560	0.015608	0.016722	0.028428	0.041806	0.015050	0.026756	0.016165	0.012263	0.007804	0.015050	0.013935	0.007246	0.002230	0.003344	0.004459	0.011148	0.007246	0.006132	0.000557	0.021182	0.022297	0.014493	0.009476	0.006689	0.007246	0.013378	0.003902	0.013378	0.006689	0.006132	0.002787	0.008361	0.000557	0.010591	0.010591	0.016165	0.007246	0.018395	0.044593	0.017280	0.012263	0.010591	0.000557	0.012263	0.008919	0.010591	0.011706	0.029543	0.016165	0.016165	0.000557	0.047938	0.044593	0.067447	
0.043478	0.010033	0.022854	0.022854	0.019509	0.010591	0.003344	0.021182	0.010033	0.013378	0.005574	0.015608	0.032887	0.016722	0.013935	0.025084	0.006132	0.003902	0.005574	0.007804	0.027871	0.008919	0.006689	0.026756	0.013378	0.009476	0.006689	0.012263	0.006132	0.005574	0.004459	0.011706	0.011706	0.005574	0.003902	0.007804	0.032330	0.018952	0.007804	0.024526	0.013378	0.007804	0.005017	0.013378	0.015050	0.010033	0.006689	0.017837	0.018395	0.002787	0.006689	0.012263	0.056856	0.013378	0.011148	0.045708	0.030658	0.018395	0.012263	0.027871	0.034002	0.026198	0.016165	0.050725	
0.031215	0.011706	0.018395	0.018395	0.006132	0.005574	0.002230	0.008361	0.007804	0.011706	0.007246	0.012263	0.011148	0.002787	0.013378	0.023411	0.040134	0.025641	0.028428	0.042363	0.020624	0.006132	0.011148	0.013935	0.011706	0.005574	0.005574	0.006132	0.033445	0.006132	0.024526	0.054069	0.026756	0.011706	0.013935	0.015050	0.013378	0.010033	0.005017	0.020624	0.006132	0.010033	0.005574	0.007804	0.021182	0.003344	0.013378	0.031215	0.023411	0.020067	0.013935	0.030658	0.027871	0.006132	0.013378	0.011148	0.013378	0.008919	0.008361	0.010591	0.023969	0.008919	0.024526	0.047938	
0.026198	0.029543	0.019509	0.046265	0.011706	0.022854	0.023969	0.010591	0.013935	0.031215	0.013378	0.016165	0.024526	0.038462	0.012821	0.030658	0.016722	0.015608	0.007804	0.027871	0.015050	0.007246	0.002787	0.002787	0.007804	0.013378	0.006689	0.003902	0.000557	0.014493	0.024526	0.014493	0.010591	0.010033	0.007246	0.011148	0.003902	0.013935	0.005574	0.012821	0.002230	0.011148	0.001115	0.012263	0.006689	0.011706	0.006689	0.011148	0.049610	0.020624	0.010033	0.009476	0.000557	0.008361	0.005017	0.007246	0.016165	0.030100	0.012821	0.016722	0.000557	0.055741	0.038462	0.061873	
0.047380	0.016722	0.015608	0.023411	0.032330	0.012821	0.010033	0.020624	0.010591	0.011148	0.004459	0.018395	0.034560	0.019509	0.017280	0.023411	0.010591	0.004459	0.005574	0.010591	0.020624	0.004459	0.008361	0.018952	0.013935	0.005574	0.007804	0.010033	0.009476	0.005574	0.005017	0.013378	0.019509	0.005574	0.003344	0.011706	0.035674	0.012263	0.005574	0.032330	0.012821	0.008361	0.004459	0.008361	0.018952	0.005574	0.007246	0.017280	0.013935	0.003902	0.006689	0.007804	0.051839	0.011706	0.013378	0.043478	0.025084	0.020624	0.012821	0.023969	0.036789	0.021739	0.018395	0.041249	
0.031215	0.015050	0.023969	0.021182	0.009476	0.006689	0.003902	0.010591	0.008361	0.008919	0.003902	0.010033	0.013378	0.004459	0.013935	0.021739	0.050725	0.028986	0.028986	0.031773	0.020624	0.004459	0.005574	0.010591	0.012821	0.010033	0.007804	0.006689	0.021739	0.006689	0.027313	0.059643	0.017837	0.011706	0.013935	0.018952	0.016722	0.003902	0.007804	0.017280	0.006689	0.007804	0.006132	0.008919	0.017837	0.003344	0.012821	0.026756	0.037347	0.016722	0.019509	0.026198	0.022854	0.004459	0.010033	0.015050	0.014493	0.011148	0.010591	0.011706	0.024526	0.005574	0.022297	0.042921	
0.039019	0.024526	0.019509	0.054069	0.006132	0.026198	0.026756	0.013378	0.016722	0.040134	0.009476	0.020067	0.018952	0.033445	0.018952	0.026756	0.021739	0.011148	0.004459	0.032330	0.011706	0.004459	0.002230	0.001115	0.002787	0.010591	0.007804	0.006132	0.000557	0.023411	0.015050	0.014493	0.011148	0.010033	0.006689	0.014493	0.004459	0.015050	0.010591	0.008361	0.002787	0.010591	0.002230	0.012821	0.007246	0.010591	0.005574	0.013935	0.043478	0.015608	0.010033	0.008361	0.000557	0.008361	0.005574	0.005574	0.015050	0.025641	0.017837	0.017837	0.000557	0.046823	0.044036	0.059643	
0.050167	0.015608	0.022854	0.026756	0.030658	0.013935	0.003902	0.012821	0.008361	0.015608	0.003902	0.012821	0.040134	0.022297	0.015608	0.031215	0.008361	0.002230	0.005574	0.006689	0.021739	0.009476	0.009476	0.013378	0.019509	0.007246	0.010033	0.008361	0.009476	0.006132	0.005574	0.007246	0.015608	0.005574	0.005574	0.010591	0.039019	0.015050	0.010591	0.022297	0.011706	0.006132	0.006132	0.013378	0.013378	0.010033	0.010591	0.022854	0.007246	0.002787	0.007246	0.010033	0.056856	0.010591	0.014493	0.032330	0.027313	0.015608	0.013935	0.026756	0.041249	0.017837	0.016722	0.039019	
0.024526	0.018952	0.017280	0.020624	0.008361	0.003344	0.003902	0.010591	0.010591	0.012263	0.007246	0.011148	0.013378	0.002787	0.015608	0.022297	0.055741	0.030100	0.028986	0.033445	0.018395	0.008361	0.009476	0.012821	0.007804	0.008361	0.010033	0.012263	0.019509	0.005574	0.019509	0.036232	0.012821	0.014493	0.016165	0.023411	0.007804	0.005574	0.007804	0.023411	0.008361	0.008919	0.004459	0.012263	0.015608	0.003344	0.013378	0.028986	0.035674	0.020624	0.014493	0.033445	0.023969	0.007246	0.010591	0.014493	0.011148	0.011148	0.010591	0.015608	0.023969	0.008361	0.024526	0.043478	
0.035117	0.027871	0.018395	0.047380	0.004459	0.028986	0.039576	0.011148	0.017280	0.023411	0.014493	0.021739	0.028428	0.032330	0.019509	0.030658	0.021182	0.012821	0.008361	0.016165	0.014493	0.004459	0.002787	0.002787	0.005574	0.011706	0.003902	0.010591	0.000557	0.022297	0.018395	0.020067	0.008361	0.005017	0.008361	0.016165	0.005574	0.012263	0.008919	0.013935	0.003344	0.015050	0.003344	0.010591	0.006132	0.018395	0.007804	0.018952	0.041249	0.015050	0.009476	0.006689	0.000557	0.007804	0.005017	0.006689	0.013935	0.029543	0.014493	0.015050	0.000557	0.044036	0.038462	0.047938	
0.043478	0.016722	0.016722	0.028986	0.026198	0.012263	0.006132	0.016165	0.008361	0.015050	0.005017	0.016165	0.026756	0.015050	0.012821	0.031773	0.008919	0.005574	0.006689	0.003902	0.023969	0.005574	0.003902	0.020067	0.015050	0.008361	0.008919	0.023969	0.007246	0.008919	0.009476	0.008919	0.015050	0.007246	0.005574	0.012263	0.036232	0.009476	0.005574	0.028428	0.012263	0.010591	0.003344	0.010033	0.019509	0.010033	0.005017	0.023411	0.018395	0.004459	0.006689	0.006132	0.047938	0.012263	0.014493	0.042363	0.034560	0.017280	0.011148	0.021182	0.035117	0.021739	0.024526	0.036232	
0.031773	0.016165	0.017837	0.020067	0.011706	0.006689	0.006689	0.008919	0.005574	0.010033	0.005017	0.015050	0.014493	0.005017	0.010591	0.021182	0.042921	0.020624	0.031215	0.039576	0.015050	0.007804	0.005017	0.011706	0.008361	0.006132	0.007804	0.007804	0.026198	0.004459	0.031773	0.044593	0.024526	0.011148	0.013378	0.021182	0.016722	0.005574	0.003902	0.025084	0.006689	0.007804	0.004459	0.009476	0.015050	0.008361	0.016722	0.031215	0.026756	0.016165	0.012821	0.032887	0.020624	0.006132	0.011706	0.017280	0.020067	0.010591	0.007804	0.013378	0.027871	0.005017	0.023969	0.043478	
0.023969	0.028986	0.025084	0.047938	0.006132	0.025084	0.020067	0.012821	0.007804	0.028986	0.016165	0.022297	0.026756	0.041806	0.016722	0.028428	0.018395	0.012263	0.007246	0.026198	0.016165	0.006132	0.002230	0.001672	0.004459	0.006689	0.008919	0.007246	0.000557	0.023969	0.016722	0.021739	0.010591	0.008361	0.006689	0.015050	0.004459	0.013935	0.008919	0.007246	0.003902	0.008361	0.003344	0.009476	0.007804	0.021739	0.004459	0.011706	0.040134	0.021739	0.008919	0.012821	0.000557	0.010033	0.006132	0.006132	0.016722	0.032330	0.016722	0.017280	0.000557	0.050725	0.037904	0.051282	
0.039576	0.012263	0.016165	0.025084	0.026756	0.016165	0.007246	0.021182	0.010591	0.015050	0.006689	0.015608	0.028428	0.016722	0.017837	0.039019	0.011148	0.005017	0.004459	0.006689	0.025084	0.006132	0.007246	0.016722	0.011148	0.005017	0.007246	0.013935	0.010591	0.004459	0.004459	0.008361	0.010591	0.003344	0.006132	0.012821	0.032330	0.015050	0.005574	0.023411	0.011706	0.007246	0.006132	0.020067	0.015050	0.007246	0.008919	0.025084	0.015050	0.004459	0.005574	0.010591	0.070234	0.008361	0.016165	0.043478	0.027871	0.018395	0.008361	0.021182	0.034560	0.016722	0.015050	0.046823	
0.022297	0.012263	0.020624	0.021182	0.008361	0.003344	0.002787	0.010591	0.011706	0.008919	0.004459	0.007246	0.013935	0.006132	0.015608	0.019509	0.044593	0.030658	0.036232	0.042921	0.021739	0.008919	0.007246	0.007804	0.007804	0.008361	0.005574	0.014493	0.024526	0.005017	0.023411	0.051839	0.017280	0.016165	0.009476	0.018395	0.012263	0.008361	0.006689	0.018395	0.007246	0.006132	0.008361	0.006689	0.011706	0.004459	0.018952	0.035674	0.029543	0.021739	0.015050	0.022297	0.016722	0.007804	0.010591	0.010033	0.017280	0.009476	0.008919	0.010591	0.034002	0.008361	0.023969	0.052954	
0.028428	0.025641	0.016165	0.043478	0.010033	0.029543	0.030100	0.011148	0.012821	0.040691	0.013378	0.014493	0.023969	0.040691	0.015050	0.025084	0.017837	0.013935	0.006689	0.020624	0.019509	0.005017	0.002230	0.001672	0.003902	0.009476	0.006689	0.007246	0.000557	0.015608	0.014493	0.016165	0.010591	0.011148	0.007246	0.015050	0.003902	0.013378	0.008919	0.006689	0.002230	0.015050	0.001672	0.008361	0.008919	0.012263	0.007246	0.010591	0.044593	0.022854	0.008361	0.008361	0.000557	0.011706	0.006132	0.005574	0.016165	0.036789	0.013935	0.015050	0.000557	0.058528	0.045151	0.055741	
0.043478	0.015050	0.017280	0.025641	0.028986	0.012821	0.008361	0.023411	0.008919	0.010591	0.007804	0.011148	0.031773	0.021739	0.011148	0.022854	0.011706	0.004459	0.004459	0.013378	0.025084	0.010033	0.008361	0.016165	0.016165	0.007804	0.008919	0.014493	0.006689	0.002230	0.004459	0.011706	0.010591	0.006689	0.007804	0.010033	0.042921	0.013378	0.010591	0.035117	0.007804	0.008361	0.008919	0.010591	0.012821	0.009476	0.005574	0.017280	0.012263	0.005017	0.005574	0.011148	0.057414	0.017280	0.013378	0.039019	0.023969	0.021182	0.006689	0.030100	0.035117	0.018952	0.019509	0.034002	
0.023411	0.017280	0.012263	0.025084	0.012263	0.002230	0.003344	0.013378	0.008919	0.011148	0.003902	0.011148	0.012263	0.010033	0.013378	0.024526	0.061873	0.022297	0.026756	0.043478	0.020067	0.007804	0.010591	0.015050	0.012263	0.007804	0.010033	0.010591	0.025084	0.010033	0.022297	0.056299	0.015050	0.010591	0.010591	0.020624	0.015050	0.006132	0.007246	0.019509	0.004459	0.008361	0.005574	0.013935	0.017280	0.006132	0.010033	0.032887	0.025084	0.017837	0.015050	0.028428	0.018952	0.008919	0.011706	0.012821	0.015050	0.007246	0.007246	0.011148	0.020624	0.004459	0.022297	0.038462	
0.031773	0.023411	0.018952	0.051282	0.008361	0.030100	0.017280	0.012263	0.012821	0.026198	0.010591	0.015050	0.023411	0.042363	0.018395	0.033445	0.022297	0.012263	0.008919	0.022854	0.015050	0.005574	0.001672	0.002787	0.003902	0.012263	0.005574	0.011148	0.000557	0.017837	0.020624	0.021739	0.008361	0.012263	0.006132	0.013935	0.003344	0.013378	0.006689	0.011148	0.001672	0.012263	0.002230	0.010591	0.009476	0.012263	0.006689	0.018395	0.036232	0.016722	0.013935	0.008361	0.000557	0.012821	0.008919	0.008361	0.008361	0.028986	0.015050	0.015608	0.000557	0.046265	0.039576	0.065775	
0.039019	0.013378	0.017837	0.028428	0.030100	0.010591	0.010033	0.013935	0.011148	0.015608	0.005574	0.015608	0.037904	0.016165	0.012821	0.029543	0.011706	0.003902	0.004459	0.007246	0.023969	0.010591	0.006132	0.020624	0.012263	0.007246	0.008361	0.006689	0.011706	0.007804	0.003344	0.011706	0.010591	0.004459	0.004459	0.007246	0.036232	0.011148	0.005017	0.027313	0.010033	0.010033	0.005017	0.008361	0.017280	0.008919	0.006689	0.019509	0.015608	0.003344	0.007804	0.007246	0.054069	0.009476	0.014493	0.040691	0.030100	0.018395	0.012821	0.023969	0.040134	0.022297	0.025084	0.051839	
0.024526	0.013378	0.020624	0.018395	0.005574	0.003344	0.004459	0.011706	0.009476	0.011148	0.006132	0.007804	0.015050	0.003344	0.010033	0.021739	0.045151	0.027313	0.039019	0.032887	0.016722	0.005017	0.010591	0.009476	0.009476	0.011148	0.005574	0.009476	0.023969	0.005574	0.022854	0.050167	0.017837	0.011706	0.015608	0.018395	0.015608	0.005574	0.007804	0.022297	0.007246	0.008919	0.002787	0.012821	0.015050	0.002787	0.016722	0.020067	0.033445	0.020067	0.021739	0.031773	0.028428	0.005574	0.011148	0.010033	0.016722	0.008919	0.007804	0.014493	0.025084	0.008361	0.031773	0.047380	
0.026756	0.023969	0.021182	0.049052	0.007804	0.031215	0.022854	0.010591	0.015050	0.040134	0.016165	0.025641	0.026756	0.036232	0.011706	0.026756	0.024526	0.013935	0.008919	0.018952	0.012821	0.005017	0.000557	0.001115	0.005574	0.009476	0.010591	0.008361	0.000557	0.017837	0.016165	0.018952	0.009476	0.009476	0.007804	0.016165	0.006689	0.011706	0.011706	0.010033	0.001115	0.011706	0.003902	0.005574	0.008919	0.013378	0.006132	0.016165	0.046823	0.018952	0.007246	0.006132	0.000557	0.009476	0.003902	0.006132	0.016165	0.028428	0.022297	0.014493	0.000557	0.046265	0.047938	0.044593	
0.044593	0.016722	0.018952	0.027313	0.025641	0.013378	0.006132	0.021182	0.012263	0.010591	0.007246	0.015050	0.024526	0.016722	0.016722	0.032330	0.008919	0.006132	0.005574	0.007246	0.022297	0.009476	0.008919	0.016722	0.017280	0.006689	0.003902	0.011148	0.011148	0.002787	0.005017	0.008919	0.020067	0.007246	0.003344	0.007246	0.035674	0.012263	0.008919	0.032887	0.015050	0.010591	0.011706	0.015608	0.015608	0.008361	0.005017	0.025084	0.015608	0.006132	0.006689	0.008361	0.051839	0.012263	0.012821	0.037347	0.030100	0.017837	0.008361	0.025641	0.036232	0.015050	0.019509	0.035674	
0.037904	0.012263	0.021739	0.017280	0.010033	0.006689	0.007804	0.011706	0.010591	0.007246	0.003344	0.013378	0.013378	0.003902	0.012821	0.020067	0.046823	0.016722	0.025641	0.046265	0.019509	0.006132	0.010591	0.011148	0.011148	0.006689	0.005017	0.013935	0.022854	0.010591	0.023411	0.051282	0.022297	0.013935	0.008361	0.030100	0.011706	0.005574	0.006689	0.021739	0.004459	0.007246	0.005574	0.013935	0.020067	0.003902	0.012263	0.031215	0.027871	0.018395	0.015608	0.025641	0.019509	0.005574	0.006689	0.011148	0.013378	0.007246	0.013378	0.012263	0.025084	0.008919	0.029543	0.038462	
0.027313	0.032330	0.021182	0.054069	0.008361	0.018952	0.023411	0.010591	0.016165	0.028986	0.010591	0.015608	0.028428	0.042363	0.017280	0.031215	0.016722	0.015050	0.006132	0.022854	0.013378	0.006689	0.002230	0.001672	0.006132	0.011148	0.005017	0.009476	0.000557	0.018952	0.016165	0.020067	0.011148	0.007246	0.006689	0.014493	0.002230	0.011706	0.008361	0.006132	0.001672	0.010591	0.003344	0.011706	0.010033	0.017837	0.006689	0.018952	0.041806	0.019509	0.011148	0.008919	0.000557	0.010033	0.006689	0.010033	0.013378	0.026756	0.017280	0.020624	0.000557	0.044036	0.044036	0.052397	
0.039576	0.015050	0.017280	0.025084	0.032330	0.010033	0.008919	0.022854	0.015050	0.012263	0.004459	0.013378	0.039576	0.017837	0.015050	0.027871	0.008361	0.003902	0.004459	0.007804	0.022297	0.005017	0.006132	0.013935	0.015050	0.005574	0.007246	0.012821	0.011148	0.003344	0.006689	0.007246	0.016722	0.007804	0.004459	0.008361	0.031773	0.010591	0.010591	0.024526	0.011706	0.006689	0.004459	0.013378	0.021182	0.008361	0.004459	0.023411	0.018395	0.003344	0.005574	0.012263	0.059643	0.010033	0.014493	0.039019	0.032330	0.018952	0.010033	0.022854	0.042363	0.019509	0.016722	0.044036	
0.024526	0.016722	0.021739	0.020067	0.010591	0.005574	0.003344	0.010591	0.009476	0.009476	0.006689	0.006132	0.011706	0.005017	0.012821	0.023969	0.047380	0.024526	0.034002	0.040134	0.015608	0.005574	0.008361	0.006132	0.013378	0.010591	0.007804	0.008361	0.022297	0.006689	0.021739	0.049610	0.022297	0.013935	0.016722	0.021182	0.010033	0.005574	0.008361	0.019509	0.005017	0.007246	0.003902	0.010033	0.015608	0.008361	0.014493	0.023969	0.032330	0.026198	0.018395	0.037347	0.020624	0.005017	0.011706	0.011706	0.012821	0.010033	0.006132	0.013935	0.024526	0.008361	0.027313	0.042363	
0.036789	0.022854	0.018395	0.048495	0.010591	0.028428	0.026756	0.015608	0.012263	0.037904	0.016165	0.024526	0.021739	0.048495	0.015050	0.033445	0.018395	0.013935	0.010591	0.013935	0.014493	0.003344	0.003344	0.000557	0.005017	0.013935	0.009476	0.003344	0.000557	0.019509	0.015608	0.012263	0.011706	0.006689	0.005017	0.017280	0.001672	0.010033	0.011148	0.014493	0.001672	0.008361	0.002787	0.011706	0.009476	0.013935	0.006132	0.008919	0.032887	0.019509	0.013935	0.007804	0.000557	0.012263	0.006132	0.009476	0.013935	0.028428	0.020067	0.013935	0.000557	0.049052	0.040134	0.050167	
0.031773	0.017837	0.022297	0.027871	0.026756	0.011706	0.007246	0.017280	0.010591	0.013378	0.005017	0.018952	0.024526	0.017280	0.013378	0.032330	0.011706	0.005574	0.004459	0.005574	0.019509	0.007246	0.007246	0.020067	0.014493	0.008361	0.006689	0.017837	0.011706	0.006689	0.006689	0.015050	0.017280	0.003902	0.007246	0.004459	0.039576	0.012821	0.007804	0.028428	0.019509	0.005574	0.008361	0.015050	0.015050	0.010591	0.008361	0.019509	0.017280	0.002230	0.008919	0.003902	0.062430	0.012263	0.013935	0.042363	0.027871	0.016722	0.013935	0.018395	0.035674	0.014493	0.015608	0.039019	
0.020624	0.022854	0.012263	0.022297	0.009476	0.002787	0.004459	0.012821	0.007804	0.016165	0.007804	0.011148	0.011148	0.003902	0.012821	0.013935	0.051839	0.025084	0.027871	0.043478	0.015608	0.008919	0.010591	0.008919	0.011706	0.011706	0.006689	0.006132	0.025641	0.006689	0.023969	0.051839	0.022297	0.012263	0.013378	0.024526	0.014493	0.003902	0.008919	0.016722	0.003902	0.008361	0.007804	0.013935	0.018952	0.003902	0.013935	0.033445	0.026198	0.021182	0.012821	0.026756	0.021182	0.006689	0.008919	0.012263	0.013378	0.009476	0.010033	0.011148	0.025641	0.008361	0.027313	0.044593	
0.038462	0.023411	0.015608	0.043478	0.009476	0.029543	0.026198	0.016165	0.011148	0.025641	0.010591	0.018952	0.022297	0.042921	0.019509	0.032330	0.017280	0.016165	0.006689	0.020624	0.012263	0.005017	0.003344	0.001672	0.006132	0.011148	0.009476	0.006132	0.000557	0.014493	0.017280	0.018395	0.009476	0.008361	0.005574	0.013378	0.005574	0.017280	0.011148	0.011706	0.003344	0.013378	0.002230	0.013378	0.009476	0.011148	0.005017	0.016722	0.049052	0.015050	0.007246	0.010033	0.000557	0.013378	0.005017	0.003902	0.011148	0.030658	0.017280	0.018952	0.000557	0.056856	0.035674	0.050725	
0.041249	0.019509	0.021739	0.031773	0.022854	0.012263	0.004459	0.023411	0.010591	0.008361	0.006689	0.009476	0.032330	0.011148	0.014493	0.029543	0.011706	0.001115	0.007246	0.007804	0.020624	0.006689	0.012821	0.025084	0.013935	0.008919	0.011148	0.011706	0.010591	0.008919	0.005574	0.008361	0.011148	0.004459	0.006689	0.009476	0.035117	0.008919	0.008361	0.028428	0.013378	0.006689	0.006689	0.012821	0.016165	0.014493	0.006132	0.020624	0.013378	0.002787	0.010033	0.006689	0.062430	0.011148	0.012821	0.039019	0.020624	0.021739	0.013378	0.021739	0.034002	0.020067	0.017837	0.046265	
0.021182	0.020067	0.018395	0.017837	0.010033	0.004459	0.003344	0.010033	0.010591	0.011706	0.006132	0.017280	0.014493	0.003902	0.016165	0.021182	0.049052	0.027313	0.026756	0.037904	0.015608	0.008361	0.003902	0.011148	0.010033	0.011148	0.003902	0.013378	0.022297	0.006689	0.027871	0.059086	0.015608	0.015608	0.011706	0.015608	0.013378	0.005574	0.008919	0.017837	0.007246	0.013378	0.008919	0.008361	0.010591	0.004459	0.014493	0.026198	0.029543	0.016165	0.016722	0.030658	0.022854	0.007804	0.010591	0.013378	0.010591	0.008919	0.009476	0.015050	0.027313	0.007246	0.022297	0.047938	
0.041249	0.019509	0.015050	0.039576	0.008919	0.034560	0.019509	0.016165	0.013935	0.029543	0.013378	0.016722	0.025084	0.034002	0.015608	0.027313	0.015608	0.014493	0.007804	0.023969	0.015050	0.008919	0.001672	0.000557	0.003902	0.011148	0.004459	0.007246	0.000557	0.017837	0.017837	0.016165	0.012263	0.006689	0.007804	0.011706	0.006132	0.015608	0.006132	0.017280	0.002787	0.011148	0.002230	0.012263	0.008361	0.020624	0.008361	0.016722	0.045151	0.017837	0.006132	0.005574	0.000557	0.008361	0.006689	0.006689	0.015050	0.036232	0.014493	0.015050	0.000557	0.050167	0.050167	0.053512	
0.042921	0.017837	0.025641	0.027871	0.022854	0.011706	0.004459	0.019509	0.011148	0.008919	0.005017	0.011706	0.025084	0.016165	0.013378	0.026198	0.015050	0.003344	0.006689	0.005574	0.031773	0.007246	0.007804	0.020624	0.011706	0.006689	0.008361	0.007246	0.013935	0.007246	0.007804	0.011706	0.015050	0.006132	0.005574	0.008919	0.037347	0.010591	0.008919	0.031215	0.011148	0.006689	0.006689	0.010033	0.015050	0.010033	0.006689	0.019509	0.017280	0.003344	0.005574	0.008361	0.060201	0.016165	0.011706	0.034560	0.031773	0.015050	0.020624	0.024526	0.036232	0.017837	0.015608	0.044036	
0.025084	0.022297	0.020624	0.022297	0.008361	0.005017	0.006132	0.011148	0.012263	0.011148	0.005017	0.015050	0.017837	0.004459	0.012263	0.016165	0.047380	0.026756	0.027871	0.050167	0.018952	0.009476	0.007804	0.009476	0.012821	0.006132	0.005574	0.008361	0.025084	0.005017	0.023411	0.052397	0.018952	0.008361	0.021182	0.017280	0.007804	0.006132	0.007246	0.016165	0.007804	0.011148	0.005574	0.016165	0.015608	0.006132	0.013378	0.018395	0.030658	0.019509	0.015050	0.025084	0.023411	0.003902	0.010033	0.013935	0.014493	0.012263	0.007804	0.008919	0.027871	0.006132	0.023411	0.044036	
0.025084	0.028428	0.016722	0.051839	0.007246	0.026756	0.025641	0.017280	0.013378	0.029543	0.014493	0.027313	0.022854	0.046265	0.013378	0.032330	0.012821	0.014493	0.007804	0.023411	0.015050	0.005017	0.002787	0.001672	0.004459	0.013378	0.006132	0.007246	0.000557	0.020624	0.013378	0.016165	0.013935	0.011706	0.009476	0.012263	0.004459	0.017280	0.011148	0.007804	0.002230	0.009476	0.002787	0.009476	0.011148	0.012821	0.006132	0.018395	0.046265	0.020067	0.012821	0.007246	0.000557	0.009476	0.006132	0.005574	0.017837	0.025084	0.013378	0.016165	0.000557	0.041806	0.042921	0.045708	
