>NC_000912
0.003521	0.003521	0.003521	0.003521	0.003521	0.003521	0.003521	0.003521	0.003521	0.003521	0.003521	0.003521	0.003521	0.003521	0.003521	0.003521	0.003521	0.003521	0.003521	0.003521	0.003521	0.003521	0.003521	0.003521	0.003521	0.003521	0.003521	0.003521	0.274648	0.003521	0.003521	0.003521	0.003521	0.003521	0.003521	0.003521	0.003521	0.003521	0.003521	0.003521	0.003521	0.003521	0.003521	0.003521	0.003521	0.003521	0.003521	0.003521	0.003521	0.003521	0.003521	0.003521	0.003521	0.003521	0.003521	0.003521	0.003521	0.003521	0.003521	0.003521	0.732394	0.003521	0.003521	0.003521	
0.003521	0.003521	0.003521	0.003521	0.003521	0.003521	0.003521	0.003521	0.003521	0.003521	0.003521	0.003521	0.003521	0.003521	0.003521	0.003521	0.003521	0.003521	0.003521	0.003521	0.003521	0.003521	0.003521	0.003521	0.003521	0.003521	0.003521	0.003521	0.003521	0.003521	0.003521	0.003521	0.003521	0.003521	0.003521	0.003521	0.003521	0.003521	0.003521	0.003521	0.003521	0.003521	0.003521	0.003521	0.003521	0.003521	0.003521	0.003521	0.373239	0.165493	0.218310	0.257042	0.003521	0.003521	0.003521	0.003521	0.003521	0.003521	0.003521	0.003521	0.003521	0.003521	0.003521	0.003521	
0.123239	0.063380	0.070423	0.126761	0.028169	0.017606	0.014085	0.116197	0.066901	0.042254	0.021127	0.098592	0.021127	0.028169	0.024648	0.193662	0.003521	0.003521	0.003521	0.003521	0.003521	0.003521	0.003521	0.003521	0.003521	0.003521	0.003521	0.003521	0.003521	0.003521	0.003521	0.003521	0.003521	0.003521	0.003521	0.003521	0.003521	0.003521	0.003521	0.003521	0.003521	0.003521	0.003521	0.003521	0.003521	0.003521	0.003521	0.003521	0.003521	0.003521	0.003521	0.003521	0.003521	0.003521	0.003521	0.003521	0.003521	0.003521	0.003521	0.003521	0.003521	0.003521	0.003521	0.003521	
0.049296	0.014085	0.038732	0.031690	0.010563	0.014085	0.021127	0.028169	0.024648	0.028169	0.010563	0.017606	0.028169	0.045775	0.007042	0.056338	0.014085	0.007042	0.007042	0.010563	0.003521	0.014085	0.003521	0.007042	0.014085	0.003521	0.003521	0.003521	0.003521	0.021127	0.017606	0.084507	0.014085	0.007042	0.028169	0.028169	0.003521	0.007042	0.014085	0.028169	0.003521	0.007042	0.003521	0.017606	0.017606	0.024648	0.014085	0.052817	0.010563	0.003521	0.003521	0.014085	0.014085	0.007042	0.007042	0.010563	0.003521	0.017606	0.007042	0.007042	0.003521	0.038732	0.038732	0.123239	
0.024648	0.028169	0.031690	0.003521	0.007042	0.003521	0.010563	0.010563	0.010563	0.024648	0.014085	0.028169	0.021127	0.021127	0.007042	0.035211	0.007042	0.010563	0.010563	0.003521	0.010563	0.017606	0.003521	0.010563	0.007042	0.014085	0.007042	0.017606	0.021127	0.014085	0.010563	0.028169	0.017606	0.007042	0.007042	0.014085	0.014085	0.014085	0.014085	0.014085	0.007042	0.007042	0.007042	0.003521	0.007042	0.007042	0.007042	0.024648	0.021127	0.017606	0.010563	0.003521	0.059859	0.017606	0.010563	0.042254	0.021127	0.021127	0.014085	0.021127	0.116197	0.038732	0.056338	0.105634	
0.031690	0.014085	0.007042	0.017606	0.014085	0.014085	0.010563	0.024648	0.014085	0.017606	0.010563	0.017606	0.007042	0.003521	0.003521	0.010563	0.028169	0.017606	0.014085	0.031690	0.021127	0.010563	0.003521	0.017606	0.007042	0.014085	0.010563	0.007042	0.024648	0.010563	0.010563	0.031690	0.021127	0.003521	0.007042	0.014085	0.021127	0.003521	0.010563	0.031690	0.010563	0.010563	0.010563	0.010563	0.021127	0.007042	0.014085	0.028169	0.073944	0.010563	0.042254	0.038732	0.017606	0.017606	0.014085	0.031690	0.024648	0.010563	0.024648	0.021127	0.045775	0.031690	0.017606	0.098592	
0.028169	0.024648	0.028169	0.073944	0.003521	0.014085	0.014085	0.014085	0.021127	0.024648	0.014085	0.010563	0.014085	0.028169	0.014085	0.045775	0.031690	0.024648	0.014085	0.003521	0.010563	0.010563	0.010563	0.014085	0.014085	0.010563	0.007042	0.007042	0.003521	0.031690	0.014085	0.056338	0.010563	0.010563	0.017606	0.017606	0.007042	0.021127	0.014085	0.010563	0.028169	0.007042	0.017606	0.003521	0.003521	0.010563	0.014085	0.028169	0.056338	0.014085	0.014085	0.014085	0.021127	0.003521	0.014085	0.014085	0.010563	0.024648	0.007042	0.003521	0.003521	0.035211	0.038732	0.091549	
0.035211	0.024648	0.042254	0.024648	0.010563	0.024648	0.014085	0.024648	0.017606	0.014085	0.014085	0.028169	0.014085	0.017606	0.024648	0.052817	0.017606	0.007042	0.010563	0.007042	0.003521	0.017606	0.003521	0.024648	0.010563	0.003521	0.021127	0.017606	0.010563	0.010563	0.007042	0.024648	0.021127	0.017606	0.007042	0.028169	0.024648	0.003521	0.007042	0.031690	0.014085	0.007042	0.003521	0.021127	0.007042	0.007042	0.007042	0.003521	0.007042	0.003521	0.007042	0.007042	0.042254	0.035211	0.007042	0.021127	0.014085	0.021127	0.031690	0.014085	0.073944	0.035211	0.028169	0.084507	
0.031690	0.007042	0.021127	0.021127	0.007042	0.003521	0.010563	0.031690	0.021127	0.017606	0.010563	0.017606	0.007042	0.010563	0.007042	0.042254	0.028169	0.021127	0.014085	0.017606	0.017606	0.007042	0.014085	0.042254	0.003521	0.007042	0.010563	0.010563	0.014085	0.010563	0.024648	0.052817	0.014085	0.010563	0.014085	0.017606	0.014085	0.003521	0.010563	0.017606	0.017606	0.021127	0.010563	0.021127	0.014085	0.007042	0.017606	0.042254	0.031690	0.017606	0.028169	0.028169	0.017606	0.028169	0.010563	0.014085	0.007042	0.014085	0.028169	0.017606	0.042254	0.014085	0.035211	0.073944	
0.031690	0.024648	0.021127	0.028169	0.003521	0.017606	0.010563	0.024648	0.014085	0.035211	0.007042	0.021127	0.017606	0.028169	0.007042	0.031690	0.035211	0.007042	0.003521	0.010563	0.014085	0.010563	0.007042	0.010563	0.010563	0.007042	0.014085	0.014085	0.003521	0.038732	0.028169	0.035211	0.010563	0.010563	0.017606	0.010563	0.007042	0.021127	0.014085	0.017606	0.014085	0.021127	0.010563	0.014085	0.014085	0.014085	0.010563	0.028169	0.052817	0.010563	0.003521	0.010563	0.007042	0.010563	0.007042	0.017606	0.014085	0.021127	0.024648	0.024648	0.003521	0.056338	0.056338	0.095070	
0.052817	0.014085	0.031690	0.031690	0.010563	0.017606	0.010563	0.014085	0.014085	0.017606	0.003521	0.010563	0.014085	0.010563	0.007042	0.028169	0.007042	0.003521	0.007042	0.014085	0.035211	0.003521	0.007042	0.014085	0.003521	0.021127	0.007042	0.007042	0.024648	0.010563	0.021127	0.014085	0.010563	0.003521	0.014085	0.024648	0.035211	0.007042	0.017606	0.024648	0.021127	0.007042	0.010563	0.017606	0.021127	0.007042	0.007042	0.038732	0.007042	0.007042	0.014085	0.010563	0.038732	0.045775	0.021127	0.031690	0.014085	0.021127	0.028169	0.038732	0.088028	0.003521	0.017606	0.080986	
0.010563	0.007042	0.014085	0.045775	0.003521	0.007042	0.003521	0.014085	0.010563	0.014085	0.017606	0.024648	0.021127	0.010563	0.017606	0.031690	0.045775	0.017606	0.010563	0.045775	0.024648	0.014085	0.010563	0.024648	0.021127	0.003521	0.014085	0.017606	0.021127	0.010563	0.014085	0.038732	0.010563	0.007042	0.003521	0.031690	0.017606	0.003521	0.017606	0.028169	0.007042	0.010563	0.017606	0.014085	0.014085	0.007042	0.021127	0.031690	0.049296	0.021127	0.038732	0.038732	0.007042	0.003521	0.003521	0.017606	0.017606	0.010563	0.017606	0.007042	0.042254	0.028169	0.017606	0.073944	
0.052817	0.021127	0.017606	0.024648	0.007042	0.010563	0.014085	0.021127	0.007042	0.024648	0.014085	0.021127	0.042254	0.052817	0.024648	0.042254	0.021127	0.010563	0.014085	0.007042	0.007042	0.010563	0.003521	0.007042	0.003521	0.010563	0.014085	0.007042	0.003521	0.028169	0.014085	0.038732	0.021127	0.007042	0.017606	0.010563	0.003521	0.010563	0.014085	0.010563	0.017606	0.010563	0.024648	0.014085	0.031690	0.014085	0.003521	0.014085	0.038732	0.028169	0.017606	0.014085	0.021127	0.017606	0.003521	0.014085	0.017606	0.017606	0.024648	0.010563	0.003521	0.042254	0.052817	0.077465	
0.042254	0.028169	0.028169	0.035211	0.024648	0.014085	0.007042	0.021127	0.017606	0.010563	0.014085	0.024648	0.017606	0.007042	0.007042	0.024648	0.014085	0.003521	0.010563	0.010563	0.017606	0.014085	0.007042	0.010563	0.007042	0.014085	0.010563	0.003521	0.010563	0.010563	0.007042	0.024648	0.024648	0.007042	0.007042	0.007042	0.014085	0.010563	0.007042	0.031690	0.021127	0.003521	0.017606	0.035211	0.010563	0.003521	0.014085	0.024648	0.028169	0.007042	0.024648	0.021127	0.049296	0.028169	0.024648	0.035211	0.017606	0.031690	0.024648	0.021127	0.045775	0.014085	0.052817	0.059859	
0.045775	0.017606	0.010563	0.035211	0.007042	0.003521	0.014085	0.021127	0.028169	0.010563	0.010563	0.021127	0.028169	0.003521	0.007042	0.035211	0.042254	0.017606	0.010563	0.035211	0.014085	0.010563	0.014085	0.028169	0.021127	0.007042	0.010563	0.007042	0.024648	0.014085	0.017606	0.042254	0.028169	0.010563	0.007042	0.017606	0.017606	0.007042	0.010563	0.024648	0.014085	0.017606	0.017606	0.017606	0.017606	0.017606	0.017606	0.031690	0.035211	0.007042	0.021127	0.021127	0.007042	0.007042	0.003521	0.017606	0.014085	0.017606	0.017606	0.031690	0.052817	0.021127	0.024648	0.035211	
0.045775	0.038732	0.028169	0.038732	0.010563	0.017606	0.010563	0.014085	0.007042	0.017606	0.003521	0.021127	0.031690	0.038732	0.007042	0.031690	0.014085	0.017606	0.003521	0.010563	0.010563	0.003521	0.003521	0.010563	0.010563	0.017606	0.007042	0.007042	0.003521	0.010563	0.028169	0.049296	0.021127	0.010563	0.021127	0.024648	0.010563	0.003521	0.010563	0.028169	0.017606	0.007042	0.003521	0.028169	0.024648	0.014085	0.021127	0.017606	0.063380	0.028169	0.014085	0.017606	0.021127	0.014085	0.014085	0.007042	0.010563	0.024648	0.014085	0.017606	0.003521	0.038732	0.038732	0.063380	
0.049296	0.021127	0.031690	0.042254	0.024648	0.024648	0.017606	0.028169	0.007042	0.017606	0.021127	0.021127	0.017606	0.031690	0.017606	0.024648	0.010563	0.003521	0.017606	0.021127	0.014085	0.003521	0.003521	0.017606	0.014085	0.010563	0.007042	0.007042	0.010563	0.007042	0.010563	0.031690	0.017606	0.007042	0.010563	0.010563	0.017606	0.010563	0.014085	0.024648	0.003521	0.007042	0.010563	0.007042	0.028169	0.003521	0.014085	0.028169	0.038732	0.010563	0.010563	0.003521	0.021127	0.017606	0.024648	0.038732	0.017606	0.010563	0.035211	0.031690	0.059859	0.028169	0.035211	0.038732	
0.052817	0.014085	0.017606	0.031690	0.010563	0.010563	0.007042	0.014085	0.014085	0.024648	0.024648	0.007042	0.021127	0.007042	0.007042	0.042254	0.031690	0.014085	0.014085	0.017606	0.021127	0.003521	0.007042	0.024648	0.010563	0.010563	0.007042	0.031690	0.038732	0.017606	0.021127	0.031690	0.017606	0.007042	0.007042	0.010563	0.010563	0.007042	0.014085	0.014085	0.017606	0.003521	0.021127	0.031690	0.021127	0.003521	0.010563	0.031690	0.052817	0.017606	0.014085	0.031690	0.024648	0.014085	0.010563	0.021127	0.024648	0.003521	0.017606	0.031690	0.021127	0.014085	0.021127	0.066901	
0.042254	0.031690	0.042254	0.038732	0.014085	0.010563	0.014085	0.014085	0.003521	0.021127	0.010563	0.017606	0.017606	0.038732	0.014085	0.021127	0.035211	0.007042	0.014085	0.010563	0.010563	0.014085	0.003521	0.007042	0.003521	0.014085	0.010563	0.010563	0.003521	0.010563	0.007042	0.052817	0.017606	0.014085	0.010563	0.024648	0.010563	0.003521	0.017606	0.010563	0.014085	0.021127	0.010563	0.024648	0.024648	0.028169	0.014085	0.035211	0.052817	0.028169	0.003521	0.017606	0.003521	0.014085	0.007042	0.017606	0.010563	0.024648	0.014085	0.010563	0.003521	0.042254	0.049296	0.077465	
0.045775	0.014085	0.066901	0.021127	0.021127	0.010563	0.021127	0.028169	0.010563	0.017606	0.017606	0.024648	0.021127	0.003521	0.021127	0.045775	0.017606	0.003521	0.003521	0.014085	0.014085	0.007042	0.007042	0.014085	0.007042	0.017606	0.007042	0.010563	0.021127	0.010563	0.010563	0.007042	0.003521	0.014085	0.007042	0.007042	0.024648	0.007042	0.010563	0.038732	0.014085	0.007042	0.007042	0.017606	0.010563	0.003521	0.010563	0.038732	0.021127	0.014085	0.010563	0.003521	0.028169	0.035211	0.028169	0.028169	0.014085	0.024648	0.017606	0.028169	0.063380	0.017606	0.063380	0.042254	
0.024648	0.028169	0.017606	0.017606	0.017606	0.007042	0.007042	0.014085	0.024648	0.010563	0.014085	0.038732	0.007042	0.003521	0.007042	0.028169	0.031690	0.021127	0.017606	0.017606	0.021127	0.014085	0.010563	0.014085	0.014085	0.014085	0.014085	0.024648	0.035211	0.003521	0.024648	0.045775	0.010563	0.010563	0.010563	0.014085	0.017606	0.003521	0.017606	0.028169	0.003521	0.014085	0.014085	0.017606	0.010563	0.010563	0.021127	0.038732	0.059859	0.014085	0.028169	0.014085	0.007042	0.007042	0.003521	0.017606	0.021127	0.010563	0.031690	0.042254	0.056338	0.014085	0.017606	0.045775	
0.024648	0.028169	0.021127	0.052817	0.007042	0.017606	0.024648	0.024648	0.010563	0.038732	0.010563	0.014085	0.021127	0.014085	0.010563	0.017606	0.024648	0.017606	0.014085	0.007042	0.010563	0.007042	0.007042	0.007042	0.010563	0.021127	0.003521	0.003521	0.003521	0.010563	0.014085	0.045775	0.021127	0.010563	0.017606	0.014085	0.003521	0.014085	0.017606	0.014085	0.021127	0.017606	0.007042	0.028169	0.045775	0.024648	0.014085	0.038732	0.035211	0.028169	0.028169	0.017606	0.010563	0.010563	0.007042	0.003521	0.014085	0.014085	0.024648	0.017606	0.003521	0.038732	0.035211	0.080986	
0.031690	0.017606	0.042254	0.014085	0.028169	0.021127	0.010563	0.024648	0.017606	0.014085	0.014085	0.035211	0.031690	0.014085	0.024648	0.021127	0.014085	0.003521	0.007042	0.007042	0.028169	0.010563	0.007042	0.003521	0.010563	0.021127	0.017606	0.007042	0.010563	0.007042	0.017606	0.014085	0.021127	0.010563	0.017606	0.007042	0.028169	0.010563	0.007042	0.045775	0.007042	0.007042	0.010563	0.021127	0.007042	0.010563	0.014085	0.031690	0.042254	0.007042	0.014085	0.010563	0.028169	0.017606	0.010563	0.031690	0.017606	0.014085	0.021127	0.021127	0.042254	0.021127	0.049296	0.070423	
0.028169	0.038732	0.021127	0.021127	0.010563	0.003521	0.010563	0.014085	0.017606	0.014085	0.021127	0.028169	0.007042	0.007042	0.003521	0.021127	0.031690	0.038732	0.010563	0.031690	0.021127	0.014085	0.010563	0.014085	0.007042	0.007042	0.007042	0.014085	0.042254	0.003521	0.017606	0.042254	0.038732	0.003521	0.007042	0.003521	0.021127	0.003521	0.014085	0.017606	0.017606	0.010563	0.007042	0.028169	0.010563	0.010563	0.017606	0.045775	0.042254	0.014085	0.017606	0.017606	0.017606	0.010563	0.007042	0.017606	0.042254	0.003521	0.017606	0.042254	0.028169	0.024648	0.024648	0.059859	
0.049296	0.017606	0.007042	0.066901	0.007042	0.031690	0.028169	0.028169	0.010563	0.017606	0.021127	0.007042	0.028169	0.014085	0.010563	0.021127	0.021127	0.017606	0.007042	0.024648	0.010563	0.010563	0.007042	0.003521	0.003521	0.007042	0.017606	0.014085	0.003521	0.017606	0.007042	0.035211	0.017606	0.010563	0.024648	0.031690	0.007042	0.007042	0.017606	0.003521	0.003521	0.017606	0.010563	0.021127	0.024648	0.028169	0.007042	0.052817	0.045775	0.017606	0.014085	0.010563	0.014085	0.014085	0.007042	0.010563	0.021127	0.014085	0.017606	0.010563	0.003521	0.042254	0.049296	0.073944	
0.042254	0.028169	0.035211	0.028169	0.021127	0.014085	0.007042	0.021127	0.003521	0.007042	0.021127	0.021127	0.035211	0.021127	0.035211	0.042254	0.010563	0.010563	0.010563	0.007042	0.031690	0.007042	0.021127	0.003521	0.003521	0.010563	0.017606	0.028169	0.017606	0.003521	0.014085	0.010563	0.010563	0.007042	0.007042	0.014085	0.031690	0.007042	0.007042	0.010563	0.010563	0.021127	0.014085	0.021127	0.014085	0.007042	0.014085	0.017606	0.010563	0.010563	0.017606	0.021127	0.031690	0.021127	0.010563	0.038732	0.007042	0.014085	0.028169	0.024648	0.080986	0.017606	0.021127	0.063380	
0.024648	0.028169	0.007042	0.014085	0.014085	0.003521	0.010563	0.028169	0.017606	0.017606	0.003521	0.031690	0.014085	0.007042	0.007042	0.042254	0.045775	0.017606	0.031690	0.021127	0.021127	0.021127	0.003521	0.003521	0.014085	0.003521	0.003521	0.024648	0.024648	0.003521	0.014085	0.031690	0.007042	0.003521	0.003521	0.010563	0.021127	0.010563	0.003521	0.017606	0.017606	0.017606	0.017606	0.028169	0.031690	0.003521	0.014085	0.045775	0.091549	0.017606	0.031690	0.007042	0.014085	0.007042	0.003521	0.024648	0.031690	0.007042	0.031690	0.014085	0.045775	0.007042	0.014085	0.066901	
0.077465	0.024648	0.021127	0.045775	0.010563	0.024648	0.021127	0.010563	0.014085	0.042254	0.003521	0.014085	0.014085	0.028169	0.007042	0.003521	0.024648	0.017606	0.021127	0.007042	0.017606	0.007042	0.010563	0.007042	0.007042	0.007042	0.003521	0.003521	0.003521	0.010563	0.014085	0.045775	0.042254	0.014085	0.010563	0.014085	0.003521	0.003521	0.017606	0.021127	0.007042	0.028169	0.010563	0.010563	0.035211	0.021127	0.017606	0.024648	0.066901	0.021127	0.017606	0.010563	0.003521	0.007042	0.003521	0.007042	0.007042	0.017606	0.010563	0.014085	0.003521	0.045775	0.056338	0.080986	
0.056338	0.038732	0.084507	0.031690	0.024648	0.010563	0.010563	0.031690	0.017606	0.024648	0.007042	0.021127	0.014085	0.024648	0.014085	0.024648	0.014085	0.007042	0.010563	0.003521	0.014085	0.014085	0.007042	0.007042	0.017606	0.010563	0.010563	0.014085	0.003521	0.007042	0.007042	0.028169	0.010563	0.014085	0.007042	0.003521	0.045775	0.014085	0.017606	0.017606	0.007042	0.003521	0.007042	0.010563	0.010563	0.003521	0.010563	0.017606	0.017606	0.007042	0.014085	0.017606	0.028169	0.031690	0.028169	0.017606	0.017606	0.014085	0.035211	0.028169	0.056338	0.017606	0.042254	0.038732	
0.038732	0.014085	0.014085	0.031690	0.021127	0.010563	0.010563	0.024648	0.031690	0.017606	0.021127	0.045775	0.014085	0.003521	0.007042	0.031690	0.035211	0.014085	0.021127	0.042254	0.028169	0.017606	0.003521	0.021127	0.021127	0.014085	0.014085	0.014085	0.021127	0.007042	0.010563	0.035211	0.014085	0.017606	0.014085	0.014085	0.014085	0.007042	0.010563	0.021127	0.024648	0.010563	0.014085	0.010563	0.010563	0.003521	0.021127	0.038732	0.035211	0.021127	0.021127	0.007042	0.014085	0.017606	0.014085	0.007042	0.014085	0.028169	0.010563	0.021127	0.024648	0.007042	0.007042	0.070423	
0.035211	0.021127	0.028169	0.038732	0.003521	0.024648	0.024648	0.014085	0.014085	0.017606	0.010563	0.028169	0.024648	0.028169	0.010563	0.031690	0.031690	0.028169	0.010563	0.007042	0.017606	0.007042	0.021127	0.007042	0.010563	0.007042	0.010563	0.010563	0.003521	0.017606	0.017606	0.035211	0.014085	0.017606	0.035211	0.024648	0.007042	0.017606	0.031690	0.014085	0.014085	0.014085	0.010563	0.021127	0.017606	0.014085	0.024648	0.035211	0.024648	0.017606	0.024648	0.003521	0.007042	0.003521	0.003521	0.007042	0.010563	0.007042	0.014085	0.014085	0.003521	0.070423	0.035211	0.066901	
0.038732	0.014085	0.035211	0.017606	0.028169	0.017606	0.014085	0.024648	0.035211	0.014085	0.038732	0.010563	0.017606	0.010563	0.014085	0.031690	0.010563	0.010563	0.010563	0.003521	0.021127	0.014085	0.007042	0.010563	0.017606	0.021127	0.021127	0.021127	0.021127	0.003521	0.010563	0.007042	0.028169	0.003521	0.007042	0.010563	0.017606	0.007042	0.003521	0.017606	0.007042	0.014085	0.010563	0.014085	0.024648	0.007042	0.014085	0.028169	0.014085	0.014085	0.010563	0.010563	0.042254	0.031690	0.021127	0.035211	0.028169	0.024648	0.014085	0.021127	0.070423	0.021127	0.031690	0.045775	
0.031690	0.007042	0.017606	0.035211	0.017606	0.003521	0.003521	0.017606	0.014085	0.007042	0.014085	0.028169	0.014085	0.007042	0.007042	0.014085	0.052817	0.021127	0.014085	0.021127	0.035211	0.003521	0.010563	0.021127	0.014085	0.003521	0.010563	0.017606	0.017606	0.014085	0.021127	0.035211	0.024648	0.010563	0.003521	0.049296	0.017606	0.003521	0.007042	0.045775	0.021127	0.007042	0.014085	0.042254	0.014085	0.007042	0.014085	0.031690	0.056338	0.021127	0.028169	0.028169	0.017606	0.007042	0.007042	0.010563	0.010563	0.017606	0.021127	0.021127	0.021127	0.014085	0.007042	0.070423	
0.073944	0.024648	0.021127	0.045775	0.003521	0.028169	0.003521	0.024648	0.007042	0.031690	0.010563	0.014085	0.021127	0.038732	0.007042	0.066901	0.024648	0.021127	0.021127	0.021127	0.003521	0.007042	0.003521	0.003521	0.003521	0.007042	0.007042	0.010563	0.003521	0.007042	0.024648	0.059859	0.014085	0.010563	0.014085	0.021127	0.007042	0.003521	0.010563	0.014085	0.007042	0.017606	0.014085	0.021127	0.028169	0.028169	0.010563	0.042254	0.031690	0.007042	0.014085	0.014085	0.021127	0.003521	0.003521	0.014085	0.010563	0.014085	0.017606	0.007042	0.003521	0.042254	0.049296	0.056338	
0.031690	0.031690	0.059859	0.021127	0.028169	0.014085	0.007042	0.014085	0.007042	0.017606	0.021127	0.024648	0.021127	0.024648	0.021127	0.035211	0.010563	0.007042	0.010563	0.007042	0.014085	0.003521	0.010563	0.014085	0.003521	0.007042	0.007042	0.003521	0.024648	0.007042	0.010563	0.014085	0.010563	0.003521	0.007042	0.007042	0.010563	0.007042	0.021127	0.031690	0.007042	0.007042	0.007042	0.028169	0.021127	0.003521	0.007042	0.021127	0.017606	0.014085	0.021127	0.003521	0.049296	0.021127	0.014085	0.031690	0.017606	0.031690	0.021127	0.021127	0.091549	0.035211	0.049296	0.049296	
0.021127	0.017606	0.010563	0.021127	0.010563	0.007042	0.017606	0.021127	0.028169	0.028169	0.014085	0.028169	0.007042	0.007042	0.014085	0.010563	0.042254	0.010563	0.021127	0.028169	0.024648	0.003521	0.007042	0.010563	0.010563	0.007042	0.007042	0.028169	0.031690	0.007042	0.007042	0.045775	0.014085	0.003521	0.003521	0.014085	0.021127	0.003521	0.014085	0.024648	0.007042	0.014085	0.017606	0.017606	0.014085	0.003521	0.017606	0.042254	0.080986	0.017606	0.017606	0.042254	0.024648	0.007042	0.014085	0.024648	0.035211	0.014085	0.017606	0.021127	0.049296	0.007042	0.014085	0.049296	
0.045775	0.024648	0.017606	0.070423	0.007042	0.014085	0.014085	0.014085	0.007042	0.010563	0.021127	0.014085	0.021127	0.052817	0.007042	0.024648	0.024648	0.024648	0.010563	0.021127	0.007042	0.007042	0.003521	0.003521	0.010563	0.014085	0.014085	0.014085	0.003521	0.024648	0.010563	0.042254	0.010563	0.017606	0.021127	0.031690	0.007042	0.014085	0.028169	0.014085	0.014085	0.014085	0.007042	0.021127	0.021127	0.021127	0.017606	0.035211	0.045775	0.021127	0.024648	0.010563	0.010563	0.007042	0.003521	0.003521	0.010563	0.021127	0.014085	0.007042	0.003521	0.045775	0.042254	0.056338	
0.042254	0.024648	0.028169	0.031690	0.035211	0.024648	0.007042	0.021127	0.028169	0.021127	0.010563	0.014085	0.028169	0.021127	0.021127	0.063380	0.014085	0.003521	0.003521	0.010563	0.010563	0.014085	0.007042	0.010563	0.010563	0.014085	0.010563	0.014085	0.003521	0.017606	0.007042	0.007042	0.010563	0.010563	0.007042	0.014085	0.024648	0.010563	0.007042	0.017606	0.014085	0.010563	0.014085	0.017606	0.021127	0.003521	0.010563	0.021127	0.017606	0.017606	0.007042	0.007042	0.063380	0.024648	0.024648	0.031690	0.010563	0.017606	0.028169	0.021127	0.063380	0.024648	0.028169	0.042254	
0.021127	0.035211	0.010563	0.017606	0.014085	0.007042	0.007042	0.028169	0.014085	0.007042	0.014085	0.010563	0.017606	0.007042	0.010563	0.028169	0.031690	0.021127	0.021127	0.059859	0.017606	0.024648	0.007042	0.024648	0.007042	0.007042	0.007042	0.024648	0.017606	0.007042	0.017606	0.038732	0.017606	0.010563	0.007042	0.028169	0.017606	0.007042	0.010563	0.028169	0.021127	0.007042	0.007042	0.028169	0.021127	0.007042	0.010563	0.028169	0.038732	0.024648	0.017606	0.035211	0.014085	0.010563	0.024648	0.017606	0.014085	0.014085	0.014085	0.024648	0.031690	0.017606	0.021127	0.063380	
0.042254	0.010563	0.014085	0.042254	0.014085	0.035211	0.014085	0.028169	0.010563	0.021127	0.010563	0.014085	0.024648	0.080986	0.007042	0.028169	0.021127	0.010563	0.014085	0.017606	0.014085	0.024648	0.007042	0.003521	0.007042	0.024648	0.003521	0.014085	0.003521	0.024648	0.017606	0.052817	0.017606	0.014085	0.010563	0.014085	0.007042	0.010563	0.010563	0.007042	0.007042	0.014085	0.007042	0.014085	0.021127	0.017606	0.010563	0.038732	0.045775	0.014085	0.017606	0.010563	0.007042	0.003521	0.010563	0.017606	0.024648	0.014085	0.010563	0.010563	0.003521	0.035211	0.066901	0.052817	
0.042254	0.031690	0.038732	0.014085	0.017606	0.003521	0.014085	0.014085	0.007042	0.028169	0.007042	0.014085	0.014085	0.021127	0.024648	0.024648	0.017606	0.007042	0.014085	0.003521	0.028169	0.014085	0.014085	0.017606	0.007042	0.017606	0.007042	0.010563	0.024648	0.007042	0.010563	0.014085	0.017606	0.003521	0.010563	0.017606	0.021127	0.010563	0.014085	0.028169	0.017606	0.003521	0.007042	0.003521	0.017606	0.007042	0.010563	0.017606	0.021127	0.017606	0.003521	0.010563	0.042254	0.035211	0.035211	0.045775	0.021127	0.021127	0.024648	0.035211	0.035211	0.028169	0.038732	0.070423	
0.024648	0.031690	0.014085	0.028169	0.021127	0.007042	0.003521	0.028169	0.021127	0.007042	0.021127	0.017606	0.003521	0.010563	0.003521	0.028169	0.045775	0.017606	0.017606	0.028169	0.031690	0.003521	0.014085	0.014085	0.014085	0.007042	0.014085	0.042254	0.042254	0.010563	0.014085	0.038732	0.010563	0.014085	0.014085	0.014085	0.021127	0.003521	0.007042	0.038732	0.014085	0.003521	0.010563	0.017606	0.014085	0.003521	0.010563	0.035211	0.038732	0.007042	0.021127	0.024648	0.017606	0.010563	0.014085	0.021127	0.021127	0.021127	0.007042	0.035211	0.042254	0.017606	0.021127	0.045775	
0.031690	0.024648	0.021127	0.042254	0.007042	0.021127	0.021127	0.021127	0.010563	0.021127	0.014085	0.021127	0.014085	0.042254	0.010563	0.028169	0.038732	0.021127	0.014085	0.017606	0.003521	0.007042	0.007042	0.007042	0.007042	0.017606	0.007042	0.007042	0.003521	0.038732	0.021127	0.038732	0.028169	0.014085	0.017606	0.010563	0.007042	0.010563	0.014085	0.007042	0.014085	0.010563	0.014085	0.014085	0.021127	0.024648	0.028169	0.038732	0.052817	0.017606	0.017606	0.014085	0.010563	0.010563	0.007042	0.014085	0.014085	0.007042	0.017606	0.010563	0.003521	0.042254	0.038732	0.063380	
0.063380	0.021127	0.045775	0.021127	0.024648	0.021127	0.007042	0.024648	0.024648	0.007042	0.010563	0.028169	0.007042	0.021127	0.017606	0.038732	0.007042	0.007042	0.007042	0.007042	0.021127	0.007042	0.007042	0.014085	0.010563	0.007042	0.021127	0.010563	0.017606	0.003521	0.003521	0.024648	0.014085	0.007042	0.010563	0.014085	0.014085	0.010563	0.003521	0.028169	0.017606	0.014085	0.007042	0.014085	0.014085	0.007042	0.007042	0.024648	0.017606	0.007042	0.010563	0.007042	0.056338	0.035211	0.028169	0.028169	0.024648	0.007042	0.045775	0.021127	0.070423	0.017606	0.028169	0.052817	
0.021127	0.010563	0.021127	0.049296	0.021127	0.003521	0.003521	0.014085	0.003521	0.017606	0.017606	0.035211	0.010563	0.010563	0.014085	0.014085	0.038732	0.024648	0.017606	0.035211	0.021127	0.014085	0.014085	0.024648	0.021127	0.007042	0.007042	0.010563	0.038732	0.003521	0.017606	0.035211	0.014085	0.014085	0.014085	0.035211	0.007042	0.003521	0.010563	0.014085	0.024648	0.007042	0.010563	0.042254	0.017606	0.010563	0.014085	0.031690	0.031690	0.045775	0.021127	0.010563	0.024648	0.007042	0.003521	0.014085	0.010563	0.010563	0.014085	0.021127	0.017606	0.024648	0.028169	0.070423	
0.028169	0.024648	0.017606	0.035211	0.007042	0.045775	0.024648	0.017606	0.017606	0.024648	0.010563	0.021127	0.031690	0.042254	0.017606	0.038732	0.024648	0.017606	0.014085	0.017606	0.007042	0.010563	0.003521	0.007042	0.014085	0.010563	0.003521	0.003521	0.003521	0.017606	0.028169	0.017606	0.010563	0.017606	0.010563	0.021127	0.003521	0.017606	0.010563	0.010563	0.017606	0.007042	0.007042	0.017606	0.035211	0.024648	0.010563	0.038732	0.035211	0.024648	0.007042	0.017606	0.007042	0.014085	0.010563	0.017606	0.017606	0.024648	0.021127	0.010563	0.003521	0.045775	0.045775	0.056338	
0.035211	0.010563	0.031690	0.021127	0.021127	0.021127	0.014085	0.028169	0.007042	0.010563	0.014085	0.017606	0.031690	0.014085	0.014085	0.031690	0.007042	0.007042	0.007042	0.003521	0.035211	0.024648	0.010563	0.017606	0.014085	0.021127	0.010563	0.003521	0.007042	0.010563	0.010563	0.024648	0.028169	0.010563	0.017606	0.010563	0.010563	0.014085	0.003521	0.038732	0.014085	0.007042	0.003521	0.017606	0.014085	0.007042	0.010563	0.021127	0.038732	0.017606	0.014085	0.003521	0.056338	0.031690	0.010563	0.031690	0.024648	0.024648	0.031690	0.021127	0.059859	0.024648	0.024648	0.042254	
0.038732	0.028169	0.010563	0.031690	0.007042	0.003521	0.017606	0.017606	0.028169	0.014085	0.003521	0.024648	0.003521	0.007042	0.007042	0.021127	0.042254	0.021127	0.028169	0.031690	0.031690	0.017606	0.021127	0.021127	0.007042	0.003521	0.014085	0.014085	0.028169	0.007042	0.014085	0.066901	0.014085	0.017606	0.010563	0.017606	0.024648	0.007042	0.007042	0.024648	0.010563	0.021127	0.007042	0.021127	0.014085	0.003521	0.017606	0.024648	0.031690	0.024648	0.003521	0.052817	0.010563	0.017606	0.010563	0.017606	0.024648	0.014085	0.003521	0.017606	0.035211	0.010563	0.021127	0.052817	
0.049296	0.028169	0.017606	0.031690	0.017606	0.017606	0.021127	0.035211	0.017606	0.010563	0.014085	0.010563	0.014085	0.063380	0.007042	0.049296	0.021127	0.021127	0.007042	0.024648	0.014085	0.010563	0.010563	0.010563	0.017606	0.017606	0.010563	0.010563	0.003521	0.010563	0.017606	0.049296	0.031690	0.007042	0.010563	0.021127	0.003521	0.010563	0.021127	0.017606	0.003521	0.007042	0.003521	0.014085	0.024648	0.017606	0.003521	0.031690	0.042254	0.014085	0.017606	0.007042	0.010563	0.007042	0.003521	0.007042	0.007042	0.024648	0.014085	0.014085	0.003521	0.052817	0.049296	0.059859	
0.031690	0.059859	0.031690	0.021127	0.014085	0.014085	0.010563	0.031690	0.010563	0.003521	0.007042	0.031690	0.010563	0.021127	0.024648	0.028169	0.028169	0.003521	0.010563	0.003521	0.021127	0.007042	0.010563	0.007042	0.010563	0.014085	0.007042	0.024648	0.021127	0.010563	0.021127	0.017606	0.014085	0.007042	0.010563	0.014085	0.014085	0.014085	0.007042	0.024648	0.017606	0.003521	0.010563	0.010563	0.021127	0.010563	0.007042	0.010563	0.014085	0.003521	0.021127	0.007042	0.066901	0.021127	0.031690	0.024648	0.017606	0.014085	0.014085	0.031690	0.077465	0.010563	0.059859	0.042254	
0.042254	0.017606	0.010563	0.017606	0.028169	0.007042	0.003521	0.035211	0.021127	0.021127	0.010563	0.021127	0.003521	0.010563	0.010563	0.021127	0.042254	0.031690	0.017606	0.024648	0.017606	0.007042	0.010563	0.021127	0.014085	0.007042	0.017606	0.021127	0.038732	0.007042	0.014085	0.028169	0.010563	0.014085	0.017606	0.014085	0.007042	0.010563	0.003521	0.014085	0.017606	0.003521	0.007042	0.010563	0.010563	0.010563	0.031690	0.045775	0.066901	0.021127	0.021127	0.021127	0.014085	0.007042	0.010563	0.021127	0.017606	0.017606	0.042254	0.035211	0.042254	0.003521	0.014085	0.038732	
0.063380	0.028169	0.017606	0.052817	0.007042	0.028169	0.024648	0.024648	0.003521	0.028169	0.007042	0.028169	0.021127	0.014085	0.010563	0.031690	0.021127	0.017606	0.010563	0.017606	0.003521	0.014085	0.007042	0.007042	0.007042	0.014085	0.003521	0.003521	0.003521	0.014085	0.028169	0.045775	0.024648	0.014085	0.014085	0.017606	0.003521	0.017606	0.010563	0.017606	0.021127	0.021127	0.007042	0.028169	0.028169	0.007042	0.014085	0.038732	0.049296	0.035211	0.007042	0.003521	0.007042	0.010563	0.007042	0.007042	0.010563	0.014085	0.028169	0.017606	0.003521	0.042254	0.028169	0.059859	
0.049296	0.049296	0.045775	0.014085	0.031690	0.017606	0.010563	0.035211	0.014085	0.010563	0.010563	0.014085	0.007042	0.021127	0.017606	0.045775	0.003521	0.003521	0.007042	0.007042	0.021127	0.007042	0.014085	0.028169	0.010563	0.010563	0.017606	0.010563	0.021127	0.010563	0.010563	0.014085	0.021127	0.003521	0.010563	0.007042	0.024648	0.017606	0.010563	0.024648	0.014085	0.010563	0.007042	0.014085	0.031690	0.014085	0.007042	0.024648	0.014085	0.010563	0.014085	0.017606	0.028169	0.028169	0.010563	0.010563	0.010563	0.021127	0.024648	0.024648	0.059859	0.024648	0.038732	0.052817	
0.031690	0.021127	0.017606	0.017606	0.017606	0.007042	0.007042	0.035211	0.024648	0.024648	0.014085	0.014085	0.007042	0.007042	0.014085	0.017606	0.031690	0.031690	0.014085	0.028169	0.017606	0.003521	0.017606	0.031690	0.010563	0.014085	0.003521	0.017606	0.042254	0.003521	0.014085	0.038732	0.014085	0.017606	0.007042	0.010563	0.010563	0.007042	0.021127	0.014085	0.024648	0.003521	0.007042	0.024648	0.010563	0.010563	0.014085	0.028169	0.066901	0.021127	0.007042	0.024648	0.014085	0.010563	0.017606	0.028169	0.014085	0.021127	0.021127	0.017606	0.049296	0.007042	0.021127	0.059859	
0.063380	0.003521	0.028169	0.049296	0.007042	0.028169	0.024648	0.031690	0.014085	0.007042	0.014085	0.010563	0.017606	0.021127	0.007042	0.035211	0.017606	0.017606	0.014085	0.010563	0.010563	0.007042	0.007042	0.003521	0.007042	0.024648	0.014085	0.017606	0.003521	0.021127	0.031690	0.052817	0.017606	0.017606	0.010563	0.028169	0.010563	0.021127	0.010563	0.021127	0.003521	0.014085	0.003521	0.024648	0.017606	0.014085	0.010563	0.031690	0.059859	0.017606	0.010563	0.021127	0.014085	0.003521	0.007042	0.003521	0.017606	0.010563	0.021127	0.014085	0.003521	0.056338	0.038732	0.045775	
0.049296	0.066901	0.031690	0.010563	0.017606	0.014085	0.007042	0.017606	0.007042	0.010563	0.014085	0.031690	0.014085	0.021127	0.024648	0.049296	0.014085	0.010563	0.010563	0.007042	0.024648	0.017606	0.010563	0.007042	0.010563	0.010563	0.010563	0.017606	0.021127	0.014085	0.014085	0.010563	0.010563	0.003521	0.014085	0.014085	0.028169	0.007042	0.003521	0.017606	0.021127	0.010563	0.007042	0.014085	0.010563	0.007042	0.024648	0.024648	0.007042	0.010563	0.010563	0.014085	0.052817	0.017606	0.007042	0.035211	0.024648	0.017606	0.028169	0.017606	0.073944	0.017606	0.042254	0.031690	
0.024648	0.021127	0.010563	0.024648	0.035211	0.007042	0.010563	0.038732	0.014085	0.021127	0.007042	0.024648	0.017606	0.003521	0.003521	0.021127	0.038732	0.031690	0.024648	0.028169	0.021127	0.010563	0.010563	0.014085	0.003521	0.007042	0.007042	0.010563	0.021127	0.007042	0.021127	0.028169	0.021127	0.021127	0.003521	0.017606	0.017606	0.010563	0.003521	0.017606	0.010563	0.014085	0.017606	0.017606	0.017606	0.010563	0.003521	0.049296	0.049296	0.021127	0.024648	0.024648	0.021127	0.007042	0.010563	0.021127	0.014085	0.010563	0.038732	0.042254	0.024648	0.021127	0.010563	0.059859	
0.052817	0.024648	0.007042	0.049296	0.003521	0.035211	0.021127	0.035211	0.010563	0.021127	0.010563	0.021127	0.014085	0.045775	0.003521	0.031690	0.021127	0.024648	0.024648	0.024648	0.003521	0.014085	0.007042	0.010563	0.010563	0.007042	0.007042	0.010563	0.003521	0.017606	0.031690	0.038732	0.007042	0.003521	0.017606	0.014085	0.007042	0.010563	0.024648	0.010563	0.010563	0.024648	0.003521	0.031690	0.028169	0.024648	0.017606	0.024648	0.038732	0.031690	0.003521	0.007042	0.021127	0.010563	0.003521	0.007042	0.010563	0.007042	0.010563	0.010563	0.003521	0.042254	0.042254	0.070423	
0.038732	0.031690	0.028169	0.021127	0.045775	0.014085	0.007042	0.017606	0.003521	0.014085	0.010563	0.024648	0.028169	0.024648	0.024648	0.017606	0.014085	0.007042	0.007042	0.007042	0.024648	0.007042	0.014085	0.024648	0.021127	0.010563	0.014085	0.010563	0.014085	0.007042	0.021127	0.021127	0.007042	0.003521	0.017606	0.014085	0.021127	0.003521	0.007042	0.028169	0.003521	0.007042	0.007042	0.014085	0.038732	0.014085	0.007042	0.014085	0.024648	0.003521	0.010563	0.010563	0.059859	0.024648	0.021127	0.024648	0.017606	0.038732	0.017606	0.021127	0.063380	0.014085	0.038732	0.049296	
0.017606	0.028169	0.024648	0.014085	0.014085	0.010563	0.010563	0.010563	0.017606	0.010563	0.007042	0.028169	0.010563	0.007042	0.010563	0.024648	0.059859	0.052817	0.014085	0.024648	0.017606	0.010563	0.007042	0.014085	0.003521	0.007042	0.017606	0.021127	0.028169	0.003521	0.007042	0.056338	0.007042	0.021127	0.010563	0.007042	0.014085	0.010563	0.017606	0.028169	0.007042	0.007042	0.007042	0.028169	0.014085	0.007042	0.010563	0.038732	0.045775	0.028169	0.035211	0.035211	0.010563	0.014085	0.010563	0.024648	0.007042	0.021127	0.031690	0.031690	0.038732	0.017606	0.003521	0.042254	
0.056338	0.031690	0.021127	0.021127	0.010563	0.035211	0.017606	0.066901	0.007042	0.038732	0.017606	0.021127	0.003521	0.024648	0.003521	0.049296	0.017606	0.014085	0.007042	0.017606	0.014085	0.007042	0.014085	0.010563	0.007042	0.010563	0.014085	0.014085	0.003521	0.017606	0.007042	0.049296	0.014085	0.003521	0.014085	0.003521	0.003521	0.007042	0.014085	0.021127	0.021127	0.017606	0.010563	0.014085	0.031690	0.021127	0.017606	0.038732	0.059859	0.017606	0.003521	0.010563	0.007042	0.003521	0.010563	0.014085	0.003521	0.017606	0.003521	0.007042	0.003521	0.063380	0.042254	0.052817	
