>NC_009009
0.000876	0.000876	0.000876	0.000876	0.000876	0.000876	0.000876	0.000876	0.000876	0.000876	0.000876	0.000876	0.000876	0.000876	0.000876	0.000876	0.000876	0.000876	0.000876	0.000876	0.000876	0.000876	0.000876	0.000876	0.000876	0.000876	0.000876	0.000876	0.197023	0.000876	0.000876	0.000876	0.000876	0.000876	0.000876	0.000876	0.000876	0.000876	0.000876	0.000876	0.000876	0.000876	0.000876	0.000876	0.000876	0.000876	0.000876	0.000876	0.000876	0.000876	0.000876	0.000876	0.209282	0.000876	0.000876	0.000876	0.000876	0.000876	0.000876	0.000876	0.596322	0.000876	0.000876	0.000876	
0.000876	0.000876	0.000876	0.000876	0.000876	0.000876	0.000876	0.000876	0.000876	0.000876	0.000876	0.000876	0.000876	0.000876	0.000876	0.000876	0.062172	0.035902	0.032399	0.081436	0.000876	0.000876	0.000876	0.000876	0.000876	0.000876	0.000876	0.000876	0.000876	0.000876	0.000876	0.000876	0.000876	0.000876	0.000876	0.000876	0.000876	0.000876	0.000876	0.000876	0.000876	0.000876	0.000876	0.000876	0.000876	0.000876	0.000876	0.000876	0.188266	0.138354	0.136602	0.331874	0.000876	0.000876	0.000876	0.000876	0.000876	0.000876	0.000876	0.000876	0.000876	0.000876	0.000876	0.000876	
0.087566	0.028897	0.043783	0.091944	0.040280	0.027145	0.007881	0.100701	0.041156	0.030648	0.020140	0.078809	0.071804	0.050788	0.037653	0.254816	0.000876	0.000876	0.000876	0.000876	0.000876	0.000876	0.000876	0.000876	0.000876	0.000876	0.000876	0.000876	0.000876	0.000876	0.000876	0.000876	0.000876	0.000876	0.000876	0.000876	0.000876	0.000876	0.000876	0.000876	0.000876	0.000876	0.000876	0.000876	0.000876	0.000876	0.000876	0.000876	0.000876	0.000876	0.000876	0.000876	0.000876	0.000876	0.000876	0.000876	0.000876	0.000876	0.000876	0.000876	0.000876	0.000876	0.000876	0.000876	
0.031524	0.017513	0.016637	0.024518	0.004378	0.009632	0.008757	0.008757	0.010508	0.021891	0.007881	0.006130	0.021016	0.043783	0.007005	0.022767	0.016637	0.005254	0.004378	0.016637	0.008757	0.003503	0.004378	0.013135	0.004378	0.001751	0.003503	0.000876	0.000876	0.035026	0.021016	0.046410	0.013135	0.009632	0.006130	0.014886	0.002627	0.010508	0.002627	0.017513	0.006130	0.008757	0.003503	0.004378	0.011384	0.036778	0.008757	0.024518	0.032399	0.014011	0.014011	0.014011	0.000876	0.022767	0.007005	0.022767	0.014886	0.014886	0.004378	0.006130	0.000876	0.074431	0.030648	0.151489	
0.035902	0.017513	0.015762	0.024518	0.011384	0.013135	0.004378	0.017513	0.010508	0.013135	0.008757	0.008757	0.015762	0.022767	0.010508	0.021016	0.004378	0.002627	0.003503	0.006130	0.014011	0.010508	0.003503	0.018389	0.006130	0.004378	0.004378	0.007881	0.017513	0.015762	0.009632	0.019264	0.012259	0.007881	0.003503	0.012259	0.009632	0.010508	0.004378	0.022767	0.004378	0.005254	0.001751	0.007881	0.004378	0.003503	0.005254	0.004378	0.013135	0.005254	0.009632	0.006130	0.066550	0.043783	0.014886	0.064799	0.029772	0.013135	0.010508	0.014011	0.060420	0.048161	0.039405	0.097198	
0.015762	0.011384	0.014886	0.023643	0.010508	0.006130	0.002627	0.014011	0.008757	0.007005	0.005254	0.011384	0.011384	0.009632	0.007881	0.020140	0.033275	0.015762	0.011384	0.041156	0.024518	0.009632	0.009632	0.034151	0.006130	0.004378	0.003503	0.013135	0.020140	0.015762	0.010508	0.077058	0.014886	0.008757	0.009632	0.017513	0.007881	0.009632	0.005254	0.013135	0.007005	0.007881	0.003503	0.007005	0.005254	0.007005	0.007005	0.019264	0.022767	0.018389	0.018389	0.038529	0.029772	0.018389	0.009632	0.032399	0.014886	0.015762	0.009632	0.024518	0.015762	0.026270	0.021016	0.078809	
0.028021	0.014886	0.015762	0.028021	0.004378	0.019264	0.007881	0.022767	0.013135	0.021016	0.005254	0.014886	0.022767	0.034151	0.020140	0.043783	0.029772	0.021016	0.008757	0.013135	0.015762	0.014011	0.002627	0.011384	0.004378	0.014886	0.004378	0.003503	0.000876	0.037653	0.015762	0.039405	0.007881	0.011384	0.004378	0.013135	0.003503	0.003503	0.007881	0.020140	0.006130	0.003503	0.001751	0.010508	0.008757	0.017513	0.004378	0.025394	0.017513	0.015762	0.013135	0.006130	0.000876	0.034151	0.005254	0.018389	0.010508	0.014886	0.007005	0.014011	0.000876	0.084939	0.018389	0.091068	
0.027145	0.021016	0.017513	0.017513	0.011384	0.019264	0.007881	0.024518	0.014011	0.009632	0.006130	0.012259	0.023643	0.016637	0.006130	0.014011	0.005254	0.004378	0.003503	0.011384	0.018389	0.022767	0.005254	0.024518	0.010508	0.002627	0.005254	0.005254	0.021891	0.010508	0.014886	0.025394	0.014011	0.002627	0.008757	0.008757	0.006130	0.014886	0.011384	0.021891	0.006130	0.006130	0.002627	0.003503	0.012259	0.014011	0.002627	0.014011	0.011384	0.006130	0.010508	0.005254	0.042907	0.060420	0.013135	0.057793	0.023643	0.015762	0.005254	0.014011	0.046410	0.051664	0.025394	0.076182	
0.022767	0.007005	0.009632	0.018389	0.008757	0.007005	0.000876	0.017513	0.011384	0.012259	0.007005	0.009632	0.010508	0.002627	0.007881	0.021891	0.031524	0.010508	0.013135	0.023643	0.043783	0.020140	0.010508	0.042907	0.012259	0.009632	0.004378	0.011384	0.022767	0.018389	0.026270	0.061296	0.012259	0.015762	0.007005	0.019264	0.014886	0.004378	0.002627	0.012259	0.006130	0.003503	0.003503	0.006130	0.005254	0.006130	0.007881	0.015762	0.035902	0.008757	0.016637	0.042907	0.026270	0.016637	0.007881	0.042032	0.008757	0.011384	0.011384	0.017513	0.021016	0.019264	0.023643	0.065674	
0.035902	0.017513	0.010508	0.038529	0.004378	0.015762	0.005254	0.016637	0.015762	0.013135	0.007881	0.009632	0.027145	0.035026	0.012259	0.029772	0.036778	0.017513	0.016637	0.022767	0.026270	0.008757	0.006130	0.007005	0.003503	0.007881	0.003503	0.007005	0.000876	0.042032	0.020140	0.051664	0.012259	0.011384	0.006130	0.008757	0.004378	0.009632	0.008757	0.014011	0.004378	0.008757	0.003503	0.009632	0.012259	0.014011	0.008757	0.009632	0.024518	0.015762	0.009632	0.009632	0.000876	0.017513	0.004378	0.023643	0.016637	0.020140	0.006130	0.022767	0.000876	0.075306	0.020140	0.068301	
0.042032	0.015762	0.021016	0.030648	0.020140	0.020140	0.008757	0.013135	0.010508	0.010508	0.007881	0.014011	0.026270	0.021891	0.008757	0.022767	0.011384	0.012259	0.009632	0.002627	0.011384	0.010508	0.004378	0.025394	0.012259	0.004378	0.003503	0.004378	0.013135	0.009632	0.014886	0.023643	0.012259	0.009632	0.007881	0.010508	0.014886	0.014886	0.006130	0.014011	0.005254	0.006130	0.004378	0.005254	0.014011	0.018389	0.005254	0.011384	0.015762	0.007005	0.013135	0.005254	0.051664	0.042032	0.011384	0.061296	0.025394	0.014886	0.007005	0.014011	0.040280	0.045534	0.024518	0.049037	
0.030648	0.007005	0.012259	0.031524	0.011384	0.011384	0.003503	0.018389	0.014886	0.015762	0.007881	0.013135	0.009632	0.006130	0.005254	0.028021	0.046410	0.008757	0.019264	0.023643	0.025394	0.011384	0.012259	0.038529	0.008757	0.006130	0.007881	0.007881	0.023643	0.020140	0.015762	0.054291	0.017513	0.007881	0.009632	0.018389	0.016637	0.001751	0.004378	0.013135	0.008757	0.004378	0.002627	0.007005	0.007881	0.006130	0.005254	0.018389	0.039405	0.010508	0.020140	0.023643	0.031524	0.014886	0.010508	0.038529	0.015762	0.010508	0.005254	0.021891	0.012259	0.021891	0.018389	0.054291	
0.040280	0.023643	0.014011	0.056042	0.003503	0.010508	0.010508	0.009632	0.013135	0.021891	0.011384	0.014886	0.024518	0.028897	0.011384	0.032399	0.031524	0.019264	0.014886	0.019264	0.016637	0.007005	0.005254	0.010508	0.004378	0.010508	0.007005	0.008757	0.000876	0.043783	0.016637	0.047285	0.010508	0.014886	0.008757	0.014011	0.002627	0.007881	0.007005	0.019264	0.005254	0.008757	0.001751	0.007881	0.013135	0.014011	0.012259	0.010508	0.021016	0.016637	0.007881	0.007881	0.000876	0.022767	0.008757	0.021891	0.014011	0.010508	0.002627	0.017513	0.000876	0.070053	0.021891	0.062172	
0.049037	0.013135	0.022767	0.018389	0.028021	0.016637	0.001751	0.028021	0.010508	0.014886	0.006130	0.014011	0.027145	0.033275	0.010508	0.026270	0.006130	0.007881	0.007881	0.001751	0.012259	0.007881	0.004378	0.023643	0.011384	0.006130	0.004378	0.009632	0.012259	0.013135	0.014011	0.021891	0.012259	0.009632	0.006130	0.008757	0.018389	0.012259	0.003503	0.017513	0.008757	0.003503	0.003503	0.007005	0.014886	0.014886	0.005254	0.014011	0.016637	0.003503	0.011384	0.007881	0.047285	0.039405	0.007005	0.063047	0.019264	0.019264	0.006130	0.017513	0.031524	0.041156	0.026270	0.053415	
0.032399	0.011384	0.014886	0.025394	0.007005	0.004378	0.001751	0.021016	0.014011	0.013135	0.007005	0.014011	0.005254	0.001751	0.007881	0.021891	0.035026	0.011384	0.021016	0.038529	0.028021	0.013135	0.006130	0.028897	0.001751	0.002627	0.001751	0.010508	0.023643	0.014886	0.033275	0.060420	0.019264	0.007881	0.011384	0.011384	0.015762	0.007005	0.007881	0.013135	0.006130	0.003503	0.006130	0.004378	0.009632	0.008757	0.011384	0.018389	0.025394	0.014886	0.020140	0.025394	0.036778	0.018389	0.007881	0.039405	0.016637	0.013135	0.010508	0.015762	0.015762	0.018389	0.014011	0.067426	
0.038529	0.018389	0.018389	0.036778	0.006130	0.014886	0.008757	0.015762	0.013135	0.025394	0.009632	0.019264	0.027145	0.030648	0.009632	0.033275	0.029772	0.014886	0.025394	0.017513	0.015762	0.009632	0.007881	0.009632	0.003503	0.010508	0.003503	0.006130	0.000876	0.028021	0.030648	0.042907	0.007005	0.009632	0.011384	0.010508	0.002627	0.010508	0.006130	0.013135	0.005254	0.008757	0.002627	0.008757	0.007881	0.009632	0.009632	0.017513	0.014011	0.014886	0.014011	0.011384	0.000876	0.024518	0.009632	0.008757	0.012259	0.024518	0.011384	0.018389	0.000876	0.070928	0.019264	0.077058	
0.025394	0.014886	0.019264	0.029772	0.018389	0.014011	0.008757	0.016637	0.020140	0.025394	0.010508	0.013135	0.023643	0.015762	0.012259	0.024518	0.012259	0.002627	0.006130	0.004378	0.016637	0.012259	0.007881	0.022767	0.006130	0.007881	0.008757	0.009632	0.009632	0.007005	0.013135	0.017513	0.014011	0.003503	0.007881	0.008757	0.019264	0.015762	0.007881	0.026270	0.008757	0.006130	0.005254	0.007005	0.014886	0.014886	0.009632	0.013135	0.014886	0.004378	0.012259	0.005254	0.039405	0.042032	0.012259	0.045534	0.022767	0.011384	0.019264	0.015762	0.042032	0.037653	0.034151	0.056918	
0.029772	0.006130	0.012259	0.018389	0.006130	0.003503	0.001751	0.014011	0.012259	0.011384	0.008757	0.013135	0.010508	0.008757	0.007881	0.021016	0.041156	0.008757	0.014886	0.028897	0.031524	0.007881	0.006130	0.038529	0.009632	0.011384	0.005254	0.010508	0.014011	0.018389	0.028897	0.049912	0.020140	0.007881	0.009632	0.020140	0.019264	0.007881	0.004378	0.019264	0.009632	0.007005	0.007005	0.020140	0.009632	0.009632	0.011384	0.014886	0.029772	0.007005	0.017513	0.035902	0.024518	0.011384	0.003503	0.035902	0.030648	0.010508	0.010508	0.017513	0.024518	0.013135	0.018389	0.056042	
0.039405	0.026270	0.014011	0.041156	0.001751	0.007881	0.006130	0.014011	0.014011	0.022767	0.007005	0.010508	0.032399	0.026270	0.014886	0.029772	0.027145	0.014011	0.017513	0.022767	0.012259	0.008757	0.002627	0.007005	0.001751	0.007881	0.001751	0.004378	0.000876	0.035902	0.025394	0.045534	0.017513	0.013135	0.010508	0.021016	0.001751	0.009632	0.008757	0.020140	0.010508	0.010508	0.001751	0.008757	0.020140	0.020140	0.007881	0.013135	0.018389	0.014011	0.012259	0.014011	0.000876	0.021891	0.008757	0.018389	0.012259	0.020140	0.012259	0.021891	0.000876	0.056042	0.025394	0.059545	
0.043783	0.012259	0.023643	0.022767	0.018389	0.015762	0.007881	0.025394	0.014886	0.008757	0.014011	0.016637	0.036778	0.017513	0.014886	0.029772	0.003503	0.002627	0.007881	0.002627	0.013135	0.010508	0.004378	0.020140	0.008757	0.006130	0.003503	0.007881	0.016637	0.010508	0.017513	0.014886	0.017513	0.004378	0.007005	0.009632	0.018389	0.021016	0.005254	0.016637	0.006130	0.006130	0.005254	0.005254	0.008757	0.020140	0.004378	0.012259	0.021016	0.006130	0.013135	0.014011	0.041156	0.033275	0.015762	0.048161	0.026270	0.021016	0.015762	0.010508	0.028897	0.041156	0.030648	0.047285	
0.033275	0.012259	0.014886	0.025394	0.007881	0.003503	0.003503	0.010508	0.024518	0.010508	0.006130	0.010508	0.009632	0.006130	0.009632	0.023643	0.026270	0.012259	0.019264	0.033275	0.033275	0.014011	0.006130	0.027145	0.012259	0.007881	0.003503	0.009632	0.024518	0.014011	0.016637	0.055166	0.015762	0.011384	0.007005	0.021891	0.018389	0.005254	0.002627	0.015762	0.012259	0.009632	0.006130	0.010508	0.007005	0.006130	0.011384	0.015762	0.028897	0.014011	0.018389	0.029772	0.037653	0.011384	0.007005	0.033275	0.027145	0.012259	0.015762	0.012259	0.019264	0.014011	0.014011	0.056918	
0.022767	0.021016	0.019264	0.041156	0.004378	0.011384	0.013135	0.021016	0.007881	0.029772	0.006130	0.015762	0.030648	0.039405	0.014886	0.025394	0.031524	0.012259	0.028897	0.024518	0.013135	0.007005	0.007005	0.007005	0.003503	0.007005	0.004378	0.004378	0.000876	0.028897	0.019264	0.037653	0.021016	0.012259	0.021891	0.021016	0.003503	0.014011	0.010508	0.012259	0.007881	0.011384	0.004378	0.007881	0.015762	0.014011	0.004378	0.008757	0.026270	0.011384	0.014886	0.007881	0.000876	0.011384	0.010508	0.017513	0.006130	0.016637	0.013135	0.015762	0.000876	0.065674	0.027145	0.057793	
0.046410	0.011384	0.024518	0.019264	0.018389	0.013135	0.007005	0.018389	0.026270	0.016637	0.018389	0.023643	0.036778	0.022767	0.015762	0.019264	0.006130	0.003503	0.003503	0.008757	0.017513	0.006130	0.010508	0.009632	0.017513	0.007881	0.009632	0.006130	0.018389	0.011384	0.011384	0.016637	0.007881	0.007005	0.004378	0.006130	0.014886	0.014011	0.005254	0.030648	0.009632	0.006130	0.003503	0.008757	0.008757	0.014886	0.007881	0.012259	0.015762	0.007005	0.017513	0.007881	0.042032	0.037653	0.016637	0.051664	0.023643	0.018389	0.011384	0.012259	0.025394	0.028897	0.030648	0.044658	
0.025394	0.011384	0.019264	0.020140	0.010508	0.006130	0.000876	0.011384	0.019264	0.012259	0.007881	0.010508	0.012259	0.005254	0.006130	0.018389	0.028021	0.012259	0.021891	0.030648	0.024518	0.009632	0.013135	0.023643	0.012259	0.009632	0.003503	0.014011	0.016637	0.013135	0.027145	0.053415	0.024518	0.014886	0.009632	0.028021	0.022767	0.004378	0.005254	0.016637	0.011384	0.013135	0.007881	0.010508	0.011384	0.006130	0.011384	0.021891	0.024518	0.017513	0.020140	0.027145	0.026270	0.014011	0.008757	0.028897	0.023643	0.017513	0.014886	0.009632	0.015762	0.014886	0.018389	0.043783	
0.028897	0.020140	0.015762	0.037653	0.006130	0.018389	0.015762	0.015762	0.011384	0.033275	0.007881	0.018389	0.034151	0.039405	0.011384	0.021016	0.025394	0.014011	0.019264	0.025394	0.017513	0.006130	0.002627	0.007881	0.004378	0.014011	0.003503	0.006130	0.000876	0.023643	0.027145	0.028897	0.014886	0.018389	0.010508	0.022767	0.003503	0.018389	0.009632	0.021016	0.007881	0.013135	0.005254	0.007881	0.009632	0.021891	0.003503	0.009632	0.016637	0.013135	0.013135	0.013135	0.000876	0.019264	0.006130	0.013135	0.012259	0.019264	0.016637	0.014886	0.000876	0.061296	0.021891	0.053415	
0.029772	0.014011	0.023643	0.018389	0.019264	0.020140	0.006130	0.020140	0.017513	0.017513	0.008757	0.014886	0.028021	0.027145	0.015762	0.028021	0.008757	0.006130	0.007005	0.006130	0.018389	0.010508	0.014886	0.018389	0.011384	0.007005	0.009632	0.006130	0.015762	0.011384	0.016637	0.014011	0.007005	0.012259	0.007881	0.008757	0.030648	0.020140	0.007005	0.021891	0.014886	0.008757	0.003503	0.006130	0.017513	0.010508	0.007881	0.011384	0.018389	0.005254	0.015762	0.006130	0.040280	0.032399	0.017513	0.056042	0.018389	0.013135	0.019264	0.013135	0.028897	0.026270	0.024518	0.033275	
0.026270	0.009632	0.011384	0.016637	0.009632	0.009632	0.003503	0.014886	0.020140	0.009632	0.011384	0.013135	0.010508	0.003503	0.009632	0.015762	0.048161	0.007005	0.017513	0.035902	0.031524	0.014011	0.009632	0.028021	0.014886	0.007881	0.007881	0.014886	0.021016	0.008757	0.025394	0.061296	0.016637	0.008757	0.009632	0.027145	0.014886	0.005254	0.007005	0.019264	0.013135	0.010508	0.006130	0.011384	0.005254	0.007005	0.008757	0.019264	0.030648	0.013135	0.016637	0.029772	0.036778	0.011384	0.004378	0.022767	0.028021	0.008757	0.012259	0.015762	0.013135	0.010508	0.012259	0.050788	
0.032399	0.022767	0.019264	0.047285	0.003503	0.010508	0.013135	0.011384	0.013135	0.021891	0.008757	0.011384	0.031524	0.036778	0.009632	0.031524	0.030648	0.014886	0.018389	0.028897	0.023643	0.006130	0.006130	0.004378	0.004378	0.011384	0.005254	0.003503	0.000876	0.022767	0.032399	0.028897	0.013135	0.014011	0.017513	0.031524	0.000876	0.016637	0.009632	0.009632	0.007005	0.017513	0.003503	0.009632	0.017513	0.022767	0.004378	0.010508	0.016637	0.014886	0.011384	0.007005	0.000876	0.010508	0.008757	0.009632	0.007881	0.021891	0.010508	0.015762	0.000876	0.063047	0.027145	0.056042	
0.037653	0.007881	0.026270	0.021016	0.020140	0.023643	0.002627	0.020140	0.016637	0.016637	0.020140	0.013135	0.035902	0.031524	0.020140	0.027145	0.007881	0.004378	0.015762	0.000876	0.012259	0.011384	0.006130	0.014011	0.014886	0.010508	0.007881	0.004378	0.012259	0.005254	0.007005	0.010508	0.012259	0.009632	0.007005	0.003503	0.021891	0.019264	0.007005	0.024518	0.014011	0.005254	0.004378	0.004378	0.010508	0.014886	0.006130	0.008757	0.017513	0.007005	0.018389	0.007881	0.048161	0.031524	0.021891	0.043783	0.022767	0.015762	0.020140	0.014886	0.029772	0.024518	0.032399	0.040280	
0.025394	0.014011	0.014011	0.021891	0.007005	0.003503	0.003503	0.014886	0.027145	0.012259	0.012259	0.015762	0.007005	0.005254	0.003503	0.017513	0.031524	0.011384	0.019264	0.040280	0.039405	0.009632	0.014011	0.022767	0.009632	0.008757	0.002627	0.016637	0.020140	0.014011	0.021891	0.046410	0.024518	0.012259	0.008757	0.022767	0.014886	0.006130	0.006130	0.021016	0.015762	0.011384	0.008757	0.016637	0.008757	0.004378	0.006130	0.017513	0.028897	0.014011	0.014011	0.031524	0.024518	0.012259	0.007005	0.032399	0.036778	0.005254	0.012259	0.011384	0.013135	0.010508	0.014886	0.048161	
0.030648	0.022767	0.013135	0.043783	0.003503	0.018389	0.012259	0.017513	0.007881	0.034151	0.004378	0.009632	0.036778	0.038529	0.016637	0.024518	0.024518	0.009632	0.033275	0.018389	0.011384	0.008757	0.004378	0.007005	0.006130	0.009632	0.009632	0.005254	0.000876	0.029772	0.018389	0.042032	0.020140	0.018389	0.021891	0.028897	0.004378	0.012259	0.007005	0.014011	0.004378	0.014886	0.004378	0.012259	0.019264	0.021891	0.007881	0.011384	0.016637	0.012259	0.012259	0.007881	0.000876	0.017513	0.007881	0.007881	0.006130	0.019264	0.011384	0.009632	0.000876	0.063923	0.024518	0.040280	
0.034151	0.008757	0.034151	0.014886	0.019264	0.014011	0.012259	0.017513	0.023643	0.021891	0.021891	0.013135	0.026270	0.022767	0.019264	0.030648	0.004378	0.003503	0.006130	0.006130	0.019264	0.006130	0.015762	0.015762	0.010508	0.007005	0.007881	0.006130	0.009632	0.004378	0.014886	0.017513	0.007005	0.004378	0.007005	0.006130	0.021016	0.016637	0.013135	0.027145	0.013135	0.006130	0.003503	0.007005	0.012259	0.011384	0.003503	0.009632	0.015762	0.007881	0.026270	0.007881	0.047285	0.035902	0.018389	0.052539	0.027145	0.016637	0.015762	0.007881	0.026270	0.021891	0.034151	0.035902	
0.013135	0.016637	0.013135	0.018389	0.008757	0.004378	0.002627	0.008757	0.025394	0.014886	0.016637	0.016637	0.006130	0.004378	0.006130	0.018389	0.034151	0.018389	0.025394	0.028897	0.028021	0.007881	0.012259	0.024518	0.019264	0.012259	0.009632	0.018389	0.021016	0.015762	0.027145	0.049037	0.025394	0.011384	0.012259	0.025394	0.017513	0.006130	0.005254	0.022767	0.007881	0.011384	0.009632	0.020140	0.007881	0.005254	0.005254	0.015762	0.014011	0.015762	0.014011	0.030648	0.028021	0.010508	0.007005	0.014886	0.029772	0.014886	0.014011	0.013135	0.011384	0.020140	0.011384	0.050788	
0.018389	0.024518	0.013135	0.030648	0.007005	0.024518	0.017513	0.013135	0.013135	0.034151	0.007005	0.010508	0.035902	0.030648	0.010508	0.026270	0.024518	0.010508	0.023643	0.023643	0.009632	0.006130	0.005254	0.007881	0.002627	0.009632	0.007005	0.007881	0.000876	0.024518	0.018389	0.027145	0.017513	0.020140	0.016637	0.028021	0.003503	0.019264	0.016637	0.014011	0.004378	0.028897	0.005254	0.011384	0.016637	0.019264	0.009632	0.022767	0.013135	0.014011	0.009632	0.009632	0.000876	0.024518	0.010508	0.009632	0.010508	0.016637	0.010508	0.012259	0.000876	0.049912	0.028897	0.054291	
0.024518	0.013135	0.023643	0.012259	0.027145	0.016637	0.008757	0.016637	0.019264	0.014011	0.018389	0.011384	0.032399	0.023643	0.013135	0.022767	0.007005	0.004378	0.006130	0.003503	0.027145	0.011384	0.014011	0.021891	0.017513	0.011384	0.010508	0.010508	0.012259	0.007005	0.010508	0.014886	0.008757	0.003503	0.009632	0.008757	0.034151	0.014011	0.005254	0.035902	0.010508	0.006130	0.007881	0.005254	0.011384	0.014011	0.008757	0.007881	0.015762	0.007005	0.023643	0.007881	0.040280	0.035026	0.014886	0.034151	0.027145	0.014886	0.015762	0.009632	0.032399	0.021891	0.029772	0.046410	
0.019264	0.003503	0.020140	0.013135	0.008757	0.005254	0.002627	0.011384	0.014011	0.014886	0.012259	0.021891	0.006130	0.006130	0.004378	0.015762	0.045534	0.021891	0.019264	0.042032	0.033275	0.011384	0.007005	0.025394	0.012259	0.007005	0.013135	0.010508	0.017513	0.014011	0.022767	0.054291	0.026270	0.009632	0.019264	0.019264	0.019264	0.002627	0.007005	0.017513	0.018389	0.012259	0.006130	0.015762	0.009632	0.006130	0.004378	0.016637	0.031524	0.009632	0.016637	0.030648	0.028897	0.007881	0.007881	0.021891	0.021891	0.008757	0.010508	0.021016	0.007881	0.016637	0.014011	0.053415	
0.040280	0.021016	0.018389	0.042907	0.004378	0.021016	0.011384	0.007881	0.014886	0.038529	0.007005	0.014886	0.026270	0.040280	0.013135	0.025394	0.019264	0.018389	0.024518	0.028021	0.014886	0.004378	0.005254	0.002627	0.003503	0.009632	0.003503	0.007881	0.000876	0.024518	0.022767	0.028021	0.019264	0.014011	0.009632	0.023643	0.005254	0.014011	0.014011	0.009632	0.006130	0.018389	0.002627	0.014886	0.013135	0.028021	0.010508	0.017513	0.016637	0.010508	0.007005	0.007005	0.000876	0.025394	0.003503	0.013135	0.006130	0.019264	0.007881	0.012259	0.000876	0.057793	0.026270	0.055166	
0.036778	0.010508	0.033275	0.014886	0.019264	0.014011	0.010508	0.020140	0.014011	0.018389	0.010508	0.016637	0.034151	0.026270	0.015762	0.025394	0.007881	0.002627	0.010508	0.004378	0.020140	0.007881	0.014886	0.021891	0.011384	0.005254	0.010508	0.007005	0.009632	0.005254	0.011384	0.007005	0.014011	0.004378	0.004378	0.007881	0.025394	0.026270	0.007881	0.026270	0.003503	0.006130	0.004378	0.007005	0.013135	0.015762	0.008757	0.012259	0.014886	0.003503	0.012259	0.010508	0.046410	0.023643	0.027145	0.053415	0.023643	0.028897	0.010508	0.009632	0.037653	0.026270	0.032399	0.029772	
0.018389	0.007881	0.020140	0.027145	0.004378	0.003503	0.001751	0.011384	0.028021	0.012259	0.011384	0.008757	0.008757	0.004378	0.005254	0.019264	0.044658	0.013135	0.021016	0.032399	0.035026	0.005254	0.008757	0.022767	0.020140	0.017513	0.009632	0.013135	0.019264	0.007881	0.040280	0.054291	0.014886	0.011384	0.008757	0.017513	0.014886	0.007005	0.004378	0.032399	0.009632	0.009632	0.005254	0.011384	0.012259	0.008757	0.006130	0.013135	0.023643	0.014011	0.012259	0.044658	0.021891	0.010508	0.005254	0.035902	0.028021	0.011384	0.020140	0.008757	0.013135	0.009632	0.014011	0.037653	
0.021891	0.021891	0.020140	0.037653	0.006130	0.017513	0.011384	0.011384	0.013135	0.025394	0.012259	0.011384	0.022767	0.048161	0.009632	0.041156	0.017513	0.015762	0.027145	0.015762	0.012259	0.005254	0.005254	0.003503	0.002627	0.013135	0.002627	0.001751	0.000876	0.019264	0.034151	0.048161	0.019264	0.021016	0.018389	0.027145	0.004378	0.021016	0.010508	0.014886	0.007005	0.021016	0.002627	0.015762	0.008757	0.020140	0.007881	0.005254	0.022767	0.009632	0.009632	0.011384	0.000876	0.016637	0.007881	0.005254	0.014886	0.020140	0.014886	0.015762	0.000876	0.064799	0.018389	0.040280	
0.028021	0.010508	0.029772	0.013135	0.027145	0.010508	0.008757	0.021891	0.029772	0.017513	0.016637	0.011384	0.028897	0.018389	0.021016	0.023643	0.008757	0.004378	0.004378	0.006130	0.018389	0.014011	0.013135	0.014886	0.006130	0.010508	0.008757	0.009632	0.007005	0.007005	0.012259	0.008757	0.015762	0.005254	0.008757	0.007881	0.028021	0.014886	0.008757	0.028021	0.014886	0.008757	0.005254	0.003503	0.012259	0.011384	0.010508	0.010508	0.012259	0.004378	0.010508	0.006130	0.054291	0.025394	0.014886	0.057793	0.026270	0.018389	0.011384	0.014011	0.028021	0.035026	0.037653	0.034151	
0.022767	0.013135	0.010508	0.018389	0.005254	0.004378	0.002627	0.012259	0.016637	0.014886	0.006130	0.015762	0.007881	0.001751	0.007881	0.015762	0.043783	0.017513	0.028897	0.037653	0.022767	0.007881	0.006130	0.028021	0.014011	0.010508	0.006130	0.014886	0.022767	0.011384	0.036778	0.051664	0.023643	0.015762	0.013135	0.024518	0.015762	0.007005	0.005254	0.027145	0.012259	0.009632	0.007881	0.012259	0.010508	0.007005	0.010508	0.010508	0.023643	0.008757	0.019264	0.024518	0.031524	0.010508	0.006130	0.023643	0.028021	0.021016	0.018389	0.014011	0.007881	0.010508	0.014011	0.044658	
0.036778	0.024518	0.016637	0.035902	0.006130	0.021891	0.014886	0.012259	0.010508	0.035902	0.007005	0.018389	0.025394	0.040280	0.012259	0.027145	0.022767	0.008757	0.022767	0.021016	0.017513	0.005254	0.005254	0.001751	0.001751	0.007005	0.005254	0.006130	0.000876	0.024518	0.026270	0.039405	0.020140	0.018389	0.012259	0.020140	0.007005	0.023643	0.011384	0.014011	0.007881	0.013135	0.006130	0.011384	0.017513	0.021016	0.006130	0.012259	0.017513	0.010508	0.011384	0.009632	0.000876	0.015762	0.007005	0.007005	0.012259	0.028897	0.015762	0.012259	0.000876	0.051664	0.021016	0.049037	
0.028897	0.009632	0.038529	0.020140	0.028021	0.010508	0.007881	0.015762	0.023643	0.012259	0.013135	0.014011	0.027145	0.026270	0.014886	0.018389	0.010508	0.003503	0.012259	0.005254	0.028897	0.008757	0.014011	0.014886	0.015762	0.005254	0.008757	0.008757	0.004378	0.007005	0.011384	0.012259	0.013135	0.003503	0.007005	0.008757	0.024518	0.021891	0.009632	0.028897	0.014011	0.008757	0.005254	0.006130	0.014011	0.016637	0.005254	0.012259	0.017513	0.001751	0.016637	0.008757	0.046410	0.034151	0.023643	0.033275	0.021891	0.014886	0.019264	0.009632	0.030648	0.025394	0.042907	0.028897	
0.025394	0.011384	0.014886	0.018389	0.004378	0.003503	0.002627	0.007881	0.028021	0.016637	0.014886	0.014886	0.006130	0.007881	0.007005	0.021891	0.041156	0.020140	0.021891	0.044658	0.028897	0.014011	0.009632	0.022767	0.014886	0.014011	0.016637	0.009632	0.020140	0.008757	0.021891	0.042032	0.025394	0.014011	0.010508	0.025394	0.009632	0.006130	0.007005	0.018389	0.014011	0.007881	0.010508	0.014011	0.009632	0.007881	0.005254	0.015762	0.023643	0.008757	0.020140	0.023643	0.033275	0.006130	0.008757	0.027145	0.027145	0.014886	0.014886	0.017513	0.014011	0.009632	0.014886	0.033275	
0.029772	0.028897	0.018389	0.038529	0.003503	0.022767	0.014011	0.014011	0.010508	0.028897	0.011384	0.016637	0.032399	0.033275	0.014011	0.032399	0.028897	0.011384	0.015762	0.020140	0.014011	0.007881	0.005254	0.002627	0.001751	0.011384	0.005254	0.009632	0.000876	0.028897	0.015762	0.030648	0.009632	0.026270	0.020140	0.028021	0.006130	0.021891	0.010508	0.014886	0.012259	0.021016	0.007881	0.015762	0.015762	0.017513	0.009632	0.013135	0.014886	0.010508	0.017513	0.007005	0.000876	0.016637	0.009632	0.007005	0.007881	0.015762	0.014886	0.010508	0.000876	0.053415	0.023643	0.035026	
0.028897	0.010508	0.027145	0.016637	0.027145	0.017513	0.011384	0.021016	0.021891	0.016637	0.017513	0.015762	0.033275	0.018389	0.025394	0.016637	0.010508	0.002627	0.008757	0.002627	0.023643	0.008757	0.010508	0.026270	0.014011	0.008757	0.010508	0.006130	0.010508	0.001751	0.016637	0.009632	0.008757	0.007881	0.009632	0.006130	0.023643	0.016637	0.006130	0.030648	0.015762	0.008757	0.006130	0.008757	0.005254	0.021016	0.013135	0.013135	0.022767	0.007005	0.014886	0.005254	0.045534	0.027145	0.018389	0.042032	0.023643	0.015762	0.015762	0.007881	0.025394	0.024518	0.030648	0.030648	
0.027145	0.006130	0.017513	0.020140	0.009632	0.003503	0.001751	0.013135	0.019264	0.014011	0.014011	0.013135	0.005254	0.004378	0.006130	0.014886	0.037653	0.018389	0.030648	0.033275	0.029772	0.010508	0.008757	0.021016	0.020140	0.008757	0.006130	0.011384	0.028897	0.009632	0.031524	0.049912	0.016637	0.013135	0.018389	0.027145	0.014011	0.009632	0.004378	0.021891	0.017513	0.007881	0.007881	0.016637	0.006130	0.004378	0.008757	0.019264	0.016637	0.007881	0.015762	0.034151	0.031524	0.004378	0.007881	0.021891	0.030648	0.016637	0.016637	0.021891	0.007005	0.010508	0.011384	0.041156	
0.029772	0.013135	0.018389	0.036778	0.002627	0.017513	0.014011	0.011384	0.012259	0.028897	0.018389	0.022767	0.032399	0.034151	0.011384	0.036778	0.023643	0.014886	0.022767	0.023643	0.014011	0.007881	0.004378	0.001751	0.004378	0.006130	0.003503	0.008757	0.000876	0.028897	0.026270	0.021891	0.013135	0.030648	0.014886	0.028897	0.004378	0.017513	0.011384	0.014011	0.007005	0.014886	0.006130	0.016637	0.017513	0.022767	0.007005	0.015762	0.018389	0.013135	0.010508	0.005254	0.000876	0.016637	0.006130	0.005254	0.013135	0.018389	0.007005	0.019264	0.000876	0.057793	0.017513	0.049037	
0.037653	0.007881	0.024518	0.014886	0.028897	0.010508	0.012259	0.020140	0.022767	0.018389	0.014011	0.011384	0.031524	0.024518	0.019264	0.019264	0.006130	0.003503	0.009632	0.002627	0.020140	0.013135	0.008757	0.017513	0.007005	0.009632	0.009632	0.009632	0.009632	0.004378	0.011384	0.007005	0.012259	0.009632	0.007881	0.007005	0.025394	0.018389	0.005254	0.019264	0.010508	0.010508	0.008757	0.005254	0.013135	0.016637	0.014011	0.023643	0.018389	0.003503	0.019264	0.010508	0.050788	0.033275	0.019264	0.040280	0.017513	0.013135	0.021891	0.009632	0.031524	0.030648	0.031524	0.029772	
0.028021	0.007005	0.020140	0.019264	0.007881	0.005254	0.001751	0.009632	0.019264	0.011384	0.009632	0.021016	0.007881	0.003503	0.004378	0.019264	0.051664	0.014886	0.021891	0.036778	0.024518	0.011384	0.013135	0.026270	0.019264	0.009632	0.006130	0.010508	0.020140	0.012259	0.026270	0.038529	0.021016	0.009632	0.013135	0.014011	0.016637	0.007005	0.006130	0.021891	0.016637	0.012259	0.007005	0.018389	0.005254	0.006130	0.005254	0.019264	0.023643	0.007005	0.019264	0.035902	0.030648	0.011384	0.010508	0.023643	0.028021	0.015762	0.018389	0.014011	0.012259	0.006130	0.019264	0.042032	
0.045534	0.021891	0.019264	0.037653	0.003503	0.020140	0.009632	0.005254	0.013135	0.036778	0.008757	0.015762	0.031524	0.035902	0.013135	0.025394	0.026270	0.014011	0.020140	0.019264	0.015762	0.007005	0.005254	0.007005	0.004378	0.009632	0.008757	0.008757	0.000876	0.025394	0.021016	0.034151	0.019264	0.016637	0.017513	0.029772	0.003503	0.021016	0.010508	0.014011	0.007005	0.017513	0.005254	0.011384	0.016637	0.023643	0.004378	0.019264	0.015762	0.007881	0.014886	0.007005	0.000876	0.011384	0.007881	0.007881	0.014011	0.021016	0.009632	0.010508	0.000876	0.056042	0.016637	0.045534	
0.038529	0.017513	0.038529	0.012259	0.022767	0.014011	0.008757	0.014886	0.031524	0.015762	0.013135	0.011384	0.029772	0.024518	0.021891	0.017513	0.007005	0.002627	0.011384	0.002627	0.020140	0.009632	0.014011	0.015762	0.006130	0.005254	0.014886	0.007005	0.007005	0.008757	0.010508	0.007881	0.014011	0.007005	0.006130	0.011384	0.026270	0.015762	0.009632	0.033275	0.016637	0.007005	0.003503	0.005254	0.014886	0.013135	0.005254	0.013135	0.017513	0.007005	0.017513	0.007881	0.046410	0.031524	0.018389	0.044658	0.021891	0.012259	0.016637	0.004378	0.026270	0.015762	0.038529	0.043783	
0.030648	0.007881	0.015762	0.022767	0.012259	0.005254	0.001751	0.014886	0.019264	0.015762	0.017513	0.021016	0.008757	0.004378	0.008757	0.012259	0.038529	0.018389	0.023643	0.035026	0.031524	0.007881	0.007005	0.024518	0.017513	0.010508	0.008757	0.014011	0.024518	0.007005	0.032399	0.044658	0.021891	0.018389	0.014011	0.021891	0.008757	0.007005	0.006130	0.018389	0.014011	0.009632	0.010508	0.014011	0.002627	0.001751	0.004378	0.019264	0.027145	0.009632	0.017513	0.023643	0.021891	0.007005	0.007005	0.026270	0.031524	0.014011	0.010508	0.020140	0.014011	0.009632	0.014886	0.043783	
0.035026	0.021891	0.022767	0.038529	0.007005	0.026270	0.010508	0.010508	0.014011	0.029772	0.009632	0.017513	0.028897	0.035902	0.011384	0.027145	0.026270	0.007005	0.020140	0.021016	0.013135	0.003503	0.007005	0.003503	0.004378	0.007881	0.003503	0.006130	0.000876	0.023643	0.027145	0.032399	0.013135	0.015762	0.014886	0.038529	0.002627	0.019264	0.010508	0.017513	0.007005	0.022767	0.006130	0.011384	0.018389	0.025394	0.007881	0.017513	0.018389	0.014011	0.007881	0.009632	0.000876	0.012259	0.007005	0.002627	0.007881	0.021016	0.016637	0.014886	0.000876	0.048161	0.033275	0.037653	
0.042032	0.006130	0.029772	0.014886	0.019264	0.012259	0.006130	0.021016	0.022767	0.017513	0.013135	0.012259	0.030648	0.017513	0.026270	0.033275	0.009632	0.004378	0.007005	0.002627	0.025394	0.012259	0.008757	0.014886	0.011384	0.011384	0.007005	0.005254	0.007881	0.001751	0.014011	0.010508	0.007881	0.008757	0.011384	0.005254	0.031524	0.014886	0.012259	0.022767	0.014886	0.010508	0.003503	0.007005	0.012259	0.015762	0.007005	0.014886	0.020140	0.004378	0.014011	0.010508	0.041156	0.025394	0.016637	0.049912	0.029772	0.018389	0.021891	0.009632	0.033275	0.021016	0.035026	0.025394	
0.022767	0.007005	0.020140	0.029772	0.008757	0.003503	0.001751	0.009632	0.019264	0.016637	0.013135	0.013135	0.006130	0.002627	0.007005	0.017513	0.034151	0.018389	0.035026	0.029772	0.021016	0.007005	0.014011	0.022767	0.016637	0.011384	0.006130	0.009632	0.021016	0.011384	0.035026	0.041156	0.015762	0.016637	0.018389	0.028021	0.016637	0.004378	0.006130	0.030648	0.013135	0.008757	0.006130	0.017513	0.007881	0.009632	0.007005	0.009632	0.020140	0.011384	0.021891	0.030648	0.014886	0.008757	0.006130	0.026270	0.029772	0.017513	0.021016	0.014011	0.015762	0.016637	0.006130	0.045534	
0.024518	0.019264	0.015762	0.033275	0.007005	0.017513	0.014011	0.014886	0.020140	0.041156	0.014011	0.020140	0.032399	0.035902	0.024518	0.025394	0.014011	0.007005	0.023643	0.016637	0.006130	0.008757	0.005254	0.003503	0.004378	0.007881	0.008757	0.007005	0.000876	0.027145	0.029772	0.031524	0.016637	0.020140	0.019264	0.022767	0.004378	0.020140	0.009632	0.020140	0.005254	0.014886	0.006130	0.020140	0.013135	0.021891	0.009632	0.009632	0.021016	0.011384	0.012259	0.006130	0.000876	0.022767	0.007005	0.009632	0.010508	0.018389	0.007881	0.018389	0.000876	0.052539	0.018389	0.042032	
0.017513	0.011384	0.027145	0.020140	0.027145	0.009632	0.007005	0.014011	0.021891	0.025394	0.009632	0.014011	0.025394	0.017513	0.015762	0.020140	0.004378	0.003503	0.008757	0.001751	0.021016	0.016637	0.013135	0.018389	0.010508	0.010508	0.009632	0.005254	0.007881	0.011384	0.013135	0.015762	0.017513	0.007005	0.009632	0.006130	0.030648	0.016637	0.007005	0.028021	0.013135	0.004378	0.007005	0.012259	0.017513	0.017513	0.011384	0.019264	0.016637	0.004378	0.018389	0.007881	0.049037	0.028897	0.018389	0.041156	0.036778	0.019264	0.018389	0.007881	0.026270	0.021891	0.033275	0.027145	
0.028021	0.004378	0.012259	0.011384	0.008757	0.006130	0.001751	0.009632	0.026270	0.013135	0.007881	0.016637	0.009632	0.001751	0.003503	0.021016	0.042907	0.013135	0.035902	0.035902	0.032399	0.007881	0.014011	0.017513	0.014886	0.013135	0.004378	0.013135	0.021016	0.010508	0.029772	0.040280	0.026270	0.019264	0.017513	0.019264	0.022767	0.003503	0.007005	0.026270	0.014011	0.011384	0.007881	0.011384	0.004378	0.006130	0.008757	0.020140	0.027145	0.004378	0.018389	0.027145	0.023643	0.007881	0.010508	0.026270	0.025394	0.015762	0.016637	0.015762	0.014011	0.011384	0.021016	0.035902	
0.039405	0.027145	0.021016	0.036778	0.003503	0.016637	0.010508	0.010508	0.023643	0.035026	0.011384	0.014011	0.025394	0.030648	0.013135	0.024518	0.033275	0.010508	0.022767	0.021016	0.010508	0.007005	0.006130	0.001751	0.008757	0.010508	0.005254	0.008757	0.000876	0.027145	0.023643	0.028021	0.013135	0.014886	0.012259	0.040280	0.005254	0.019264	0.014011	0.014886	0.011384	0.008757	0.003503	0.013135	0.012259	0.028021	0.008757	0.007881	0.012259	0.020140	0.007881	0.008757	0.000876	0.018389	0.003503	0.007005	0.006130	0.026270	0.014011	0.016637	0.000876	0.047285	0.026270	0.042907	
