>NC_009715
0.000986	0.000986	0.000986	0.000986	0.000986	0.000986	0.000986	0.000986	0.000986	0.000986	0.000986	0.000986	0.000986	0.000986	0.000986	0.000986	0.000986	0.000986	0.000986	0.000986	0.000986	0.000986	0.000986	0.000986	0.000986	0.000986	0.000986	0.000986	0.173570	0.000986	0.000986	0.000986	0.000986	0.000986	0.000986	0.000986	0.000986	0.000986	0.000986	0.000986	0.000986	0.000986	0.000986	0.000986	0.000986	0.000986	0.000986	0.000986	0.000986	0.000986	0.000986	0.000986	0.338264	0.000986	0.000986	0.000986	0.000986	0.000986	0.000986	0.000986	0.491124	0.000986	0.000986	0.000986	
0.000986	0.000986	0.000986	0.000986	0.000986	0.000986	0.000986	0.000986	0.000986	0.000986	0.000986	0.000986	0.000986	0.000986	0.000986	0.000986	0.081854	0.062130	0.042406	0.154832	0.000986	0.000986	0.000986	0.000986	0.000986	0.000986	0.000986	0.000986	0.000986	0.000986	0.000986	0.000986	0.000986	0.000986	0.000986	0.000986	0.000986	0.000986	0.000986	0.000986	0.000986	0.000986	0.000986	0.000986	0.000986	0.000986	0.000986	0.000986	0.198225	0.141026	0.105523	0.221893	0.000986	0.000986	0.000986	0.000986	0.000986	0.000986	0.000986	0.000986	0.000986	0.000986	0.000986	0.000986	
0.151874	0.024655	0.040434	0.065089	0.041420	0.033531	0.024655	0.105523	0.036489	0.055227	0.010848	0.047337	0.083826	0.071992	0.038462	0.184418	0.000986	0.000986	0.000986	0.000986	0.000986	0.000986	0.000986	0.000986	0.000986	0.000986	0.000986	0.000986	0.000986	0.000986	0.000986	0.000986	0.000986	0.000986	0.000986	0.000986	0.000986	0.000986	0.000986	0.000986	0.000986	0.000986	0.000986	0.000986	0.000986	0.000986	0.000986	0.000986	0.000986	0.000986	0.000986	0.000986	0.000986	0.000986	0.000986	0.000986	0.000986	0.000986	0.000986	0.000986	0.000986	0.000986	0.000986	0.000986	
0.065089	0.017751	0.018738	0.053254	0.002959	0.009862	0.007890	0.006903	0.009862	0.025641	0.004931	0.002959	0.018738	0.017751	0.012821	0.018738	0.012821	0.011834	0.009862	0.009862	0.014793	0.010848	0.001972	0.008876	0.001972	0.021696	0.002959	0.000986	0.000986	0.055227	0.004931	0.047337	0.011834	0.010848	0.003945	0.012821	0.007890	0.029586	0.007890	0.012821	0.001972	0.009862	0.000986	0.000986	0.007890	0.018738	0.011834	0.011834	0.032544	0.016765	0.017751	0.019724	0.000986	0.029586	0.008876	0.035503	0.011834	0.023669	0.004931	0.000986	0.000986	0.033531	0.016765	0.136095	
0.053254	0.017751	0.011834	0.039448	0.019724	0.014793	0.016765	0.005917	0.011834	0.018738	0.005917	0.013807	0.028600	0.022682	0.009862	0.034517	0.006903	0.006903	0.004931	0.007890	0.013807	0.025641	0.017751	0.022682	0.004931	0.010848	0.001972	0.008876	0.016765	0.010848	0.008876	0.027613	0.006903	0.003945	0.005917	0.008876	0.016765	0.025641	0.014793	0.023669	0.004931	0.003945	0.001972	0.002959	0.000986	0.001972	0.000986	0.001972	0.010848	0.006903	0.003945	0.006903	0.036489	0.023669	0.033531	0.031558	0.011834	0.009862	0.006903	0.017751	0.043393	0.033531	0.033531	0.103550	
0.026627	0.006903	0.014793	0.029586	0.008876	0.008876	0.010848	0.006903	0.002959	0.011834	0.005917	0.005917	0.010848	0.011834	0.004931	0.035503	0.025641	0.009862	0.005917	0.045365	0.017751	0.017751	0.009862	0.044379	0.026627	0.024655	0.007890	0.023669	0.019724	0.016765	0.010848	0.036489	0.007890	0.006903	0.005917	0.012821	0.011834	0.004931	0.008876	0.017751	0.003945	0.008876	0.000986	0.002959	0.012821	0.003945	0.005917	0.020710	0.023669	0.011834	0.013807	0.040434	0.020710	0.011834	0.012821	0.023669	0.020710	0.015779	0.004931	0.011834	0.049310	0.016765	0.019724	0.081854	
0.032544	0.016765	0.019724	0.014793	0.007890	0.013807	0.005917	0.007890	0.006903	0.013807	0.008876	0.010848	0.025641	0.036489	0.013807	0.052268	0.016765	0.012821	0.014793	0.014793	0.008876	0.012821	0.004931	0.016765	0.007890	0.014793	0.005917	0.013807	0.000986	0.049310	0.004931	0.037475	0.010848	0.013807	0.006903	0.022682	0.008876	0.026627	0.006903	0.018738	0.003945	0.009862	0.000986	0.004931	0.003945	0.011834	0.008876	0.019724	0.024655	0.009862	0.026627	0.031558	0.000986	0.023669	0.005917	0.018738	0.012821	0.021696	0.002959	0.003945	0.000986	0.034517	0.026627	0.112426	
0.049310	0.010848	0.009862	0.014793	0.009862	0.015779	0.013807	0.013807	0.014793	0.031558	0.007890	0.013807	0.018738	0.027613	0.017751	0.019724	0.004931	0.008876	0.010848	0.001972	0.022682	0.018738	0.016765	0.018738	0.006903	0.009862	0.002959	0.003945	0.017751	0.016765	0.011834	0.015779	0.006903	0.003945	0.006903	0.013807	0.011834	0.015779	0.014793	0.017751	0.005917	0.006903	0.001972	0.003945	0.007890	0.007890	0.005917	0.011834	0.011834	0.008876	0.003945	0.006903	0.034517	0.034517	0.030572	0.032544	0.014793	0.021696	0.007890	0.009862	0.060158	0.032544	0.036489	0.092702	
0.034517	0.004931	0.011834	0.021696	0.007890	0.006903	0.005917	0.011834	0.012821	0.006903	0.002959	0.008876	0.007890	0.005917	0.005917	0.017751	0.026627	0.012821	0.010848	0.028600	0.016765	0.007890	0.014793	0.045365	0.024655	0.023669	0.010848	0.016765	0.023669	0.019724	0.007890	0.031558	0.006903	0.004931	0.005917	0.024655	0.011834	0.014793	0.010848	0.032544	0.004931	0.007890	0.003945	0.003945	0.009862	0.003945	0.007890	0.009862	0.038462	0.012821	0.015779	0.037475	0.019724	0.012821	0.024655	0.027613	0.030572	0.018738	0.006903	0.015779	0.044379	0.015779	0.029586	0.050296	
0.052268	0.007890	0.028600	0.017751	0.004931	0.009862	0.002959	0.017751	0.007890	0.022682	0.007890	0.005917	0.030572	0.034517	0.009862	0.037475	0.013807	0.013807	0.007890	0.020710	0.004931	0.017751	0.003945	0.015779	0.006903	0.019724	0.010848	0.018738	0.000986	0.055227	0.008876	0.052268	0.013807	0.022682	0.008876	0.027613	0.006903	0.017751	0.004931	0.027613	0.005917	0.013807	0.000986	0.003945	0.014793	0.015779	0.004931	0.009862	0.012821	0.013807	0.012821	0.046351	0.000986	0.020710	0.004931	0.018738	0.009862	0.022682	0.001972	0.016765	0.000986	0.034517	0.012821	0.061144	
0.042406	0.012821	0.013807	0.023669	0.007890	0.018738	0.014793	0.016765	0.006903	0.029586	0.005917	0.015779	0.030572	0.042406	0.014793	0.024655	0.001972	0.007890	0.003945	0.003945	0.013807	0.016765	0.014793	0.020710	0.001972	0.004931	0.003945	0.005917	0.018738	0.022682	0.008876	0.029586	0.005917	0.003945	0.008876	0.011834	0.017751	0.026627	0.012821	0.021696	0.008876	0.004931	0.003945	0.003945	0.011834	0.010848	0.007890	0.014793	0.016765	0.009862	0.006903	0.013807	0.027613	0.039448	0.030572	0.042406	0.009862	0.009862	0.005917	0.010848	0.029586	0.017751	0.022682	0.090730	
0.032544	0.001972	0.004931	0.027613	0.005917	0.007890	0.009862	0.010848	0.009862	0.014793	0.001972	0.006903	0.011834	0.008876	0.003945	0.028600	0.015779	0.015779	0.004931	0.030572	0.020710	0.009862	0.008876	0.062130	0.015779	0.019724	0.006903	0.030572	0.019724	0.019724	0.002959	0.059172	0.004931	0.004931	0.002959	0.014793	0.010848	0.011834	0.009862	0.016765	0.007890	0.005917	0.003945	0.001972	0.011834	0.006903	0.004931	0.012821	0.032544	0.010848	0.015779	0.031558	0.023669	0.019724	0.019724	0.030572	0.013807	0.015779	0.006903	0.017751	0.041420	0.013807	0.028600	0.075937	
0.037475	0.006903	0.026627	0.014793	0.005917	0.009862	0.006903	0.010848	0.004931	0.017751	0.004931	0.000986	0.022682	0.028600	0.008876	0.044379	0.015779	0.012821	0.013807	0.018738	0.009862	0.012821	0.002959	0.023669	0.006903	0.022682	0.006903	0.011834	0.000986	0.040434	0.010848	0.068047	0.009862	0.009862	0.004931	0.022682	0.006903	0.019724	0.006903	0.022682	0.002959	0.007890	0.003945	0.004931	0.010848	0.018738	0.005917	0.021696	0.015779	0.013807	0.013807	0.041420	0.000986	0.020710	0.007890	0.019724	0.007890	0.017751	0.006903	0.007890	0.000986	0.049310	0.019724	0.106509	
0.034517	0.007890	0.011834	0.024655	0.004931	0.012821	0.015779	0.009862	0.010848	0.029586	0.003945	0.014793	0.023669	0.034517	0.018738	0.020710	0.009862	0.004931	0.005917	0.002959	0.010848	0.012821	0.023669	0.015779	0.005917	0.006903	0.004931	0.006903	0.020710	0.019724	0.007890	0.028600	0.007890	0.002959	0.004931	0.006903	0.012821	0.016765	0.017751	0.018738	0.004931	0.004931	0.008876	0.003945	0.009862	0.003945	0.003945	0.007890	0.011834	0.002959	0.008876	0.011834	0.032544	0.022682	0.035503	0.046351	0.012821	0.015779	0.003945	0.012821	0.057199	0.024655	0.035503	0.123274	
0.027613	0.004931	0.009862	0.021696	0.006903	0.003945	0.003945	0.003945	0.005917	0.015779	0.003945	0.005917	0.012821	0.005917	0.006903	0.020710	0.026627	0.003945	0.010848	0.019724	0.016765	0.009862	0.010848	0.027613	0.027613	0.025641	0.009862	0.029586	0.022682	0.013807	0.009862	0.044379	0.007890	0.005917	0.005917	0.014793	0.013807	0.009862	0.014793	0.018738	0.004931	0.009862	0.001972	0.004931	0.009862	0.003945	0.009862	0.014793	0.038462	0.007890	0.015779	0.049310	0.024655	0.009862	0.014793	0.033531	0.027613	0.015779	0.007890	0.014793	0.059172	0.015779	0.027613	0.077909	
0.049310	0.010848	0.028600	0.011834	0.001972	0.007890	0.001972	0.010848	0.008876	0.018738	0.005917	0.008876	0.027613	0.028600	0.007890	0.041420	0.017751	0.016765	0.010848	0.016765	0.009862	0.007890	0.001972	0.013807	0.005917	0.021696	0.006903	0.009862	0.000986	0.031558	0.006903	0.044379	0.010848	0.010848	0.015779	0.028600	0.005917	0.026627	0.008876	0.025641	0.003945	0.008876	0.002959	0.007890	0.015779	0.016765	0.005917	0.016765	0.027613	0.018738	0.016765	0.041420	0.000986	0.018738	0.009862	0.009862	0.009862	0.022682	0.009862	0.011834	0.000986	0.051282	0.019724	0.085799	
0.043393	0.013807	0.015779	0.032544	0.009862	0.009862	0.021696	0.015779	0.016765	0.031558	0.005917	0.017751	0.027613	0.036489	0.011834	0.022682	0.004931	0.004931	0.006903	0.001972	0.009862	0.015779	0.017751	0.017751	0.003945	0.009862	0.002959	0.005917	0.009862	0.015779	0.008876	0.025641	0.008876	0.003945	0.007890	0.007890	0.017751	0.016765	0.016765	0.020710	0.004931	0.005917	0.007890	0.006903	0.006903	0.007890	0.005917	0.017751	0.016765	0.004931	0.012821	0.010848	0.022682	0.027613	0.037475	0.040434	0.012821	0.017751	0.004931	0.004931	0.033531	0.023669	0.031558	0.099606	
0.043393	0.003945	0.007890	0.018738	0.004931	0.004931	0.008876	0.008876	0.013807	0.014793	0.004931	0.009862	0.008876	0.003945	0.011834	0.028600	0.020710	0.010848	0.007890	0.020710	0.018738	0.010848	0.005917	0.034517	0.023669	0.026627	0.012821	0.030572	0.025641	0.010848	0.010848	0.047337	0.010848	0.005917	0.005917	0.015779	0.019724	0.011834	0.014793	0.018738	0.003945	0.006903	0.003945	0.006903	0.011834	0.005917	0.004931	0.012821	0.020710	0.005917	0.014793	0.036489	0.030572	0.009862	0.019724	0.023669	0.021696	0.014793	0.007890	0.013807	0.059172	0.014793	0.017751	0.073964	
0.036489	0.014793	0.015779	0.028600	0.001972	0.009862	0.005917	0.008876	0.004931	0.020710	0.004931	0.005917	0.031558	0.030572	0.005917	0.023669	0.017751	0.016765	0.015779	0.023669	0.007890	0.007890	0.001972	0.019724	0.008876	0.023669	0.004931	0.011834	0.000986	0.043393	0.011834	0.029586	0.010848	0.015779	0.005917	0.030572	0.005917	0.023669	0.007890	0.025641	0.003945	0.015779	0.001972	0.007890	0.015779	0.015779	0.005917	0.023669	0.028600	0.014793	0.017751	0.044379	0.000986	0.009862	0.005917	0.018738	0.012821	0.021696	0.003945	0.006903	0.000986	0.036489	0.023669	0.101578	
0.044379	0.013807	0.006903	0.028600	0.011834	0.013807	0.026627	0.009862	0.013807	0.022682	0.008876	0.009862	0.027613	0.032544	0.033531	0.033531	0.005917	0.001972	0.005917	0.002959	0.009862	0.007890	0.018738	0.014793	0.002959	0.011834	0.001972	0.004931	0.015779	0.018738	0.009862	0.028600	0.010848	0.001972	0.008876	0.008876	0.018738	0.013807	0.021696	0.027613	0.002959	0.007890	0.001972	0.002959	0.008876	0.010848	0.007890	0.004931	0.019724	0.004931	0.007890	0.016765	0.024655	0.016765	0.036489	0.048323	0.009862	0.016765	0.006903	0.013807	0.044379	0.019724	0.031558	0.082840	
0.044379	0.006903	0.009862	0.019724	0.006903	0.004931	0.006903	0.003945	0.003945	0.011834	0.004931	0.008876	0.014793	0.003945	0.005917	0.032544	0.026627	0.009862	0.009862	0.018738	0.016765	0.005917	0.006903	0.022682	0.041420	0.026627	0.012821	0.022682	0.027613	0.014793	0.010848	0.047337	0.009862	0.002959	0.004931	0.011834	0.013807	0.008876	0.011834	0.024655	0.005917	0.008876	0.001972	0.002959	0.003945	0.006903	0.011834	0.008876	0.033531	0.011834	0.011834	0.039448	0.026627	0.009862	0.023669	0.021696	0.025641	0.029586	0.007890	0.019724	0.040434	0.009862	0.021696	0.077909	
0.057199	0.009862	0.020710	0.026627	0.002959	0.012821	0.003945	0.011834	0.005917	0.020710	0.004931	0.004931	0.024655	0.024655	0.013807	0.026627	0.021696	0.014793	0.003945	0.023669	0.009862	0.006903	0.002959	0.009862	0.005917	0.027613	0.001972	0.013807	0.000986	0.038462	0.005917	0.027613	0.011834	0.015779	0.012821	0.036489	0.007890	0.028600	0.013807	0.026627	0.002959	0.016765	0.002959	0.004931	0.014793	0.014793	0.005917	0.018738	0.022682	0.011834	0.022682	0.029586	0.000986	0.011834	0.004931	0.017751	0.010848	0.023669	0.005917	0.009862	0.000986	0.048323	0.028600	0.088757	
0.052268	0.014793	0.014793	0.031558	0.012821	0.016765	0.008876	0.013807	0.010848	0.030572	0.008876	0.009862	0.030572	0.035503	0.023669	0.026627	0.002959	0.007890	0.004931	0.005917	0.013807	0.011834	0.019724	0.014793	0.007890	0.005917	0.004931	0.006903	0.018738	0.012821	0.005917	0.028600	0.009862	0.001972	0.005917	0.007890	0.022682	0.021696	0.020710	0.023669	0.002959	0.002959	0.001972	0.007890	0.010848	0.004931	0.005917	0.011834	0.018738	0.005917	0.003945	0.012821	0.020710	0.024655	0.047337	0.033531	0.013807	0.019724	0.008876	0.011834	0.037475	0.015779	0.028600	0.079882	
0.037475	0.006903	0.010848	0.028600	0.007890	0.005917	0.005917	0.010848	0.007890	0.009862	0.001972	0.009862	0.010848	0.009862	0.007890	0.029586	0.021696	0.015779	0.011834	0.020710	0.026627	0.008876	0.015779	0.023669	0.023669	0.031558	0.006903	0.034517	0.020710	0.011834	0.014793	0.038462	0.008876	0.004931	0.006903	0.014793	0.011834	0.011834	0.017751	0.017751	0.005917	0.005917	0.002959	0.009862	0.013807	0.004931	0.009862	0.007890	0.034517	0.012821	0.018738	0.031558	0.019724	0.006903	0.014793	0.027613	0.022682	0.016765	0.010848	0.013807	0.044379	0.015779	0.017751	0.069034	
0.050296	0.015779	0.019724	0.016765	0.002959	0.017751	0.010848	0.008876	0.010848	0.018738	0.005917	0.012821	0.025641	0.029586	0.004931	0.035503	0.015779	0.016765	0.010848	0.022682	0.014793	0.007890	0.001972	0.008876	0.006903	0.022682	0.012821	0.011834	0.000986	0.036489	0.008876	0.033531	0.007890	0.013807	0.011834	0.026627	0.006903	0.024655	0.008876	0.023669	0.001972	0.012821	0.003945	0.003945	0.022682	0.016765	0.004931	0.023669	0.018738	0.008876	0.022682	0.039448	0.000986	0.011834	0.010848	0.018738	0.012821	0.022682	0.006903	0.007890	0.000986	0.040434	0.021696	0.081854	
0.037475	0.011834	0.011834	0.031558	0.009862	0.013807	0.023669	0.007890	0.010848	0.037475	0.009862	0.006903	0.032544	0.033531	0.019724	0.019724	0.006903	0.003945	0.010848	0.003945	0.009862	0.007890	0.031558	0.012821	0.004931	0.011834	0.002959	0.012821	0.011834	0.015779	0.010848	0.021696	0.011834	0.004931	0.007890	0.007890	0.014793	0.014793	0.020710	0.026627	0.006903	0.006903	0.006903	0.008876	0.005917	0.007890	0.012821	0.009862	0.010848	0.004931	0.010848	0.023669	0.028600	0.016765	0.035503	0.042406	0.010848	0.010848	0.005917	0.012821	0.039448	0.019724	0.028600	0.086785	
0.032544	0.007890	0.008876	0.017751	0.005917	0.004931	0.006903	0.007890	0.011834	0.013807	0.005917	0.009862	0.015779	0.007890	0.009862	0.033531	0.030572	0.003945	0.010848	0.017751	0.009862	0.012821	0.011834	0.018738	0.025641	0.039448	0.012821	0.033531	0.031558	0.006903	0.014793	0.036489	0.012821	0.004931	0.002959	0.012821	0.018738	0.016765	0.016765	0.014793	0.004931	0.009862	0.003945	0.006903	0.012821	0.005917	0.010848	0.011834	0.029586	0.009862	0.014793	0.035503	0.023669	0.008876	0.012821	0.031558	0.021696	0.022682	0.014793	0.012821	0.041420	0.008876	0.030572	0.057199	
0.055227	0.011834	0.023669	0.014793	0.002959	0.011834	0.005917	0.005917	0.002959	0.018738	0.005917	0.009862	0.021696	0.026627	0.004931	0.030572	0.009862	0.011834	0.014793	0.021696	0.010848	0.009862	0.005917	0.016765	0.005917	0.026627	0.004931	0.010848	0.000986	0.038462	0.009862	0.023669	0.011834	0.015779	0.007890	0.028600	0.011834	0.030572	0.014793	0.028600	0.004931	0.022682	0.005917	0.003945	0.018738	0.019724	0.005917	0.018738	0.022682	0.015779	0.024655	0.038462	0.000986	0.009862	0.005917	0.012821	0.013807	0.033531	0.010848	0.007890	0.000986	0.028600	0.026627	0.082840	
0.039448	0.015779	0.015779	0.028600	0.011834	0.009862	0.019724	0.013807	0.005917	0.039448	0.009862	0.015779	0.013807	0.040434	0.028600	0.020710	0.008876	0.006903	0.006903	0.003945	0.010848	0.009862	0.025641	0.015779	0.007890	0.008876	0.004931	0.010848	0.015779	0.011834	0.012821	0.023669	0.013807	0.004931	0.004931	0.003945	0.020710	0.022682	0.031558	0.026627	0.003945	0.011834	0.004931	0.006903	0.008876	0.010848	0.004931	0.007890	0.016765	0.005917	0.011834	0.007890	0.018738	0.017751	0.035503	0.041420	0.010848	0.019724	0.008876	0.007890	0.037475	0.012821	0.029586	0.075937	
0.039448	0.005917	0.005917	0.027613	0.006903	0.005917	0.009862	0.010848	0.006903	0.009862	0.006903	0.015779	0.012821	0.007890	0.004931	0.018738	0.020710	0.007890	0.009862	0.023669	0.028600	0.004931	0.010848	0.015779	0.026627	0.030572	0.013807	0.041420	0.025641	0.015779	0.006903	0.049310	0.009862	0.003945	0.003945	0.010848	0.019724	0.010848	0.015779	0.033531	0.007890	0.009862	0.004931	0.005917	0.008876	0.004931	0.015779	0.011834	0.019724	0.005917	0.015779	0.034517	0.020710	0.009862	0.017751	0.027613	0.034517	0.012821	0.007890	0.020710	0.042406	0.010848	0.015779	0.059172	
0.035503	0.015779	0.018738	0.019724	0.006903	0.010848	0.000986	0.004931	0.003945	0.017751	0.004931	0.008876	0.026627	0.037475	0.005917	0.026627	0.021696	0.012821	0.013807	0.027613	0.010848	0.006903	0.001972	0.011834	0.004931	0.030572	0.004931	0.013807	0.000986	0.036489	0.007890	0.042406	0.008876	0.020710	0.016765	0.029586	0.005917	0.027613	0.008876	0.020710	0.001972	0.016765	0.002959	0.011834	0.018738	0.032544	0.008876	0.023669	0.021696	0.015779	0.013807	0.038462	0.000986	0.014793	0.005917	0.017751	0.005917	0.016765	0.005917	0.014793	0.000986	0.040434	0.016765	0.080868	
0.034517	0.011834	0.013807	0.027613	0.008876	0.014793	0.024655	0.016765	0.009862	0.029586	0.011834	0.011834	0.032544	0.039448	0.016765	0.026627	0.009862	0.003945	0.005917	0.004931	0.011834	0.011834	0.026627	0.009862	0.005917	0.002959	0.002959	0.005917	0.015779	0.007890	0.008876	0.022682	0.003945	0.002959	0.006903	0.002959	0.019724	0.021696	0.020710	0.019724	0.001972	0.007890	0.003945	0.004931	0.009862	0.014793	0.015779	0.008876	0.017751	0.007890	0.005917	0.015779	0.040434	0.019724	0.045365	0.041420	0.014793	0.009862	0.004931	0.009862	0.036489	0.018738	0.036489	0.081854	
0.036489	0.003945	0.007890	0.017751	0.008876	0.005917	0.006903	0.004931	0.006903	0.007890	0.006903	0.010848	0.011834	0.005917	0.008876	0.024655	0.033531	0.003945	0.017751	0.025641	0.027613	0.004931	0.008876	0.026627	0.038462	0.032544	0.010848	0.035503	0.037475	0.005917	0.008876	0.035503	0.002959	0.005917	0.010848	0.012821	0.012821	0.005917	0.010848	0.020710	0.007890	0.004931	0.003945	0.006903	0.007890	0.004931	0.005917	0.013807	0.024655	0.012821	0.018738	0.038462	0.027613	0.016765	0.014793	0.021696	0.027613	0.024655	0.008876	0.016765	0.050296	0.011834	0.018738	0.059172	
0.039448	0.006903	0.036489	0.014793	0.006903	0.007890	0.007890	0.003945	0.010848	0.025641	0.010848	0.007890	0.023669	0.029586	0.009862	0.031558	0.016765	0.012821	0.014793	0.032544	0.007890	0.009862	0.001972	0.013807	0.007890	0.016765	0.005917	0.010848	0.000986	0.039448	0.006903	0.026627	0.010848	0.021696	0.012821	0.035503	0.006903	0.026627	0.012821	0.023669	0.004931	0.014793	0.003945	0.006903	0.016765	0.023669	0.008876	0.020710	0.024655	0.017751	0.018738	0.046351	0.000986	0.011834	0.003945	0.011834	0.009862	0.019724	0.005917	0.006903	0.000986	0.039448	0.025641	0.067061	
0.039448	0.009862	0.021696	0.020710	0.009862	0.016765	0.021696	0.010848	0.017751	0.042406	0.011834	0.010848	0.039448	0.049310	0.023669	0.016765	0.007890	0.005917	0.004931	0.003945	0.013807	0.006903	0.022682	0.012821	0.007890	0.005917	0.002959	0.009862	0.009862	0.012821	0.014793	0.015779	0.013807	0.001972	0.006903	0.010848	0.020710	0.010848	0.031558	0.013807	0.003945	0.012821	0.004931	0.004931	0.009862	0.007890	0.009862	0.004931	0.013807	0.005917	0.011834	0.010848	0.030572	0.011834	0.049310	0.040434	0.011834	0.021696	0.006903	0.010848	0.028600	0.016765	0.034517	0.066075	
0.042406	0.003945	0.013807	0.014793	0.007890	0.001972	0.009862	0.003945	0.013807	0.017751	0.005917	0.007890	0.014793	0.003945	0.006903	0.020710	0.030572	0.012821	0.011834	0.019724	0.018738	0.001972	0.013807	0.011834	0.039448	0.041420	0.011834	0.032544	0.025641	0.005917	0.007890	0.038462	0.004931	0.008876	0.004931	0.022682	0.022682	0.008876	0.015779	0.035503	0.006903	0.012821	0.001972	0.004931	0.009862	0.004931	0.008876	0.012821	0.030572	0.003945	0.015779	0.037475	0.017751	0.006903	0.029586	0.032544	0.030572	0.026627	0.006903	0.018738	0.032544	0.007890	0.015779	0.047337	
0.046351	0.016765	0.024655	0.020710	0.003945	0.010848	0.005917	0.008876	0.007890	0.022682	0.005917	0.009862	0.020710	0.037475	0.005917	0.030572	0.013807	0.023669	0.011834	0.017751	0.009862	0.002959	0.001972	0.004931	0.008876	0.028600	0.009862	0.021696	0.000986	0.051282	0.010848	0.020710	0.010848	0.021696	0.014793	0.043393	0.009862	0.035503	0.018738	0.034517	0.003945	0.014793	0.001972	0.005917	0.023669	0.020710	0.006903	0.012821	0.016765	0.014793	0.011834	0.039448	0.000986	0.010848	0.003945	0.006903	0.003945	0.023669	0.002959	0.008876	0.000986	0.026627	0.020710	0.071006	
0.036489	0.008876	0.017751	0.024655	0.014793	0.014793	0.031558	0.015779	0.007890	0.036489	0.009862	0.008876	0.025641	0.045365	0.030572	0.019724	0.007890	0.003945	0.008876	0.003945	0.009862	0.014793	0.025641	0.009862	0.006903	0.009862	0.002959	0.010848	0.014793	0.012821	0.013807	0.013807	0.006903	0.005917	0.007890	0.003945	0.020710	0.017751	0.025641	0.025641	0.006903	0.005917	0.004931	0.002959	0.012821	0.008876	0.009862	0.014793	0.012821	0.005917	0.012821	0.014793	0.031558	0.016765	0.050296	0.037475	0.007890	0.014793	0.005917	0.015779	0.020710	0.021696	0.033531	0.059172	
0.036489	0.002959	0.010848	0.013807	0.008876	0.002959	0.004931	0.007890	0.009862	0.014793	0.004931	0.017751	0.010848	0.007890	0.010848	0.017751	0.030572	0.008876	0.011834	0.025641	0.016765	0.005917	0.018738	0.022682	0.037475	0.030572	0.016765	0.048323	0.022682	0.006903	0.009862	0.049310	0.004931	0.005917	0.006903	0.011834	0.020710	0.006903	0.013807	0.025641	0.005917	0.004931	0.000986	0.011834	0.008876	0.007890	0.007890	0.013807	0.021696	0.008876	0.020710	0.022682	0.024655	0.006903	0.030572	0.026627	0.028600	0.022682	0.011834	0.024655	0.026627	0.005917	0.021696	0.053254	
0.043393	0.007890	0.027613	0.014793	0.005917	0.006903	0.006903	0.006903	0.008876	0.016765	0.011834	0.012821	0.027613	0.024655	0.004931	0.016765	0.014793	0.016765	0.015779	0.023669	0.002959	0.004931	0.002959	0.011834	0.005917	0.029586	0.013807	0.018738	0.000986	0.036489	0.011834	0.033531	0.011834	0.024655	0.009862	0.035503	0.001972	0.023669	0.010848	0.036489	0.002959	0.020710	0.005917	0.004931	0.016765	0.036489	0.009862	0.039448	0.011834	0.010848	0.016765	0.029586	0.000986	0.013807	0.003945	0.009862	0.007890	0.017751	0.005917	0.018738	0.000986	0.036489	0.027613	0.069034	
0.038462	0.007890	0.018738	0.016765	0.008876	0.016765	0.024655	0.009862	0.011834	0.031558	0.014793	0.011834	0.032544	0.031558	0.025641	0.013807	0.003945	0.002959	0.001972	0.002959	0.016765	0.008876	0.014793	0.008876	0.005917	0.014793	0.001972	0.001972	0.017751	0.010848	0.008876	0.027613	0.007890	0.005917	0.006903	0.004931	0.018738	0.021696	0.024655	0.019724	0.005917	0.013807	0.007890	0.009862	0.015779	0.009862	0.012821	0.016765	0.012821	0.006903	0.010848	0.015779	0.038462	0.015779	0.048323	0.031558	0.016765	0.019724	0.007890	0.009862	0.027613	0.017751	0.039448	0.073964	
0.032544	0.002959	0.008876	0.018738	0.002959	0.002959	0.006903	0.010848	0.009862	0.012821	0.004931	0.010848	0.008876	0.009862	0.005917	0.015779	0.037475	0.012821	0.012821	0.019724	0.011834	0.006903	0.016765	0.027613	0.032544	0.030572	0.013807	0.035503	0.016765	0.004931	0.009862	0.038462	0.009862	0.003945	0.006903	0.019724	0.021696	0.010848	0.014793	0.032544	0.009862	0.008876	0.003945	0.009862	0.007890	0.005917	0.012821	0.006903	0.026627	0.008876	0.016765	0.041420	0.020710	0.008876	0.012821	0.027613	0.025641	0.024655	0.014793	0.021696	0.033531	0.006903	0.025641	0.066075	
0.042406	0.011834	0.030572	0.021696	0.005917	0.009862	0.002959	0.009862	0.003945	0.023669	0.006903	0.010848	0.022682	0.028600	0.012821	0.035503	0.015779	0.014793	0.007890	0.018738	0.007890	0.003945	0.004931	0.012821	0.007890	0.012821	0.010848	0.019724	0.000986	0.052268	0.013807	0.031558	0.015779	0.018738	0.012821	0.030572	0.009862	0.037475	0.006903	0.022682	0.002959	0.019724	0.004931	0.009862	0.022682	0.035503	0.006903	0.012821	0.019724	0.011834	0.010848	0.024655	0.000986	0.007890	0.004931	0.013807	0.009862	0.024655	0.004931	0.014793	0.000986	0.033531	0.026627	0.066075	
0.030572	0.017751	0.022682	0.022682	0.014793	0.006903	0.026627	0.008876	0.008876	0.029586	0.008876	0.014793	0.021696	0.027613	0.027613	0.018738	0.005917	0.006903	0.004931	0.006903	0.017751	0.010848	0.018738	0.011834	0.004931	0.007890	0.003945	0.002959	0.015779	0.012821	0.006903	0.023669	0.008876	0.002959	0.007890	0.004931	0.015779	0.015779	0.022682	0.026627	0.006903	0.010848	0.008876	0.000986	0.010848	0.021696	0.013807	0.008876	0.011834	0.006903	0.014793	0.013807	0.033531	0.022682	0.047337	0.046351	0.016765	0.027613	0.005917	0.009862	0.033531	0.016765	0.029586	0.066075	
0.031558	0.003945	0.007890	0.013807	0.011834	0.005917	0.006903	0.009862	0.016765	0.014793	0.009862	0.008876	0.007890	0.004931	0.005917	0.029586	0.029586	0.017751	0.012821	0.021696	0.016765	0.002959	0.015779	0.020710	0.036489	0.035503	0.010848	0.032544	0.044379	0.006903	0.009862	0.032544	0.011834	0.005917	0.008876	0.010848	0.022682	0.007890	0.020710	0.024655	0.005917	0.012821	0.003945	0.004931	0.010848	0.004931	0.004931	0.007890	0.018738	0.016765	0.013807	0.032544	0.024655	0.004931	0.029586	0.019724	0.025641	0.019724	0.010848	0.021696	0.032544	0.009862	0.022682	0.052268	
0.037475	0.011834	0.021696	0.020710	0.004931	0.014793	0.013807	0.010848	0.004931	0.020710	0.005917	0.011834	0.020710	0.026627	0.007890	0.023669	0.011834	0.036489	0.010848	0.016765	0.005917	0.009862	0.000986	0.004931	0.008876	0.028600	0.019724	0.015779	0.000986	0.045365	0.006903	0.021696	0.013807	0.020710	0.012821	0.037475	0.015779	0.026627	0.012821	0.027613	0.005917	0.022682	0.001972	0.004931	0.018738	0.023669	0.008876	0.016765	0.016765	0.016765	0.021696	0.040434	0.000986	0.006903	0.005917	0.012821	0.007890	0.017751	0.007890	0.009862	0.000986	0.028600	0.011834	0.080868	
0.034517	0.007890	0.015779	0.021696	0.014793	0.017751	0.031558	0.021696	0.009862	0.038462	0.006903	0.011834	0.029586	0.035503	0.025641	0.024655	0.007890	0.003945	0.008876	0.006903	0.012821	0.011834	0.017751	0.015779	0.006903	0.014793	0.005917	0.005917	0.010848	0.014793	0.011834	0.018738	0.004931	0.005917	0.010848	0.005917	0.019724	0.016765	0.030572	0.022682	0.009862	0.012821	0.007890	0.004931	0.009862	0.009862	0.012821	0.009862	0.014793	0.004931	0.011834	0.009862	0.026627	0.020710	0.043393	0.033531	0.012821	0.008876	0.004931	0.008876	0.033531	0.011834	0.032544	0.065089	
0.039448	0.002959	0.006903	0.012821	0.002959	0.002959	0.006903	0.009862	0.011834	0.019724	0.007890	0.007890	0.009862	0.006903	0.008876	0.018738	0.023669	0.009862	0.010848	0.029586	0.024655	0.005917	0.012821	0.023669	0.031558	0.038462	0.016765	0.036489	0.033531	0.007890	0.007890	0.044379	0.005917	0.003945	0.006903	0.022682	0.019724	0.008876	0.016765	0.029586	0.007890	0.006903	0.004931	0.005917	0.005917	0.004931	0.009862	0.010848	0.023669	0.013807	0.016765	0.029586	0.016765	0.009862	0.024655	0.020710	0.033531	0.018738	0.006903	0.023669	0.043393	0.008876	0.014793	0.051282	
0.039448	0.008876	0.027613	0.016765	0.004931	0.006903	0.011834	0.006903	0.004931	0.016765	0.011834	0.007890	0.027613	0.034517	0.007890	0.024655	0.013807	0.017751	0.009862	0.022682	0.006903	0.007890	0.003945	0.008876	0.007890	0.026627	0.010848	0.015779	0.000986	0.033531	0.008876	0.040434	0.010848	0.025641	0.012821	0.035503	0.004931	0.034517	0.017751	0.026627	0.006903	0.014793	0.002959	0.011834	0.016765	0.030572	0.005917	0.020710	0.015779	0.020710	0.020710	0.035503	0.000986	0.013807	0.002959	0.010848	0.011834	0.018738	0.006903	0.003945	0.000986	0.033531	0.025641	0.065089	
0.037475	0.006903	0.015779	0.019724	0.014793	0.020710	0.025641	0.011834	0.018738	0.035503	0.008876	0.007890	0.025641	0.035503	0.028600	0.020710	0.008876	0.004931	0.001972	0.001972	0.018738	0.007890	0.023669	0.012821	0.003945	0.016765	0.005917	0.009862	0.015779	0.008876	0.013807	0.014793	0.011834	0.003945	0.007890	0.007890	0.014793	0.019724	0.028600	0.013807	0.005917	0.014793	0.006903	0.004931	0.005917	0.012821	0.012821	0.007890	0.013807	0.009862	0.010848	0.011834	0.035503	0.015779	0.054241	0.026627	0.010848	0.018738	0.008876	0.009862	0.030572	0.017751	0.027613	0.074951	
0.037475	0.004931	0.008876	0.020710	0.004931	0.002959	0.008876	0.008876	0.008876	0.011834	0.007890	0.007890	0.009862	0.006903	0.003945	0.020710	0.039448	0.011834	0.007890	0.024655	0.017751	0.006903	0.018738	0.020710	0.036489	0.046351	0.008876	0.040434	0.028600	0.008876	0.004931	0.022682	0.005917	0.005917	0.014793	0.012821	0.018738	0.012821	0.018738	0.035503	0.007890	0.010848	0.002959	0.008876	0.010848	0.003945	0.010848	0.006903	0.023669	0.003945	0.014793	0.035503	0.021696	0.007890	0.025641	0.019724	0.024655	0.021696	0.011834	0.024655	0.038462	0.014793	0.016765	0.048323	
0.056213	0.007890	0.025641	0.016765	0.005917	0.009862	0.005917	0.004931	0.003945	0.022682	0.009862	0.009862	0.020710	0.039448	0.010848	0.022682	0.008876	0.014793	0.014793	0.024655	0.005917	0.009862	0.000986	0.013807	0.010848	0.027613	0.016765	0.016765	0.000986	0.043393	0.011834	0.028600	0.012821	0.011834	0.009862	0.043393	0.008876	0.035503	0.012821	0.033531	0.004931	0.014793	0.001972	0.009862	0.016765	0.031558	0.008876	0.024655	0.018738	0.011834	0.020710	0.036489	0.000986	0.013807	0.004931	0.014793	0.008876	0.011834	0.008876	0.006903	0.000986	0.028600	0.015779	0.053254	
0.037475	0.017751	0.017751	0.023669	0.004931	0.012821	0.018738	0.009862	0.007890	0.039448	0.011834	0.011834	0.029586	0.046351	0.026627	0.018738	0.004931	0.003945	0.006903	0.005917	0.014793	0.013807	0.026627	0.013807	0.005917	0.006903	0.004931	0.006903	0.016765	0.011834	0.011834	0.026627	0.009862	0.003945	0.009862	0.004931	0.014793	0.019724	0.024655	0.017751	0.012821	0.008876	0.008876	0.006903	0.005917	0.015779	0.009862	0.011834	0.008876	0.004931	0.011834	0.013807	0.037475	0.015779	0.036489	0.053254	0.013807	0.014793	0.007890	0.010848	0.029586	0.022682	0.022682	0.054241	
0.027613	0.001972	0.009862	0.021696	0.005917	0.002959	0.010848	0.010848	0.013807	0.019724	0.004931	0.007890	0.017751	0.001972	0.004931	0.023669	0.023669	0.014793	0.009862	0.023669	0.017751	0.007890	0.012821	0.023669	0.023669	0.037475	0.007890	0.037475	0.030572	0.009862	0.006903	0.047337	0.002959	0.006903	0.008876	0.021696	0.016765	0.005917	0.018738	0.028600	0.007890	0.011834	0.001972	0.011834	0.014793	0.001972	0.005917	0.013807	0.025641	0.012821	0.014793	0.028600	0.022682	0.013807	0.027613	0.032544	0.020710	0.020710	0.011834	0.017751	0.026627	0.013807	0.018738	0.052268	
0.041420	0.005917	0.017751	0.014793	0.007890	0.014793	0.003945	0.009862	0.006903	0.016765	0.008876	0.010848	0.024655	0.033531	0.009862	0.027613	0.012821	0.010848	0.013807	0.025641	0.008876	0.006903	0.000986	0.013807	0.011834	0.031558	0.007890	0.018738	0.000986	0.053254	0.008876	0.032544	0.014793	0.013807	0.012821	0.024655	0.007890	0.038462	0.014793	0.028600	0.008876	0.008876	0.001972	0.006903	0.012821	0.033531	0.006903	0.021696	0.018738	0.015779	0.019724	0.035503	0.000986	0.010848	0.004931	0.010848	0.006903	0.009862	0.013807	0.005917	0.000986	0.033531	0.022682	0.079882	
0.043393	0.007890	0.015779	0.020710	0.006903	0.010848	0.020710	0.007890	0.013807	0.036489	0.005917	0.007890	0.024655	0.029586	0.024655	0.021696	0.007890	0.003945	0.007890	0.005917	0.011834	0.011834	0.031558	0.015779	0.005917	0.008876	0.007890	0.001972	0.020710	0.006903	0.014793	0.020710	0.007890	0.004931	0.014793	0.006903	0.012821	0.023669	0.014793	0.015779	0.003945	0.011834	0.011834	0.004931	0.008876	0.005917	0.016765	0.010848	0.012821	0.007890	0.007890	0.010848	0.036489	0.019724	0.056213	0.041420	0.011834	0.016765	0.006903	0.012821	0.025641	0.021696	0.030572	0.083826	
0.038462	0.004931	0.004931	0.023669	0.011834	0.003945	0.006903	0.001972	0.011834	0.018738	0.004931	0.010848	0.008876	0.007890	0.005917	0.021696	0.023669	0.009862	0.011834	0.022682	0.020710	0.006903	0.017751	0.020710	0.027613	0.037475	0.013807	0.044379	0.024655	0.008876	0.012821	0.034517	0.006903	0.003945	0.009862	0.014793	0.017751	0.009862	0.020710	0.025641	0.010848	0.013807	0.003945	0.003945	0.009862	0.003945	0.004931	0.008876	0.022682	0.016765	0.010848	0.029586	0.025641	0.006903	0.015779	0.015779	0.030572	0.025641	0.007890	0.022682	0.049310	0.007890	0.017751	0.062130	
0.041420	0.011834	0.023669	0.014793	0.005917	0.011834	0.009862	0.007890	0.004931	0.014793	0.006903	0.010848	0.014793	0.039448	0.010848	0.025641	0.015779	0.017751	0.018738	0.023669	0.007890	0.007890	0.002959	0.008876	0.012821	0.029586	0.006903	0.011834	0.000986	0.030572	0.009862	0.022682	0.015779	0.016765	0.010848	0.037475	0.013807	0.042406	0.010848	0.028600	0.004931	0.014793	0.002959	0.007890	0.017751	0.029586	0.008876	0.025641	0.016765	0.017751	0.020710	0.037475	0.000986	0.013807	0.002959	0.010848	0.007890	0.018738	0.003945	0.010848	0.000986	0.029586	0.027613	0.069034	
0.039448	0.014793	0.010848	0.024655	0.014793	0.011834	0.028600	0.008876	0.011834	0.036489	0.009862	0.015779	0.027613	0.037475	0.029586	0.018738	0.010848	0.005917	0.006903	0.004931	0.013807	0.016765	0.035503	0.009862	0.010848	0.008876	0.003945	0.002959	0.016765	0.008876	0.016765	0.013807	0.008876	0.006903	0.010848	0.003945	0.010848	0.020710	0.025641	0.020710	0.001972	0.009862	0.004931	0.003945	0.011834	0.010848	0.008876	0.009862	0.009862	0.005917	0.010848	0.007890	0.030572	0.015779	0.051282	0.031558	0.018738	0.020710	0.006903	0.010848	0.029586	0.019724	0.034517	0.059172	
0.034517	0.002959	0.011834	0.019724	0.007890	0.003945	0.015779	0.005917	0.009862	0.011834	0.004931	0.012821	0.011834	0.005917	0.007890	0.015779	0.021696	0.008876	0.012821	0.026627	0.014793	0.007890	0.013807	0.028600	0.034517	0.050296	0.016765	0.039448	0.019724	0.007890	0.009862	0.033531	0.011834	0.002959	0.009862	0.018738	0.017751	0.010848	0.021696	0.025641	0.005917	0.009862	0.001972	0.007890	0.010848	0.009862	0.007890	0.004931	0.028600	0.011834	0.012821	0.032544	0.019724	0.011834	0.024655	0.020710	0.026627	0.026627	0.012821	0.023669	0.028600	0.005917	0.018738	0.048323	
0.041420	0.011834	0.031558	0.011834	0.001972	0.009862	0.004931	0.009862	0.007890	0.016765	0.011834	0.010848	0.020710	0.036489	0.006903	0.033531	0.011834	0.015779	0.008876	0.023669	0.009862	0.007890	0.002959	0.013807	0.009862	0.032544	0.015779	0.017751	0.000986	0.046351	0.007890	0.025641	0.010848	0.023669	0.014793	0.027613	0.011834	0.040434	0.010848	0.035503	0.004931	0.022682	0.001972	0.006903	0.014793	0.035503	0.004931	0.028600	0.010848	0.010848	0.016765	0.032544	0.000986	0.009862	0.005917	0.012821	0.009862	0.018738	0.005917	0.009862	0.000986	0.023669	0.021696	0.056213	
