>NC_008497
0.000772	0.000772	0.000772	0.000772	0.000772	0.000772	0.000772	0.000772	0.000772	0.000772	0.000772	0.000772	0.000772	0.000772	0.000772	0.000772	0.000772	0.000772	0.000772	0.000772	0.000772	0.000772	0.000772	0.000772	0.000772	0.000772	0.000772	0.000772	0.257716	0.000772	0.000772	0.000772	0.000772	0.000772	0.000772	0.000772	0.000772	0.000772	0.000772	0.000772	0.000772	0.000772	0.000772	0.000772	0.000772	0.000772	0.000772	0.000772	0.000772	0.000772	0.000772	0.000772	0.120370	0.000772	0.000772	0.000772	0.000772	0.000772	0.000772	0.000772	0.624228	0.000772	0.000772	0.000772	
0.000772	0.000772	0.000772	0.000772	0.000772	0.000772	0.000772	0.000772	0.000772	0.000772	0.000772	0.000772	0.000772	0.000772	0.000772	0.000772	0.027778	0.024691	0.016975	0.053241	0.000772	0.000772	0.000772	0.000772	0.000772	0.000772	0.000772	0.000772	0.000772	0.000772	0.000772	0.000772	0.000772	0.000772	0.000772	0.000772	0.000772	0.000772	0.000772	0.000772	0.000772	0.000772	0.000772	0.000772	0.000772	0.000772	0.000772	0.000772	0.288580	0.174383	0.184414	0.236111	0.000772	0.000772	0.000772	0.000772	0.000772	0.000772	0.000772	0.000772	0.000772	0.000772	0.000772	0.000772	
0.067130	0.043981	0.053241	0.153549	0.028549	0.030864	0.026235	0.114969	0.027006	0.026235	0.023148	0.126543	0.025463	0.033179	0.044753	0.187500	0.000772	0.000772	0.000772	0.000772	0.000772	0.000772	0.000772	0.000772	0.000772	0.000772	0.000772	0.000772	0.000772	0.000772	0.000772	0.000772	0.000772	0.000772	0.000772	0.000772	0.000772	0.000772	0.000772	0.000772	0.000772	0.000772	0.000772	0.000772	0.000772	0.000772	0.000772	0.000772	0.000772	0.000772	0.000772	0.000772	0.000772	0.000772	0.000772	0.000772	0.000772	0.000772	0.000772	0.000772	0.000772	0.000772	0.000772	0.000772	
0.013889	0.017747	0.010802	0.027006	0.002315	0.014660	0.021605	0.007716	0.012346	0.033951	0.004630	0.004630	0.016975	0.069444	0.030093	0.039352	0.006173	0.006944	0.009259	0.008488	0.010802	0.006944	0.012346	0.003086	0.006944	0.011574	0.005401	0.004630	0.000772	0.021605	0.016975	0.077932	0.010802	0.004630	0.002315	0.011574	0.003086	0.008488	0.007716	0.009259	0.006173	0.015432	0.001543	0.002315	0.013889	0.055556	0.021605	0.037809	0.012346	0.007716	0.004630	0.003086	0.000772	0.017747	0.010031	0.006944	0.020833	0.020062	0.003858	0.002315	0.000772	0.050154	0.036265	0.102623	
0.012346	0.008488	0.008488	0.013889	0.006173	0.011574	0.011574	0.007716	0.004630	0.006173	0.007716	0.008488	0.010031	0.012346	0.010802	0.016975	0.006173	0.003086	0.003858	0.003858	0.016204	0.013889	0.006944	0.010802	0.016975	0.006944	0.013117	0.014660	0.004630	0.006944	0.008488	0.006944	0.010802	0.016204	0.005401	0.013889	0.016204	0.016204	0.016975	0.031636	0.000772	0.006173	0.001543	0.006944	0.004630	0.003858	0.002315	0.003086	0.012346	0.008488	0.006944	0.004630	0.073302	0.038580	0.029321	0.055556	0.039352	0.026235	0.017747	0.021605	0.082562	0.057870	0.053241	0.064043	
0.011574	0.010031	0.005401	0.014660	0.009259	0.004630	0.006944	0.015432	0.006173	0.007716	0.006173	0.004630	0.006944	0.003086	0.007716	0.018519	0.023148	0.017747	0.022377	0.048611	0.020833	0.010031	0.019290	0.030093	0.012346	0.010031	0.011574	0.030864	0.020062	0.006944	0.014660	0.064043	0.015432	0.013117	0.010802	0.022377	0.006173	0.010802	0.009259	0.019290	0.008488	0.005401	0.006173	0.020062	0.012346	0.003858	0.016204	0.019290	0.028549	0.018519	0.023920	0.030864	0.026235	0.009259	0.014660	0.030864	0.020062	0.012346	0.014660	0.027778	0.023920	0.006944	0.016204	0.043981	
0.020062	0.023148	0.006173	0.029321	0.002315	0.021605	0.023148	0.012346	0.008488	0.030093	0.003858	0.020062	0.010802	0.038580	0.024691	0.042438	0.022377	0.016975	0.013117	0.010031	0.010031	0.009259	0.012346	0.003086	0.010031	0.015432	0.006173	0.018519	0.000772	0.033951	0.028549	0.032407	0.013117	0.013117	0.007716	0.013117	0.003858	0.006173	0.015432	0.010031	0.003858	0.014660	0.005401	0.014660	0.009259	0.025463	0.009259	0.039352	0.036265	0.011574	0.006944	0.008488	0.000772	0.010031	0.006173	0.003858	0.010802	0.023148	0.007716	0.013117	0.000772	0.060957	0.036265	0.047840	
0.020062	0.020833	0.026235	0.024691	0.019290	0.016204	0.014660	0.014660	0.010031	0.009259	0.003858	0.010802	0.017747	0.019290	0.010031	0.013889	0.006944	0.003086	0.002315	0.004630	0.016204	0.012346	0.006173	0.012346	0.017747	0.011574	0.007716	0.020062	0.004630	0.007716	0.009259	0.007716	0.010031	0.009259	0.004630	0.009259	0.022377	0.020833	0.013889	0.026235	0.004630	0.010031	0.000772	0.007716	0.010802	0.013117	0.010031	0.032407	0.010802	0.002315	0.003086	0.005401	0.061728	0.033951	0.030864	0.032407	0.037037	0.018519	0.017747	0.025463	0.054012	0.033179	0.030864	0.043981	
0.013117	0.009259	0.007716	0.017747	0.010031	0.006173	0.008488	0.010802	0.007716	0.006173	0.005401	0.016975	0.007716	0.004630	0.010802	0.020833	0.037037	0.021605	0.022377	0.038580	0.022377	0.010031	0.020062	0.030864	0.019290	0.009259	0.016204	0.020833	0.016204	0.008488	0.018519	0.042438	0.012346	0.016975	0.010031	0.030093	0.013117	0.008488	0.013117	0.014660	0.003858	0.005401	0.005401	0.015432	0.014660	0.005401	0.019290	0.024691	0.033951	0.003858	0.021605	0.027778	0.022377	0.008488	0.020833	0.021605	0.022377	0.008488	0.012346	0.016975	0.020062	0.006944	0.028549	0.042438	
0.031636	0.018519	0.010031	0.036265	0.003858	0.014660	0.014660	0.018519	0.008488	0.023148	0.008488	0.021605	0.025463	0.037809	0.028549	0.022377	0.023920	0.017747	0.007716	0.018519	0.007716	0.005401	0.016204	0.003858	0.006944	0.017747	0.009259	0.028549	0.000772	0.023920	0.019290	0.033951	0.011574	0.019290	0.006944	0.015432	0.001543	0.009259	0.007716	0.010802	0.005401	0.013117	0.006944	0.013889	0.013117	0.023148	0.019290	0.014660	0.039352	0.008488	0.009259	0.001543	0.000772	0.013117	0.010031	0.001543	0.018519	0.017747	0.021605	0.019290	0.000772	0.054784	0.034722	0.040123	
0.030864	0.028549	0.021605	0.025463	0.009259	0.021605	0.013889	0.019290	0.006173	0.006173	0.005401	0.016204	0.018519	0.018519	0.013117	0.021605	0.004630	0.002315	0.003858	0.003086	0.015432	0.010031	0.003086	0.013889	0.013889	0.012346	0.007716	0.014660	0.011574	0.007716	0.004630	0.010802	0.013117	0.007716	0.006173	0.012346	0.023148	0.018519	0.013117	0.016975	0.009259	0.016204	0.006173	0.014660	0.015432	0.020833	0.012346	0.034722	0.013889	0.006173	0.010031	0.010031	0.045525	0.036265	0.023148	0.034722	0.029321	0.027006	0.018519	0.027006	0.027006	0.020062	0.026235	0.037809	
0.020062	0.010031	0.013117	0.019290	0.011574	0.012346	0.006944	0.013889	0.010031	0.009259	0.010802	0.011574	0.010802	0.008488	0.008488	0.023148	0.030093	0.015432	0.016975	0.030864	0.020833	0.013889	0.019290	0.032407	0.005401	0.013117	0.010802	0.023920	0.011574	0.013889	0.033179	0.026235	0.019290	0.009259	0.006944	0.023148	0.012346	0.012346	0.013117	0.023920	0.007716	0.009259	0.007716	0.013117	0.012346	0.013117	0.015432	0.031636	0.026235	0.009259	0.016975	0.020062	0.026235	0.012346	0.013117	0.015432	0.014660	0.010031	0.011574	0.020062	0.015432	0.014660	0.029321	0.045525	
0.023920	0.026235	0.008488	0.037037	0.002315	0.013117	0.015432	0.013117	0.004630	0.027006	0.008488	0.013889	0.020062	0.036265	0.011574	0.025463	0.021605	0.021605	0.010802	0.016975	0.013889	0.008488	0.024691	0.003858	0.010031	0.017747	0.006173	0.018519	0.000772	0.025463	0.018519	0.040895	0.010802	0.010031	0.006173	0.010802	0.002315	0.013117	0.013889	0.012346	0.005401	0.015432	0.006944	0.013117	0.015432	0.026235	0.010802	0.016204	0.030864	0.008488	0.007716	0.003086	0.000772	0.027778	0.016975	0.004630	0.022377	0.027778	0.018519	0.017747	0.000772	0.042438	0.039352	0.043981	
0.022377	0.022377	0.014660	0.027778	0.015432	0.020062	0.012346	0.018519	0.007716	0.006944	0.007716	0.010802	0.015432	0.019290	0.014660	0.018519	0.005401	0.005401	0.005401	0.003086	0.018519	0.016204	0.013117	0.014660	0.018519	0.017747	0.015432	0.019290	0.008488	0.007716	0.006173	0.011574	0.009259	0.014660	0.003858	0.014660	0.019290	0.026235	0.016975	0.025463	0.012346	0.009259	0.003858	0.014660	0.008488	0.017747	0.010031	0.027006	0.011574	0.009259	0.009259	0.006944	0.047840	0.030864	0.023920	0.027778	0.022377	0.023148	0.010802	0.023920	0.029321	0.030093	0.019290	0.047840	
0.009259	0.010031	0.018519	0.010802	0.012346	0.008488	0.013889	0.016975	0.005401	0.008488	0.003086	0.016204	0.012346	0.006944	0.009259	0.023920	0.027006	0.017747	0.021605	0.034722	0.020062	0.015432	0.024691	0.033179	0.012346	0.013117	0.016975	0.023920	0.015432	0.006173	0.019290	0.045525	0.019290	0.010031	0.004630	0.027006	0.010802	0.015432	0.012346	0.018519	0.011574	0.006944	0.009259	0.010031	0.011574	0.009259	0.016975	0.030864	0.022377	0.011574	0.011574	0.016204	0.024691	0.014660	0.014660	0.020833	0.018519	0.008488	0.011574	0.011574	0.023148	0.011574	0.020062	0.050154	
0.025463	0.021605	0.006173	0.024691	0.003086	0.020062	0.013889	0.012346	0.006173	0.023148	0.007716	0.019290	0.017747	0.036265	0.011574	0.023148	0.020833	0.019290	0.013889	0.013889	0.016975	0.014660	0.018519	0.003858	0.011574	0.018519	0.012346	0.023148	0.000772	0.026235	0.028549	0.033951	0.016975	0.010031	0.005401	0.015432	0.001543	0.015432	0.010802	0.009259	0.007716	0.016975	0.003858	0.012346	0.013889	0.018519	0.015432	0.013889	0.040895	0.011574	0.008488	0.001543	0.000772	0.017747	0.013117	0.002315	0.010031	0.018519	0.018519	0.018519	0.000772	0.051698	0.054012	0.043981	
0.027006	0.027006	0.029321	0.020833	0.013889	0.024691	0.013889	0.010031	0.009259	0.013889	0.001543	0.009259	0.010031	0.014660	0.011574	0.019290	0.006944	0.004630	0.006173	0.004630	0.020833	0.023148	0.010031	0.013889	0.014660	0.020062	0.010031	0.011574	0.006944	0.004630	0.006173	0.010031	0.009259	0.010802	0.003086	0.012346	0.020062	0.020833	0.010802	0.025463	0.013117	0.007716	0.004630	0.016975	0.016975	0.020833	0.016204	0.019290	0.009259	0.008488	0.008488	0.006944	0.040895	0.032407	0.027778	0.031636	0.034722	0.024691	0.017747	0.032407	0.039352	0.021605	0.017747	0.036265	
0.013889	0.006173	0.013117	0.019290	0.014660	0.010802	0.010802	0.014660	0.012346	0.009259	0.010031	0.015432	0.009259	0.004630	0.006173	0.024691	0.036265	0.017747	0.016975	0.024691	0.030864	0.021605	0.019290	0.029321	0.010802	0.010031	0.014660	0.027006	0.019290	0.006173	0.014660	0.040895	0.019290	0.011574	0.009259	0.031636	0.016975	0.010031	0.014660	0.024691	0.003086	0.003858	0.013889	0.013117	0.017747	0.009259	0.009259	0.033951	0.023920	0.014660	0.020062	0.014660	0.023920	0.012346	0.010802	0.014660	0.015432	0.010031	0.015432	0.010802	0.028549	0.006944	0.016204	0.033179	
0.020833	0.023920	0.013117	0.035494	0.002315	0.016975	0.018519	0.012346	0.009259	0.023920	0.008488	0.017747	0.012346	0.038580	0.016204	0.023148	0.036265	0.017747	0.016204	0.016204	0.019290	0.013889	0.018519	0.003086	0.006944	0.017747	0.009259	0.021605	0.000772	0.023148	0.026235	0.033179	0.013889	0.009259	0.005401	0.013117	0.001543	0.017747	0.006944	0.006944	0.005401	0.016204	0.010031	0.022377	0.015432	0.021605	0.014660	0.014660	0.047068	0.010802	0.013117	0.003858	0.000772	0.008488	0.015432	0.002315	0.012346	0.007716	0.013117	0.013117	0.000772	0.050154	0.048611	0.033179	
0.037809	0.026235	0.024691	0.029321	0.015432	0.014660	0.011574	0.020062	0.013889	0.012346	0.008488	0.013117	0.015432	0.024691	0.009259	0.019290	0.006944	0.005401	0.006173	0.005401	0.024691	0.010802	0.008488	0.013117	0.013889	0.017747	0.010031	0.017747	0.007716	0.006944	0.004630	0.005401	0.010802	0.006173	0.010031	0.006944	0.020833	0.020062	0.010031	0.014660	0.013117	0.008488	0.007716	0.011574	0.016204	0.018519	0.012346	0.027778	0.017747	0.003858	0.002315	0.005401	0.051698	0.024691	0.026235	0.030864	0.028549	0.023920	0.024691	0.028549	0.039352	0.018519	0.020062	0.026235	
0.023148	0.006173	0.013889	0.030093	0.010802	0.008488	0.013117	0.009259	0.013117	0.008488	0.009259	0.012346	0.007716	0.009259	0.010031	0.020062	0.042438	0.021605	0.018519	0.030093	0.017747	0.012346	0.015432	0.024691	0.013889	0.013117	0.013117	0.016204	0.019290	0.007716	0.020062	0.031636	0.024691	0.010031	0.008488	0.026235	0.015432	0.018519	0.012346	0.016204	0.010031	0.008488	0.012346	0.020062	0.019290	0.007716	0.018519	0.025463	0.023920	0.012346	0.021605	0.020833	0.029321	0.012346	0.010802	0.016204	0.009259	0.004630	0.012346	0.020062	0.020062	0.011574	0.020833	0.026235	
0.030093	0.025463	0.010802	0.047840	0.003858	0.021605	0.010802	0.013889	0.009259	0.026235	0.010802	0.016204	0.020062	0.043210	0.017747	0.026235	0.022377	0.020062	0.013889	0.016975	0.016975	0.013889	0.019290	0.001543	0.005401	0.016204	0.009259	0.020833	0.000772	0.016975	0.020833	0.027778	0.013117	0.011574	0.005401	0.016204	0.002315	0.014660	0.012346	0.005401	0.003086	0.029321	0.003086	0.011574	0.021605	0.023148	0.010031	0.013889	0.037809	0.009259	0.011574	0.007716	0.000772	0.010031	0.018519	0.006944	0.013889	0.023148	0.020062	0.012346	0.000772	0.037037	0.035494	0.030093	
0.030093	0.023148	0.025463	0.024691	0.019290	0.016204	0.016975	0.013889	0.010802	0.010031	0.005401	0.015432	0.014660	0.028549	0.015432	0.030093	0.007716	0.005401	0.005401	0.005401	0.023148	0.009259	0.013889	0.013889	0.020062	0.012346	0.010802	0.017747	0.009259	0.003858	0.006944	0.007716	0.013889	0.004630	0.007716	0.005401	0.027778	0.022377	0.016204	0.028549	0.013889	0.010031	0.008488	0.010802	0.012346	0.019290	0.010802	0.018519	0.014660	0.012346	0.012346	0.003858	0.053241	0.026235	0.017747	0.023148	0.026235	0.021605	0.017747	0.018519	0.027778	0.020062	0.015432	0.034722	
0.014660	0.012346	0.013889	0.025463	0.005401	0.014660	0.010031	0.015432	0.013117	0.008488	0.011574	0.017747	0.010031	0.003086	0.008488	0.017747	0.050926	0.019290	0.016975	0.036265	0.023920	0.010802	0.024691	0.014660	0.012346	0.012346	0.016975	0.023148	0.018519	0.006173	0.018519	0.036265	0.013117	0.013117	0.008488	0.036265	0.012346	0.011574	0.015432	0.014660	0.009259	0.004630	0.010031	0.018519	0.016204	0.013889	0.010802	0.021605	0.017747	0.014660	0.014660	0.016975	0.027006	0.014660	0.013889	0.016204	0.018519	0.009259	0.012346	0.008488	0.026235	0.006173	0.020062	0.038580	
0.016975	0.034722	0.010031	0.034722	0.002315	0.027778	0.014660	0.014660	0.007716	0.027006	0.004630	0.014660	0.029321	0.043210	0.013117	0.029321	0.025463	0.016975	0.013117	0.013117	0.018519	0.011574	0.018519	0.003086	0.007716	0.021605	0.008488	0.026235	0.000772	0.010802	0.018519	0.030864	0.011574	0.013889	0.011574	0.016204	0.003086	0.013889	0.010031	0.007716	0.003858	0.022377	0.004630	0.020062	0.011574	0.031636	0.012346	0.012346	0.038580	0.010031	0.018519	0.003858	0.000772	0.014660	0.012346	0.001543	0.007716	0.019290	0.020062	0.010802	0.000772	0.039352	0.044753	0.029321	
0.024691	0.023148	0.018519	0.026235	0.025463	0.016204	0.014660	0.019290	0.011574	0.016975	0.010031	0.014660	0.017747	0.023920	0.012346	0.013889	0.010031	0.005401	0.004630	0.004630	0.029321	0.014660	0.012346	0.011574	0.020062	0.008488	0.008488	0.018519	0.005401	0.007716	0.007716	0.006173	0.011574	0.004630	0.003858	0.006944	0.020833	0.028549	0.014660	0.026235	0.010031	0.011574	0.006944	0.009259	0.016975	0.025463	0.013889	0.015432	0.013117	0.010031	0.010031	0.009259	0.049383	0.027778	0.023920	0.023920	0.027006	0.016975	0.019290	0.025463	0.033179	0.024691	0.021605	0.022377	
0.020062	0.006944	0.014660	0.017747	0.010031	0.013889	0.006944	0.012346	0.016204	0.005401	0.006173	0.009259	0.010802	0.006173	0.009259	0.020833	0.042438	0.020833	0.020833	0.040895	0.033951	0.011574	0.020833	0.020833	0.015432	0.010031	0.023148	0.016975	0.020833	0.006173	0.025463	0.028549	0.020833	0.011574	0.010802	0.025463	0.014660	0.012346	0.007716	0.019290	0.010802	0.006173	0.013889	0.013889	0.013117	0.010802	0.013117	0.030864	0.025463	0.014660	0.013889	0.019290	0.030864	0.009259	0.013117	0.028549	0.016975	0.009259	0.010031	0.019290	0.015432	0.002315	0.013117	0.027006	
0.023920	0.033179	0.006944	0.044753	0.001543	0.020833	0.013889	0.017747	0.006944	0.030864	0.004630	0.017747	0.020062	0.039352	0.017747	0.026235	0.023920	0.023920	0.014660	0.027006	0.014660	0.010802	0.017747	0.003858	0.006944	0.016975	0.009259	0.015432	0.000772	0.020062	0.020833	0.039352	0.012346	0.012346	0.009259	0.025463	0.003086	0.012346	0.007716	0.007716	0.003086	0.027006	0.007716	0.015432	0.017747	0.020062	0.012346	0.009259	0.037809	0.010802	0.007716	0.003858	0.000772	0.007716	0.012346	0.004630	0.006944	0.019290	0.020062	0.014660	0.000772	0.037809	0.041667	0.027006	
0.022377	0.023148	0.022377	0.030093	0.020062	0.023148	0.021605	0.015432	0.012346	0.008488	0.010031	0.007716	0.020833	0.027778	0.022377	0.030093	0.004630	0.006173	0.004630	0.004630	0.019290	0.010031	0.012346	0.010031	0.015432	0.010031	0.013117	0.013117	0.010031	0.007716	0.006173	0.010031	0.006944	0.005401	0.006173	0.005401	0.030093	0.023148	0.013889	0.027006	0.011574	0.008488	0.007716	0.013889	0.011574	0.022377	0.011574	0.017747	0.012346	0.008488	0.011574	0.006944	0.047068	0.016975	0.024691	0.028549	0.026235	0.020062	0.020062	0.026235	0.032407	0.021605	0.021605	0.026235	
0.013117	0.010031	0.005401	0.017747	0.008488	0.013889	0.004630	0.016204	0.010802	0.010802	0.010031	0.013117	0.012346	0.005401	0.009259	0.020062	0.047068	0.018519	0.021605	0.029321	0.020062	0.017747	0.019290	0.016204	0.021605	0.012346	0.020833	0.017747	0.023148	0.003858	0.023920	0.030093	0.019290	0.015432	0.006944	0.023920	0.013117	0.006944	0.014660	0.012346	0.011574	0.010031	0.013117	0.016204	0.016204	0.006944	0.018519	0.019290	0.027006	0.011574	0.013117	0.023148	0.033951	0.012346	0.015432	0.017747	0.016204	0.010031	0.020062	0.015432	0.016204	0.006944	0.022377	0.038580	
0.029321	0.026235	0.004630	0.046296	0.003858	0.020833	0.018519	0.012346	0.008488	0.027006	0.006944	0.004630	0.019290	0.039352	0.015432	0.020062	0.021605	0.020833	0.015432	0.017747	0.020833	0.006944	0.020833	0.002315	0.005401	0.019290	0.010802	0.018519	0.000772	0.016975	0.017747	0.027006	0.013889	0.016204	0.007716	0.022377	0.001543	0.018519	0.013117	0.010031	0.003858	0.031636	0.009259	0.019290	0.019290	0.016204	0.011574	0.015432	0.035494	0.014660	0.013889	0.003858	0.000772	0.008488	0.010031	0.003858	0.007716	0.027778	0.024691	0.013889	0.000772	0.043981	0.036265	0.027006	
0.023920	0.023148	0.023148	0.030093	0.016204	0.023920	0.019290	0.018519	0.010031	0.012346	0.008488	0.010802	0.018519	0.022377	0.022377	0.027006	0.009259	0.006173	0.008488	0.003086	0.022377	0.013117	0.010802	0.008488	0.020833	0.016975	0.014660	0.010031	0.006944	0.007716	0.006173	0.007716	0.010802	0.007716	0.001543	0.005401	0.024691	0.034722	0.017747	0.028549	0.010802	0.013889	0.006944	0.020062	0.012346	0.011574	0.011574	0.020833	0.013889	0.006944	0.011574	0.007716	0.038580	0.034722	0.016975	0.026235	0.030093	0.023920	0.008488	0.018519	0.028549	0.019290	0.018519	0.023148	
0.020062	0.006173	0.008488	0.023148	0.015432	0.010031	0.006944	0.011574	0.010802	0.010031	0.007716	0.016204	0.013889	0.008488	0.006944	0.016975	0.036265	0.019290	0.018519	0.027778	0.040895	0.013117	0.028549	0.023920	0.014660	0.010802	0.016204	0.023148	0.017747	0.007716	0.023148	0.033179	0.019290	0.009259	0.010802	0.032407	0.020062	0.016204	0.010802	0.020062	0.012346	0.005401	0.008488	0.012346	0.014660	0.003858	0.013889	0.027006	0.026235	0.006944	0.013117	0.020062	0.017747	0.007716	0.013117	0.022377	0.020833	0.011574	0.013117	0.013117	0.016975	0.008488	0.019290	0.033951	
0.020833	0.032407	0.009259	0.039352	0.002315	0.017747	0.012346	0.009259	0.010031	0.027006	0.006173	0.007716	0.029321	0.037809	0.010802	0.025463	0.027006	0.021605	0.018519	0.027006	0.019290	0.010802	0.015432	0.001543	0.008488	0.016975	0.013889	0.020062	0.000772	0.016975	0.030864	0.029321	0.012346	0.017747	0.009259	0.019290	0.002315	0.018519	0.007716	0.009259	0.003086	0.020833	0.004630	0.016975	0.015432	0.020062	0.012346	0.016975	0.030864	0.011574	0.016975	0.003858	0.000772	0.007716	0.016204	0.003858	0.007716	0.027006	0.016975	0.011574	0.000772	0.043981	0.034722	0.031636	
0.018519	0.027778	0.023920	0.020833	0.022377	0.028549	0.014660	0.017747	0.011574	0.016975	0.007716	0.017747	0.023920	0.025463	0.021605	0.018519	0.009259	0.006944	0.004630	0.003858	0.023920	0.008488	0.011574	0.010802	0.020062	0.013117	0.011574	0.006944	0.006944	0.005401	0.005401	0.006173	0.007716	0.010031	0.004630	0.006944	0.023148	0.030864	0.011574	0.026235	0.007716	0.010802	0.010031	0.013117	0.011574	0.017747	0.009259	0.017747	0.018519	0.009259	0.010031	0.008488	0.050154	0.022377	0.023920	0.022377	0.030864	0.016975	0.017747	0.023148	0.029321	0.029321	0.016975	0.027778	
0.014660	0.013889	0.011574	0.013889	0.016204	0.008488	0.012346	0.016975	0.013889	0.009259	0.007716	0.012346	0.012346	0.005401	0.006944	0.015432	0.040895	0.023148	0.023148	0.032407	0.032407	0.010031	0.025463	0.022377	0.013117	0.006944	0.019290	0.022377	0.015432	0.005401	0.023920	0.032407	0.019290	0.013889	0.009259	0.027778	0.015432	0.016204	0.013117	0.013117	0.010031	0.010802	0.010031	0.016204	0.020062	0.005401	0.013889	0.021605	0.022377	0.010031	0.018519	0.020833	0.032407	0.008488	0.017747	0.019290	0.015432	0.006173	0.016204	0.015432	0.019290	0.009259	0.014660	0.027006	
0.023920	0.027778	0.007716	0.037809	0.007716	0.020833	0.018519	0.013889	0.008488	0.028549	0.006944	0.018519	0.015432	0.040895	0.014660	0.023920	0.029321	0.028549	0.014660	0.023920	0.010802	0.011574	0.019290	0.001543	0.007716	0.025463	0.010802	0.024691	0.000772	0.013117	0.024691	0.033179	0.013889	0.019290	0.006173	0.013117	0.002315	0.013889	0.012346	0.004630	0.006173	0.024691	0.005401	0.016975	0.014660	0.023148	0.012346	0.016204	0.037037	0.013889	0.013889	0.002315	0.000772	0.012346	0.010031	0.002315	0.010031	0.020062	0.020062	0.009259	0.000772	0.043981	0.027006	0.024691	
0.030093	0.023148	0.032407	0.018519	0.025463	0.023920	0.018519	0.021605	0.005401	0.013889	0.008488	0.014660	0.015432	0.027006	0.015432	0.019290	0.011574	0.003858	0.004630	0.001543	0.022377	0.011574	0.013117	0.011574	0.018519	0.012346	0.009259	0.020062	0.008488	0.003858	0.003858	0.006173	0.011574	0.006944	0.004630	0.009259	0.022377	0.032407	0.016975	0.027006	0.009259	0.011574	0.006173	0.016204	0.012346	0.021605	0.015432	0.020062	0.009259	0.006173	0.006944	0.009259	0.055556	0.025463	0.018519	0.021605	0.027006	0.016975	0.016204	0.018519	0.033951	0.020062	0.022377	0.021605	
0.022377	0.012346	0.007716	0.020062	0.010031	0.012346	0.010802	0.006944	0.017747	0.008488	0.008488	0.013889	0.009259	0.005401	0.011574	0.012346	0.037037	0.024691	0.023920	0.040123	0.038580	0.014660	0.024691	0.015432	0.012346	0.013889	0.018519	0.022377	0.022377	0.006173	0.016975	0.036265	0.012346	0.013117	0.009259	0.025463	0.013889	0.012346	0.012346	0.016204	0.010802	0.006173	0.007716	0.015432	0.016204	0.006944	0.019290	0.027006	0.022377	0.010802	0.012346	0.024691	0.020833	0.015432	0.019290	0.016975	0.016975	0.009259	0.014660	0.016204	0.010802	0.007716	0.016975	0.031636	
0.021605	0.027778	0.007716	0.037037	0.003086	0.022377	0.014660	0.020833	0.009259	0.026235	0.008488	0.009259	0.025463	0.042438	0.018519	0.023920	0.024691	0.023148	0.016204	0.019290	0.018519	0.017747	0.017747	0.000772	0.006944	0.024691	0.009259	0.026235	0.000772	0.011574	0.015432	0.027778	0.016975	0.016975	0.005401	0.018519	0.003086	0.017747	0.010031	0.006944	0.006173	0.020833	0.005401	0.016975	0.011574	0.016975	0.016204	0.023148	0.034722	0.013117	0.007716	0.003086	0.000772	0.011574	0.010802	0.003086	0.008488	0.025463	0.016975	0.013889	0.000772	0.040123	0.040123	0.026235	
0.023148	0.020833	0.030864	0.023148	0.023148	0.025463	0.015432	0.016975	0.007716	0.010031	0.007716	0.011574	0.020062	0.025463	0.016204	0.016204	0.009259	0.006173	0.004630	0.005401	0.026235	0.012346	0.018519	0.012346	0.014660	0.016204	0.009259	0.013117	0.010802	0.009259	0.006944	0.004630	0.012346	0.008488	0.004630	0.005401	0.027006	0.027006	0.015432	0.027778	0.009259	0.010031	0.010031	0.010802	0.018519	0.018519	0.010031	0.019290	0.014660	0.010031	0.008488	0.005401	0.046296	0.023920	0.020833	0.020062	0.025463	0.023148	0.017747	0.023920	0.027778	0.026235	0.024691	0.022377	
0.023148	0.010802	0.007716	0.017747	0.016975	0.010031	0.009259	0.009259	0.012346	0.013889	0.008488	0.013889	0.008488	0.002315	0.009259	0.019290	0.039352	0.022377	0.024691	0.036265	0.038580	0.008488	0.027778	0.013889	0.015432	0.010031	0.022377	0.022377	0.016975	0.005401	0.020833	0.033951	0.017747	0.013889	0.011574	0.013889	0.012346	0.015432	0.012346	0.019290	0.005401	0.010802	0.013889	0.014660	0.017747	0.005401	0.015432	0.020833	0.028549	0.015432	0.010031	0.023148	0.030864	0.016204	0.014660	0.017747	0.020062	0.006173	0.016975	0.014660	0.014660	0.005401	0.016204	0.026235	
0.022377	0.030864	0.010031	0.045525	0.004630	0.027778	0.016204	0.013889	0.008488	0.022377	0.007716	0.015432	0.021605	0.029321	0.016975	0.023148	0.038580	0.020062	0.020833	0.019290	0.017747	0.010031	0.020833	0.001543	0.006944	0.025463	0.008488	0.023148	0.000772	0.011574	0.023920	0.023920	0.011574	0.016975	0.010031	0.014660	0.003086	0.019290	0.008488	0.010031	0.008488	0.025463	0.006944	0.020833	0.014660	0.020833	0.013117	0.016975	0.039352	0.003858	0.011574	0.003086	0.000772	0.010031	0.006173	0.001543	0.014660	0.016975	0.015432	0.014660	0.000772	0.038580	0.036265	0.024691	
0.028549	0.030864	0.023920	0.028549	0.019290	0.020833	0.013117	0.018519	0.010031	0.016975	0.010802	0.014660	0.020062	0.020833	0.015432	0.026235	0.008488	0.004630	0.006944	0.006173	0.023920	0.013889	0.016204	0.013117	0.015432	0.012346	0.010031	0.013889	0.009259	0.006173	0.006173	0.005401	0.010802	0.010802	0.005401	0.011574	0.021605	0.032407	0.014660	0.021605	0.008488	0.010802	0.004630	0.014660	0.024691	0.015432	0.015432	0.018519	0.014660	0.007716	0.012346	0.003086	0.038580	0.013117	0.027006	0.021605	0.021605	0.020833	0.019290	0.028549	0.028549	0.020833	0.016204	0.023148	
0.019290	0.017747	0.007716	0.017747	0.012346	0.016975	0.008488	0.016204	0.008488	0.011574	0.009259	0.019290	0.016204	0.005401	0.013117	0.014660	0.036265	0.016204	0.016975	0.033951	0.022377	0.017747	0.023148	0.016975	0.015432	0.014660	0.021605	0.019290	0.023920	0.003086	0.023148	0.024691	0.020062	0.013889	0.003858	0.017747	0.019290	0.016204	0.013117	0.012346	0.008488	0.006944	0.010031	0.019290	0.015432	0.008488	0.015432	0.032407	0.033179	0.013889	0.009259	0.026235	0.030864	0.006173	0.011574	0.014660	0.016204	0.009259	0.013889	0.013889	0.020062	0.004630	0.020833	0.027778	
0.023920	0.033951	0.010802	0.040123	0.003858	0.030093	0.020062	0.007716	0.006173	0.016204	0.003858	0.011574	0.020062	0.037037	0.015432	0.023148	0.030864	0.019290	0.015432	0.019290	0.024691	0.013117	0.018519	0.000772	0.008488	0.023148	0.009259	0.015432	0.000772	0.020833	0.010802	0.027778	0.012346	0.014660	0.008488	0.013117	0.001543	0.017747	0.010031	0.013117	0.006944	0.024691	0.006173	0.016975	0.016975	0.023920	0.011574	0.019290	0.035494	0.019290	0.014660	0.006173	0.000772	0.008488	0.010802	0.001543	0.010031	0.026235	0.019290	0.016975	0.000772	0.032407	0.029321	0.037037	
0.030864	0.020833	0.027778	0.023148	0.028549	0.027006	0.016204	0.015432	0.007716	0.014660	0.010802	0.016204	0.013117	0.023920	0.023148	0.018519	0.013117	0.010031	0.006173	0.001543	0.033951	0.010802	0.015432	0.009259	0.013117	0.013117	0.015432	0.017747	0.010031	0.003086	0.006173	0.003858	0.010031	0.005401	0.005401	0.010802	0.024691	0.020062	0.016975	0.028549	0.010802	0.010031	0.008488	0.009259	0.010802	0.014660	0.012346	0.023148	0.016975	0.007716	0.009259	0.004630	0.045525	0.017747	0.022377	0.028549	0.017747	0.022377	0.010802	0.016204	0.036265	0.021605	0.024691	0.024691	
0.024691	0.016204	0.012346	0.017747	0.014660	0.008488	0.008488	0.012346	0.016975	0.006173	0.008488	0.016975	0.007716	0.006944	0.011574	0.013889	0.035494	0.027778	0.021605	0.047840	0.020062	0.012346	0.024691	0.018519	0.010802	0.013889	0.020062	0.026235	0.020062	0.004630	0.020833	0.036265	0.017747	0.010802	0.005401	0.015432	0.015432	0.011574	0.010802	0.022377	0.012346	0.007716	0.010031	0.015432	0.010802	0.004630	0.012346	0.031636	0.029321	0.010802	0.013889	0.016204	0.014660	0.014660	0.013889	0.020062	0.013889	0.009259	0.020833	0.022377	0.019290	0.010031	0.018519	0.022377	
0.023148	0.030093	0.015432	0.038580	0.006944	0.032407	0.015432	0.010802	0.007716	0.023920	0.006173	0.015432	0.023148	0.030864	0.016975	0.026235	0.018519	0.017747	0.012346	0.016204	0.016204	0.012346	0.017747	0.000772	0.003858	0.018519	0.010031	0.025463	0.000772	0.015432	0.022377	0.034722	0.015432	0.019290	0.005401	0.013889	0.002315	0.011574	0.015432	0.007716	0.003858	0.023920	0.009259	0.022377	0.014660	0.030093	0.011574	0.024691	0.031636	0.010802	0.011574	0.003858	0.000772	0.013117	0.009259	0.003086	0.015432	0.020062	0.020833	0.006944	0.000772	0.045525	0.038580	0.019290	
0.024691	0.020833	0.021605	0.021605	0.023148	0.021605	0.018519	0.014660	0.008488	0.013117	0.010031	0.013117	0.016204	0.016975	0.016975	0.022377	0.011574	0.004630	0.006173	0.003858	0.022377	0.021605	0.013117	0.012346	0.013889	0.013117	0.016975	0.013889	0.005401	0.006173	0.004630	0.006173	0.010802	0.005401	0.007716	0.006944	0.027006	0.023148	0.010802	0.025463	0.010031	0.015432	0.009259	0.011574	0.020833	0.020833	0.006944	0.021605	0.019290	0.008488	0.006173	0.005401	0.057099	0.019290	0.018519	0.027006	0.037809	0.026235	0.011574	0.013889	0.036265	0.023148	0.025463	0.020062	
0.018519	0.013889	0.014660	0.019290	0.010031	0.010802	0.008488	0.010031	0.011574	0.009259	0.006173	0.014660	0.008488	0.003858	0.006173	0.019290	0.041667	0.028549	0.027006	0.032407	0.032407	0.009259	0.026235	0.017747	0.014660	0.008488	0.021605	0.016204	0.021605	0.003858	0.024691	0.029321	0.021605	0.016204	0.007716	0.024691	0.021605	0.013889	0.017747	0.014660	0.010802	0.010802	0.014660	0.011574	0.016204	0.003086	0.011574	0.021605	0.023920	0.015432	0.013117	0.026235	0.021605	0.014660	0.016975	0.013889	0.021605	0.008488	0.014660	0.009259	0.012346	0.003858	0.021605	0.032407	
0.020833	0.040895	0.013117	0.030864	0.011574	0.026235	0.018519	0.017747	0.006173	0.027778	0.007716	0.020833	0.021605	0.043210	0.011574	0.026235	0.027006	0.021605	0.016204	0.020833	0.013117	0.012346	0.022377	0.000772	0.006173	0.020833	0.016975	0.025463	0.000772	0.011574	0.017747	0.026235	0.013889	0.016204	0.007716	0.020833	0.003086	0.014660	0.011574	0.007716	0.008488	0.020062	0.008488	0.020062	0.013117	0.012346	0.010031	0.016204	0.031636	0.010031	0.012346	0.004630	0.000772	0.008488	0.003086	0.002315	0.015432	0.024691	0.016204	0.007716	0.000772	0.047068	0.031636	0.023148	
0.023148	0.021605	0.024691	0.023920	0.027778	0.027778	0.016204	0.016975	0.013117	0.013889	0.010031	0.012346	0.017747	0.021605	0.016204	0.021605	0.008488	0.004630	0.010802	0.004630	0.024691	0.010802	0.014660	0.011574	0.014660	0.010031	0.016204	0.014660	0.008488	0.005401	0.009259	0.005401	0.012346	0.004630	0.008488	0.010802	0.026235	0.026235	0.016204	0.024691	0.013889	0.010802	0.011574	0.013117	0.016975	0.021605	0.013117	0.022377	0.015432	0.006944	0.011574	0.002315	0.047840	0.021605	0.027006	0.017747	0.025463	0.017747	0.010802	0.016975	0.024691	0.019290	0.025463	0.022377	
0.017747	0.010031	0.010802	0.020833	0.008488	0.011574	0.004630	0.013117	0.014660	0.013117	0.011574	0.016204	0.010031	0.003858	0.010802	0.016975	0.042438	0.019290	0.020833	0.043981	0.027006	0.012346	0.030864	0.016204	0.017747	0.010031	0.023920	0.022377	0.015432	0.004630	0.021605	0.029321	0.022377	0.011574	0.006173	0.027006	0.015432	0.007716	0.018519	0.010802	0.012346	0.011574	0.010031	0.014660	0.017747	0.005401	0.014660	0.019290	0.027006	0.012346	0.012346	0.016204	0.023920	0.012346	0.013117	0.018519	0.016204	0.009259	0.020062	0.018519	0.015432	0.005401	0.023148	0.027778	
0.024691	0.030864	0.011574	0.042438	0.003858	0.025463	0.011574	0.012346	0.010031	0.022377	0.002315	0.015432	0.027006	0.035494	0.016204	0.029321	0.025463	0.016204	0.016975	0.016204	0.014660	0.015432	0.013117	0.000772	0.006944	0.021605	0.008488	0.030093	0.000772	0.013889	0.020833	0.023148	0.013117	0.018519	0.006944	0.022377	0.006944	0.016975	0.010802	0.009259	0.006944	0.035494	0.005401	0.017747	0.013889	0.027006	0.008488	0.022377	0.033951	0.010031	0.013117	0.001543	0.000772	0.007716	0.008488	0.002315	0.010802	0.025463	0.019290	0.014660	0.000772	0.047068	0.030864	0.014660	
0.026235	0.024691	0.025463	0.020833	0.016975	0.016975	0.020833	0.020833	0.014660	0.012346	0.010802	0.010802	0.020062	0.023148	0.015432	0.023920	0.009259	0.005401	0.006173	0.005401	0.027778	0.011574	0.013889	0.012346	0.010802	0.011574	0.010802	0.010802	0.010031	0.006173	0.004630	0.003858	0.008488	0.006944	0.009259	0.010031	0.033179	0.033951	0.012346	0.025463	0.010031	0.010802	0.006173	0.008488	0.016204	0.024691	0.015432	0.021605	0.018519	0.011574	0.006944	0.005401	0.055556	0.018519	0.020062	0.029321	0.024691	0.016975	0.016975	0.017747	0.032407	0.023148	0.016204	0.017747	
0.016975	0.010802	0.013889	0.020833	0.017747	0.009259	0.007716	0.013889	0.016975	0.008488	0.009259	0.013117	0.006173	0.005401	0.013117	0.016975	0.047068	0.023148	0.027778	0.035494	0.032407	0.010031	0.022377	0.016204	0.027006	0.005401	0.014660	0.020062	0.018519	0.003858	0.025463	0.040123	0.018519	0.011574	0.010031	0.020062	0.009259	0.011574	0.013117	0.017747	0.010031	0.011574	0.010031	0.013117	0.008488	0.003858	0.010802	0.024691	0.023920	0.013889	0.020833	0.020062	0.028549	0.011574	0.013889	0.023148	0.021605	0.006173	0.011574	0.012346	0.016975	0.006173	0.026235	0.017747	
0.025463	0.030093	0.017747	0.033179	0.010031	0.023148	0.013117	0.013117	0.010031	0.035494	0.009259	0.017747	0.020833	0.043210	0.013889	0.018519	0.026235	0.024691	0.016975	0.020062	0.013117	0.016975	0.011574	0.000772	0.008488	0.019290	0.007716	0.021605	0.000772	0.014660	0.024691	0.030864	0.016975	0.030093	0.012346	0.016204	0.002315	0.014660	0.006173	0.008488	0.003858	0.025463	0.004630	0.011574	0.016975	0.016204	0.008488	0.016975	0.026235	0.006944	0.012346	0.004630	0.000772	0.010031	0.006173	0.002315	0.011574	0.027778	0.024691	0.011574	0.000772	0.039352	0.034722	0.024691	
0.023148	0.028549	0.022377	0.020833	0.020833	0.027778	0.025463	0.017747	0.011574	0.013889	0.016204	0.017747	0.015432	0.014660	0.023148	0.020833	0.010031	0.004630	0.006944	0.004630	0.021605	0.015432	0.013889	0.013889	0.010802	0.009259	0.006944	0.010031	0.012346	0.004630	0.003858	0.003858	0.007716	0.008488	0.006944	0.010802	0.034722	0.032407	0.016204	0.024691	0.012346	0.011574	0.006173	0.016204	0.014660	0.014660	0.013889	0.019290	0.016204	0.010031	0.008488	0.004630	0.046296	0.018519	0.027006	0.021605	0.020833	0.021605	0.020833	0.018519	0.028549	0.021605	0.021605	0.019290	
0.018519	0.013117	0.009259	0.016204	0.011574	0.010031	0.010802	0.019290	0.014660	0.008488	0.010031	0.011574	0.013889	0.003858	0.007716	0.015432	0.040895	0.022377	0.019290	0.040895	0.038580	0.011574	0.024691	0.019290	0.016204	0.016975	0.026235	0.023148	0.016204	0.004630	0.017747	0.039352	0.013117	0.011574	0.006944	0.023920	0.013889	0.006944	0.015432	0.020062	0.010802	0.009259	0.016975	0.013117	0.014660	0.006944	0.019290	0.021605	0.021605	0.012346	0.015432	0.021605	0.021605	0.009259	0.010031	0.014660	0.020833	0.007716	0.019290	0.014660	0.016204	0.010031	0.018519	0.018519	
0.016204	0.030093	0.013117	0.034722	0.007716	0.022377	0.015432	0.013889	0.006173	0.022377	0.008488	0.013889	0.026235	0.040123	0.016204	0.020062	0.033179	0.014660	0.016204	0.021605	0.013117	0.014660	0.008488	0.001543	0.006944	0.019290	0.013117	0.021605	0.000772	0.017747	0.021605	0.033179	0.017747	0.016204	0.007716	0.020833	0.002315	0.020833	0.013889	0.005401	0.009259	0.037037	0.004630	0.021605	0.017747	0.016204	0.008488	0.020062	0.033179	0.009259	0.014660	0.003858	0.000772	0.012346	0.010031	0.002315	0.013889	0.015432	0.017747	0.016204	0.000772	0.037809	0.034722	0.021605	
