>NC_010634
0.000476	0.000476	0.000476	0.000476	0.000476	0.000476	0.000476	0.000476	0.000476	0.000476	0.000476	0.000476	0.000476	0.000476	0.000476	0.000476	0.000476	0.000476	0.000476	0.000476	0.000476	0.000476	0.000476	0.000476	0.000476	0.000476	0.000476	0.000476	0.145100	0.000476	0.000476	0.000476	0.000476	0.000476	0.000476	0.000476	0.000476	0.000476	0.000476	0.000476	0.000476	0.000476	0.000476	0.000476	0.000476	0.000476	0.000476	0.000476	0.000476	0.000476	0.000476	0.000476	0.294006	0.000476	0.000476	0.000476	0.000476	0.000476	0.000476	0.000476	0.562322	0.000476	0.000476	0.000476	
0.000476	0.000476	0.000476	0.000476	0.000476	0.000476	0.000476	0.000476	0.000476	0.000476	0.000476	0.000476	0.000476	0.000476	0.000476	0.000476	0.062797	0.049952	0.088011	0.094672	0.000476	0.000476	0.000476	0.000476	0.000476	0.000476	0.000476	0.000476	0.000476	0.000476	0.000476	0.000476	0.000476	0.000476	0.000476	0.000476	0.000476	0.000476	0.000476	0.000476	0.000476	0.000476	0.000476	0.000476	0.000476	0.000476	0.000476	0.000476	0.201237	0.160799	0.132255	0.214082	0.000476	0.000476	0.000476	0.000476	0.000476	0.000476	0.000476	0.000476	0.000476	0.000476	0.000476	0.000476	
0.067555	0.065652	0.038535	0.093245	0.061370	0.029971	0.029971	0.090390	0.048525	0.067555	0.042341	0.062797	0.053283	0.029496	0.060419	0.166508	0.000476	0.000476	0.000476	0.000476	0.000476	0.000476	0.000476	0.000476	0.000476	0.000476	0.000476	0.000476	0.000476	0.000476	0.000476	0.000476	0.000476	0.000476	0.000476	0.000476	0.000476	0.000476	0.000476	0.000476	0.000476	0.000476	0.000476	0.000476	0.000476	0.000476	0.000476	0.000476	0.000476	0.000476	0.000476	0.000476	0.000476	0.000476	0.000476	0.000476	0.000476	0.000476	0.000476	0.000476	0.000476	0.000476	0.000476	0.000476	
0.021408	0.012369	0.013321	0.021884	0.005709	0.020932	0.025690	0.014748	0.009039	0.014748	0.011418	0.004757	0.015224	0.029496	0.024263	0.025690	0.013796	0.016651	0.018554	0.013796	0.012845	0.007612	0.005709	0.005233	0.006660	0.012845	0.008088	0.003806	0.000476	0.032350	0.028544	0.030447	0.021408	0.011893	0.007612	0.009039	0.007136	0.020932	0.020457	0.020457	0.009990	0.025690	0.004757	0.003330	0.009515	0.015224	0.019981	0.019505	0.016651	0.012369	0.013796	0.011893	0.000476	0.011893	0.013321	0.005233	0.017127	0.022360	0.016651	0.005709	0.000476	0.039962	0.045195	0.082303	
0.024738	0.019981	0.014272	0.014272	0.015699	0.013321	0.013321	0.010942	0.009990	0.021408	0.009515	0.012369	0.015699	0.018554	0.007136	0.015224	0.007612	0.005709	0.008563	0.004282	0.013796	0.016175	0.012369	0.019029	0.016651	0.017602	0.018078	0.012845	0.009039	0.008088	0.016175	0.012369	0.010942	0.011893	0.006660	0.013321	0.015699	0.023311	0.016651	0.019981	0.011418	0.011418	0.007612	0.010466	0.004757	0.004757	0.003806	0.004282	0.009039	0.005233	0.004757	0.006660	0.040438	0.025690	0.024738	0.026166	0.031399	0.032350	0.026166	0.028069	0.053283	0.032826	0.024263	0.047574	
0.014272	0.010942	0.007612	0.019505	0.014272	0.007612	0.008088	0.012845	0.006185	0.009990	0.009515	0.008563	0.007612	0.003330	0.009039	0.018554	0.019505	0.012369	0.022835	0.030923	0.028069	0.013321	0.014272	0.022835	0.014748	0.024263	0.013796	0.014272	0.017602	0.009515	0.019029	0.029971	0.014748	0.015224	0.010942	0.028544	0.019505	0.013796	0.020932	0.028544	0.010942	0.024263	0.012845	0.013321	0.011893	0.006185	0.018554	0.027117	0.021408	0.020457	0.010942	0.029971	0.028544	0.007612	0.010466	0.017602	0.009515	0.013796	0.016175	0.011893	0.018078	0.008563	0.019029	0.033777	
0.021884	0.016175	0.010942	0.020932	0.008563	0.017602	0.014272	0.018554	0.010466	0.016651	0.012369	0.012845	0.027117	0.023787	0.022360	0.035680	0.020932	0.028544	0.021884	0.019029	0.013321	0.014272	0.011893	0.002854	0.009990	0.020932	0.010466	0.012369	0.000476	0.024263	0.026166	0.030923	0.011893	0.008563	0.006185	0.014748	0.007136	0.018554	0.023311	0.023311	0.007612	0.024263	0.006185	0.014272	0.010466	0.011418	0.010942	0.015224	0.024263	0.016175	0.008088	0.006660	0.000476	0.009515	0.005709	0.011893	0.014272	0.025690	0.013321	0.012369	0.000476	0.036156	0.024738	0.048049	
0.023311	0.015224	0.014748	0.025690	0.013796	0.028544	0.011418	0.015699	0.009039	0.013796	0.012369	0.011893	0.019505	0.017127	0.009039	0.015699	0.007136	0.005709	0.008088	0.008563	0.018554	0.013321	0.015224	0.012845	0.012845	0.013321	0.014272	0.014748	0.012369	0.016175	0.013321	0.014748	0.011893	0.010942	0.008563	0.010942	0.021408	0.020457	0.020932	0.024738	0.009990	0.009515	0.011418	0.011418	0.007612	0.015224	0.008563	0.020457	0.016175	0.007136	0.009515	0.005709	0.032350	0.019029	0.020457	0.023787	0.024738	0.025214	0.015699	0.018554	0.046622	0.025690	0.026166	0.031399	
0.019029	0.010942	0.014272	0.014272	0.014748	0.004757	0.008088	0.011418	0.014272	0.008088	0.010466	0.008088	0.015224	0.003330	0.016175	0.016175	0.019505	0.016175	0.020457	0.029971	0.024263	0.014748	0.016651	0.025690	0.010466	0.019029	0.017602	0.020932	0.016175	0.012369	0.023311	0.025214	0.014272	0.007612	0.011418	0.023311	0.013321	0.011418	0.014272	0.022835	0.009990	0.017602	0.008563	0.017602	0.013796	0.003806	0.013796	0.025214	0.025214	0.018554	0.015224	0.027117	0.029020	0.010942	0.011418	0.022835	0.019029	0.013321	0.013321	0.011418	0.019981	0.007612	0.015699	0.039010	
0.017602	0.019981	0.016651	0.023787	0.007612	0.016175	0.017602	0.011893	0.012369	0.020932	0.013321	0.014748	0.021884	0.035680	0.011418	0.025690	0.022835	0.017127	0.025214	0.016175	0.011893	0.010466	0.012845	0.006660	0.007136	0.017127	0.011893	0.014272	0.000476	0.026641	0.029020	0.026641	0.015699	0.012369	0.007612	0.018078	0.005709	0.018554	0.017127	0.016651	0.007136	0.019981	0.009039	0.013796	0.013796	0.017127	0.010942	0.016175	0.029496	0.012845	0.011893	0.010942	0.000476	0.011893	0.006660	0.008088	0.017127	0.022835	0.016651	0.012369	0.000476	0.035680	0.021408	0.048049	
0.027593	0.017127	0.013321	0.027593	0.016175	0.019029	0.009990	0.017127	0.014748	0.016651	0.012845	0.017127	0.020457	0.021884	0.009515	0.017127	0.007612	0.004757	0.008088	0.005233	0.013321	0.017602	0.010942	0.015224	0.012369	0.015699	0.014272	0.011893	0.007136	0.010466	0.015699	0.009990	0.013321	0.005233	0.011893	0.013321	0.021408	0.022360	0.014272	0.022835	0.011418	0.018554	0.008088	0.012845	0.012845	0.012845	0.011418	0.018078	0.016175	0.006185	0.006660	0.007612	0.038059	0.028069	0.018554	0.030447	0.019981	0.021408	0.012369	0.019029	0.036156	0.029020	0.016651	0.034729	
0.017127	0.018078	0.006660	0.022835	0.010942	0.006660	0.005709	0.009990	0.013321	0.011418	0.005233	0.009990	0.017127	0.004282	0.010942	0.021408	0.025214	0.018078	0.016175	0.029496	0.028544	0.016175	0.015224	0.027117	0.015224	0.014748	0.012845	0.010942	0.011893	0.016175	0.014272	0.043292	0.014272	0.009990	0.011418	0.022835	0.018078	0.010942	0.016175	0.027117	0.008088	0.019029	0.008563	0.011893	0.015699	0.002379	0.017127	0.025690	0.022835	0.014748	0.017602	0.021408	0.025214	0.010466	0.012845	0.025690	0.015699	0.008563	0.017127	0.011893	0.019981	0.007612	0.010942	0.041389	
0.021408	0.022835	0.009990	0.025214	0.005709	0.021408	0.019981	0.013796	0.007136	0.018554	0.016651	0.009515	0.019029	0.026641	0.020457	0.030447	0.019505	0.019505	0.025214	0.018554	0.015224	0.009990	0.012369	0.006660	0.008088	0.020932	0.011418	0.009515	0.000476	0.038059	0.023311	0.028069	0.014272	0.012845	0.006660	0.018554	0.008088	0.016175	0.014748	0.014748	0.004757	0.020457	0.005709	0.012845	0.005233	0.010942	0.011418	0.017127	0.026166	0.012369	0.012369	0.013796	0.000476	0.013796	0.005233	0.010942	0.008088	0.017602	0.016175	0.011418	0.000476	0.040913	0.027593	0.062797	
0.025690	0.022835	0.011893	0.020932	0.014748	0.026166	0.016175	0.010466	0.011893	0.015699	0.013321	0.013321	0.020457	0.019981	0.013796	0.021884	0.007612	0.006185	0.009039	0.006660	0.014272	0.014272	0.015699	0.017127	0.015699	0.011418	0.009990	0.015224	0.009039	0.016175	0.013321	0.007612	0.007136	0.006185	0.004282	0.010466	0.019029	0.020932	0.019505	0.018078	0.009515	0.017127	0.008088	0.015224	0.009990	0.010942	0.012369	0.009990	0.009039	0.003330	0.007136	0.005709	0.034253	0.031874	0.019029	0.031399	0.019981	0.028069	0.016651	0.018078	0.045195	0.031399	0.028069	0.033777	
0.014272	0.009039	0.009515	0.016651	0.011418	0.006660	0.006660	0.013796	0.007136	0.010942	0.006185	0.008088	0.011418	0.002854	0.013321	0.016175	0.022360	0.020457	0.018078	0.021408	0.034253	0.008563	0.021884	0.028544	0.019505	0.014272	0.018078	0.018554	0.016175	0.008088	0.021408	0.031399	0.015224	0.009990	0.010466	0.021408	0.019981	0.008563	0.012845	0.030923	0.007612	0.015699	0.016651	0.008088	0.018078	0.006185	0.016175	0.021408	0.029020	0.017602	0.014272	0.023787	0.030923	0.010466	0.015699	0.021408	0.020457	0.018078	0.017127	0.011893	0.021884	0.009039	0.009990	0.032350	
0.018078	0.018554	0.007612	0.036632	0.005709	0.019029	0.016175	0.016175	0.012369	0.017127	0.009515	0.013321	0.015224	0.029971	0.014748	0.023311	0.022835	0.020457	0.029020	0.024263	0.008563	0.011418	0.010942	0.003330	0.005233	0.020457	0.016175	0.015224	0.000476	0.033777	0.031874	0.028544	0.015699	0.015699	0.009039	0.014272	0.006660	0.016651	0.018078	0.017602	0.009039	0.021884	0.007136	0.019981	0.009039	0.013321	0.008563	0.015699	0.028544	0.016651	0.010466	0.011893	0.000476	0.011893	0.007612	0.006185	0.014272	0.020932	0.011418	0.014272	0.000476	0.035205	0.024738	0.040913	
0.029020	0.017127	0.013796	0.025214	0.017127	0.022360	0.016175	0.015699	0.013321	0.019029	0.011893	0.011893	0.020932	0.025214	0.017127	0.023787	0.004282	0.003806	0.008088	0.005233	0.013321	0.015699	0.013321	0.016651	0.008563	0.016651	0.015699	0.011893	0.010942	0.011893	0.011418	0.009039	0.011418	0.009990	0.007612	0.011893	0.021884	0.022835	0.016175	0.019505	0.009990	0.015224	0.006660	0.012369	0.017602	0.012845	0.013321	0.019029	0.009039	0.006660	0.005709	0.003806	0.038535	0.028544	0.017127	0.028069	0.022360	0.026166	0.014272	0.017127	0.035205	0.023311	0.019029	0.030923	
0.016651	0.015224	0.008088	0.013796	0.011893	0.008563	0.006660	0.010466	0.009039	0.011418	0.008563	0.006185	0.011418	0.004282	0.011418	0.019029	0.027593	0.014272	0.020932	0.028069	0.029971	0.016175	0.017602	0.025690	0.014748	0.020457	0.015224	0.012369	0.014748	0.005233	0.024263	0.035680	0.011418	0.011418	0.009990	0.021408	0.024738	0.012845	0.016651	0.022835	0.008563	0.016651	0.009990	0.013321	0.012369	0.003330	0.014748	0.022835	0.030923	0.013321	0.014748	0.025690	0.024738	0.010942	0.015699	0.021884	0.015699	0.014748	0.017127	0.013321	0.023311	0.007136	0.015699	0.036632	
0.028069	0.018554	0.007136	0.032826	0.004757	0.014748	0.023311	0.011418	0.009515	0.019505	0.013321	0.011418	0.022835	0.029496	0.015224	0.021408	0.019029	0.019029	0.029971	0.023311	0.019029	0.015699	0.011418	0.002379	0.006660	0.023787	0.010942	0.015224	0.000476	0.026641	0.032350	0.021408	0.014272	0.009515	0.006660	0.017602	0.004282	0.030447	0.013321	0.015224	0.004757	0.019029	0.008088	0.019029	0.008088	0.010942	0.009039	0.017127	0.026641	0.012369	0.010942	0.011893	0.000476	0.005233	0.006660	0.007612	0.018078	0.026641	0.012845	0.008563	0.000476	0.031399	0.027593	0.054710	
0.024738	0.023787	0.016651	0.022835	0.019505	0.017127	0.009990	0.012845	0.013321	0.015699	0.011418	0.014272	0.025214	0.022835	0.019029	0.018554	0.009039	0.004757	0.008088	0.006660	0.022360	0.013321	0.014272	0.016175	0.009990	0.013321	0.020457	0.010942	0.007612	0.006660	0.010466	0.011893	0.011418	0.007136	0.008088	0.012369	0.023787	0.023787	0.021884	0.019505	0.009515	0.013321	0.009990	0.012369	0.014748	0.015224	0.009515	0.014748	0.010942	0.005709	0.006185	0.009039	0.035205	0.023787	0.014748	0.024738	0.022835	0.021408	0.017602	0.022360	0.035680	0.024263	0.024738	0.029971	
0.014272	0.011893	0.012845	0.017127	0.016651	0.006185	0.007136	0.011418	0.011418	0.009515	0.008563	0.009515	0.013796	0.002854	0.013796	0.020457	0.034729	0.014748	0.023787	0.027593	0.030923	0.013796	0.017127	0.016175	0.018078	0.011418	0.018078	0.013321	0.019029	0.006660	0.022835	0.024738	0.010942	0.010466	0.013321	0.020932	0.021884	0.007612	0.015224	0.019029	0.014272	0.016651	0.012845	0.015699	0.015699	0.003330	0.017127	0.023787	0.028069	0.017127	0.011893	0.026166	0.033777	0.008563	0.012369	0.014272	0.020457	0.015224	0.018078	0.009990	0.017127	0.006185	0.017602	0.034253	
0.028069	0.019981	0.010942	0.029020	0.006185	0.015224	0.018078	0.014748	0.013796	0.024263	0.012845	0.010942	0.020932	0.029971	0.014272	0.026641	0.029496	0.018554	0.037108	0.018078	0.009515	0.012845	0.008563	0.005233	0.006185	0.020932	0.012369	0.012369	0.000476	0.020932	0.022835	0.016651	0.016175	0.013796	0.009515	0.024738	0.004757	0.019029	0.019029	0.009990	0.005709	0.022360	0.009039	0.020457	0.009515	0.013796	0.009039	0.016175	0.023311	0.013321	0.010466	0.018554	0.000476	0.007612	0.007136	0.003806	0.013796	0.025214	0.020457	0.011893	0.000476	0.033302	0.027117	0.042341	
0.030923	0.023311	0.016175	0.026641	0.019981	0.021408	0.013321	0.010942	0.015699	0.020932	0.011893	0.019505	0.026641	0.024263	0.011418	0.028069	0.004757	0.003806	0.007136	0.005233	0.019505	0.012369	0.009039	0.013796	0.009990	0.016175	0.014748	0.011893	0.008088	0.004282	0.014272	0.007136	0.009515	0.008088	0.008088	0.013796	0.023787	0.025214	0.020457	0.023311	0.009990	0.022360	0.010466	0.011893	0.018554	0.011893	0.011418	0.013796	0.012369	0.002854	0.010942	0.005233	0.032350	0.018554	0.022360	0.024738	0.016175	0.021884	0.014748	0.020457	0.029496	0.018554	0.023311	0.030447	
0.011893	0.010942	0.013796	0.020932	0.010942	0.005233	0.010466	0.011418	0.009990	0.011418	0.009990	0.010942	0.012369	0.004757	0.011418	0.022360	0.029971	0.018554	0.017127	0.029971	0.025690	0.013796	0.021408	0.016651	0.012845	0.018078	0.019505	0.014748	0.015224	0.006185	0.017602	0.033777	0.014748	0.007136	0.009990	0.019981	0.030447	0.014272	0.013321	0.023311	0.010942	0.016175	0.011893	0.012845	0.016175	0.003806	0.015699	0.028069	0.029496	0.015699	0.010466	0.027117	0.028069	0.004757	0.012845	0.013321	0.020932	0.009990	0.021408	0.008088	0.022360	0.007612	0.014748	0.034729	
0.018554	0.023311	0.014748	0.029496	0.003806	0.020932	0.019029	0.008563	0.009990	0.020932	0.009515	0.010942	0.020457	0.036156	0.016651	0.024738	0.028069	0.014748	0.034253	0.018078	0.012845	0.010942	0.010942	0.003330	0.009039	0.022835	0.011893	0.014272	0.000476	0.021408	0.027117	0.015699	0.013321	0.011893	0.006660	0.022835	0.007612	0.014272	0.019981	0.013796	0.006660	0.025690	0.009515	0.020932	0.010942	0.013321	0.007136	0.015224	0.032826	0.014748	0.009039	0.009515	0.000476	0.008088	0.005709	0.008088	0.011893	0.023311	0.015224	0.009039	0.000476	0.041389	0.029496	0.047574	
0.022360	0.023311	0.018078	0.029020	0.019029	0.021408	0.011893	0.012369	0.013321	0.020457	0.016651	0.014272	0.023787	0.026166	0.016175	0.013796	0.006660	0.005233	0.006660	0.006185	0.019505	0.012845	0.013796	0.008088	0.013321	0.013796	0.016175	0.012369	0.007136	0.007136	0.011893	0.007612	0.012369	0.008088	0.008563	0.008563	0.027593	0.023311	0.014748	0.027117	0.007136	0.013321	0.011418	0.014272	0.014748	0.013321	0.012845	0.014272	0.010466	0.005709	0.010942	0.005233	0.039962	0.019981	0.022835	0.029496	0.019505	0.020457	0.016651	0.023787	0.033777	0.020932	0.020932	0.027593	
0.018554	0.011418	0.009990	0.011893	0.011418	0.008088	0.008563	0.014272	0.011893	0.011418	0.011893	0.009039	0.017127	0.003330	0.010942	0.017602	0.027593	0.023787	0.024738	0.029971	0.033302	0.010466	0.015699	0.018078	0.015699	0.009515	0.019505	0.018554	0.015224	0.005709	0.018554	0.037583	0.012845	0.009990	0.009515	0.020932	0.021884	0.013321	0.012845	0.019981	0.010466	0.022835	0.012845	0.014748	0.023311	0.002379	0.015699	0.023311	0.022360	0.018554	0.012845	0.025690	0.029020	0.009515	0.012369	0.016651	0.019505	0.016175	0.016175	0.009990	0.013321	0.006660	0.016651	0.026641	
0.021884	0.020932	0.007612	0.030923	0.006185	0.025214	0.020932	0.011418	0.008088	0.021884	0.010942	0.016175	0.021884	0.029971	0.013796	0.022835	0.029020	0.019505	0.027593	0.019505	0.015699	0.015224	0.006660	0.003806	0.006660	0.022360	0.009990	0.010466	0.000476	0.023311	0.026641	0.018554	0.014748	0.015699	0.008088	0.019029	0.006185	0.020457	0.020932	0.012369	0.007612	0.029496	0.007136	0.016175	0.018078	0.013321	0.008088	0.012845	0.031399	0.012845	0.013321	0.011418	0.000476	0.006185	0.005709	0.005709	0.015224	0.019505	0.012845	0.014272	0.000476	0.033302	0.026641	0.044719	
0.029020	0.029020	0.019505	0.019505	0.023311	0.022360	0.014748	0.008563	0.011893	0.018078	0.008563	0.018078	0.028544	0.022360	0.013796	0.016175	0.007612	0.004757	0.008563	0.007612	0.019505	0.012845	0.021884	0.012845	0.009039	0.018554	0.014272	0.012369	0.007612	0.005709	0.013796	0.006185	0.007136	0.006185	0.011418	0.012845	0.028069	0.025690	0.020932	0.018554	0.004757	0.010942	0.014272	0.010942	0.020932	0.011893	0.011893	0.012369	0.010942	0.005709	0.014272	0.009990	0.036632	0.021408	0.019981	0.021884	0.018554	0.023311	0.016651	0.016651	0.038059	0.019505	0.019981	0.021408	
0.013796	0.015224	0.008088	0.017602	0.011418	0.006660	0.011418	0.016175	0.017127	0.013321	0.011893	0.011418	0.012845	0.005233	0.012845	0.019029	0.039486	0.025690	0.017602	0.024738	0.031399	0.010942	0.025690	0.014272	0.015224	0.017127	0.029020	0.016175	0.016175	0.002854	0.010942	0.031874	0.011418	0.010942	0.008088	0.013796	0.022835	0.014748	0.012369	0.020932	0.009990	0.015699	0.011893	0.016175	0.015699	0.000951	0.016651	0.024738	0.024738	0.018554	0.022835	0.029020	0.025214	0.008563	0.009515	0.016175	0.018554	0.013321	0.016175	0.011418	0.014748	0.006660	0.012845	0.021884	
0.020457	0.022835	0.013321	0.032826	0.007136	0.027117	0.024263	0.011893	0.009990	0.023787	0.010942	0.011893	0.013321	0.032826	0.012845	0.026166	0.023787	0.023787	0.026166	0.017127	0.014272	0.010942	0.011893	0.003806	0.004757	0.023787	0.014748	0.015699	0.000476	0.025214	0.029971	0.011893	0.013321	0.009515	0.010942	0.027117	0.006660	0.017602	0.019981	0.015224	0.006185	0.035680	0.007136	0.019981	0.008563	0.017602	0.009039	0.019981	0.028069	0.015699	0.005709	0.009990	0.000476	0.008088	0.001903	0.005233	0.011893	0.019029	0.010466	0.011893	0.000476	0.037583	0.023787	0.035680	
0.023787	0.023787	0.016175	0.021884	0.019981	0.020457	0.017602	0.013796	0.010942	0.017602	0.010942	0.016651	0.022835	0.028544	0.019981	0.015699	0.006660	0.004282	0.010466	0.007136	0.019029	0.018078	0.016175	0.010466	0.009990	0.022360	0.017127	0.008563	0.006660	0.004757	0.016175	0.008563	0.011418	0.006185	0.005233	0.009990	0.035205	0.030447	0.015224	0.021408	0.007612	0.013796	0.008088	0.013796	0.012369	0.015224	0.012845	0.019029	0.007612	0.003330	0.005233	0.006660	0.045671	0.020932	0.021408	0.025214	0.014748	0.026641	0.017127	0.017127	0.029496	0.017127	0.022835	0.024263	
0.011418	0.012845	0.008088	0.017127	0.010942	0.008563	0.008563	0.009515	0.010942	0.008088	0.009515	0.008563	0.013321	0.005233	0.011418	0.015699	0.037108	0.021884	0.023311	0.037583	0.039010	0.012369	0.016651	0.021884	0.022360	0.017127	0.018078	0.012845	0.014272	0.006660	0.016175	0.033777	0.013321	0.007136	0.006185	0.016651	0.025214	0.014748	0.016651	0.023787	0.014748	0.015224	0.013796	0.009515	0.014748	0.003806	0.016175	0.021408	0.017127	0.018554	0.009039	0.026641	0.027593	0.011418	0.013796	0.012845	0.024263	0.016651	0.016175	0.014748	0.013796	0.006185	0.013796	0.033777	
0.019981	0.018078	0.008563	0.032350	0.005709	0.021884	0.019505	0.013321	0.008088	0.020457	0.007136	0.010942	0.014272	0.036632	0.013796	0.033302	0.026166	0.022360	0.030447	0.023787	0.014748	0.016651	0.012845	0.002854	0.006660	0.024263	0.015224	0.009515	0.000476	0.024263	0.026641	0.016651	0.018554	0.021884	0.007612	0.024263	0.006660	0.021884	0.014748	0.013796	0.008563	0.026641	0.002854	0.019505	0.007136	0.014748	0.007136	0.016651	0.024738	0.011418	0.009039	0.010942	0.000476	0.009990	0.006660	0.004757	0.012845	0.021408	0.011418	0.011893	0.000476	0.033302	0.023311	0.047574	
0.031874	0.021408	0.012845	0.023311	0.023787	0.020457	0.015699	0.013796	0.014748	0.018554	0.011418	0.010942	0.030447	0.020457	0.020457	0.019981	0.009039	0.004757	0.006660	0.007136	0.025690	0.014748	0.016651	0.013321	0.009990	0.011893	0.016175	0.015699	0.005709	0.007612	0.014272	0.007136	0.012369	0.009039	0.009039	0.005709	0.025214	0.028544	0.019029	0.019981	0.005233	0.009515	0.009039	0.012845	0.013321	0.012845	0.009515	0.016175	0.010466	0.003330	0.004282	0.004282	0.042816	0.020457	0.017127	0.028544	0.020932	0.019029	0.011418	0.019505	0.041389	0.028544	0.021884	0.022360	
0.013796	0.017127	0.009990	0.022835	0.013321	0.005709	0.008563	0.010942	0.008563	0.008088	0.006660	0.009515	0.010466	0.002854	0.011893	0.015224	0.035205	0.025214	0.024263	0.032826	0.035680	0.010466	0.017602	0.020457	0.012369	0.017602	0.025214	0.013321	0.018078	0.004282	0.015224	0.038059	0.013321	0.009039	0.009039	0.019505	0.015699	0.009515	0.016651	0.017127	0.009990	0.020932	0.008088	0.009039	0.015699	0.005233	0.013796	0.024263	0.027593	0.019505	0.013796	0.029971	0.035680	0.010466	0.008563	0.014748	0.022835	0.014748	0.016175	0.012369	0.016651	0.005709	0.014748	0.028544	
0.025214	0.019981	0.010466	0.034253	0.010466	0.026166	0.020932	0.013321	0.010466	0.020457	0.012845	0.013321	0.023787	0.040438	0.018078	0.022835	0.027117	0.018078	0.031399	0.023787	0.010466	0.008563	0.012845	0.004282	0.006660	0.021408	0.009515	0.013796	0.000476	0.019029	0.028544	0.015224	0.014748	0.011418	0.009039	0.018554	0.008088	0.018078	0.020932	0.014272	0.006185	0.027117	0.007612	0.015224	0.006185	0.015224	0.007136	0.015699	0.029496	0.013796	0.008088	0.009515	0.000476	0.004282	0.009039	0.004282	0.010942	0.019981	0.013796	0.010942	0.000476	0.039010	0.027593	0.039010	
0.026166	0.029020	0.017127	0.024263	0.019981	0.015699	0.011893	0.015699	0.010942	0.021884	0.012369	0.013796	0.027593	0.022835	0.012845	0.022835	0.010466	0.008563	0.006660	0.003806	0.019981	0.011893	0.013321	0.011893	0.012369	0.019029	0.012845	0.019505	0.005233	0.006185	0.017602	0.007136	0.011418	0.006185	0.009039	0.007612	0.026166	0.026641	0.018078	0.018078	0.008088	0.014748	0.011418	0.009515	0.011418	0.013321	0.016651	0.011893	0.010466	0.007136	0.010942	0.002379	0.044244	0.021884	0.022835	0.024738	0.023787	0.022835	0.014272	0.020457	0.030923	0.019029	0.022360	0.020457	
0.014272	0.014272	0.008088	0.021884	0.017127	0.008563	0.009990	0.015224	0.010942	0.010942	0.013796	0.008088	0.007612	0.002379	0.010466	0.017602	0.031399	0.024263	0.019505	0.035205	0.029971	0.010466	0.018554	0.017127	0.018078	0.016175	0.020457	0.011418	0.015224	0.003330	0.020457	0.031399	0.013796	0.013796	0.010466	0.017127	0.029971	0.014748	0.016651	0.017127	0.009990	0.015224	0.011893	0.013796	0.010942	0.003806	0.019505	0.029020	0.022835	0.015699	0.009515	0.027117	0.026166	0.009039	0.009515	0.016651	0.023311	0.019505	0.018078	0.008563	0.017602	0.006185	0.012369	0.026166	
0.021884	0.017602	0.012369	0.030447	0.005709	0.022360	0.020457	0.019505	0.011893	0.017127	0.008563	0.009990	0.018554	0.044719	0.011418	0.026641	0.024738	0.022360	0.030447	0.025690	0.021884	0.010466	0.007136	0.003330	0.005233	0.021884	0.012369	0.015224	0.000476	0.020932	0.030447	0.014272	0.018554	0.014748	0.008088	0.020932	0.008563	0.025214	0.016651	0.011418	0.005233	0.031399	0.006185	0.021408	0.009039	0.014272	0.006660	0.011893	0.025214	0.009515	0.008088	0.008563	0.000476	0.007136	0.003806	0.004282	0.015224	0.024738	0.014748	0.008088	0.000476	0.039486	0.027593	0.036632	
0.026166	0.026641	0.013321	0.024263	0.017127	0.015699	0.014272	0.017127	0.013321	0.017602	0.009990	0.018078	0.025214	0.027117	0.015699	0.017602	0.011893	0.005233	0.011893	0.007612	0.021884	0.012845	0.017127	0.013321	0.011418	0.012369	0.014272	0.009990	0.003806	0.007612	0.016175	0.010942	0.011893	0.007612	0.009039	0.009039	0.024263	0.023787	0.024263	0.022835	0.010942	0.013321	0.009515	0.008088	0.012369	0.013796	0.014748	0.013796	0.009039	0.004282	0.011418	0.003806	0.048049	0.019029	0.017602	0.034729	0.021884	0.019981	0.019981	0.014272	0.026641	0.021884	0.018078	0.022835	
0.017602	0.015224	0.012845	0.013321	0.013796	0.006660	0.005709	0.017602	0.011418	0.011893	0.009990	0.012369	0.009990	0.001903	0.014748	0.018078	0.030447	0.022360	0.026166	0.032350	0.029971	0.008088	0.016175	0.017127	0.019981	0.022360	0.020457	0.010466	0.020457	0.009515	0.019029	0.039010	0.009515	0.011418	0.010942	0.025690	0.019981	0.013796	0.011418	0.018078	0.013796	0.018078	0.010942	0.010942	0.013796	0.003806	0.010942	0.021884	0.019505	0.013321	0.009515	0.025690	0.029020	0.009039	0.011893	0.020457	0.018554	0.014748	0.019029	0.012369	0.014748	0.004757	0.014272	0.031399	
0.020457	0.021884	0.008563	0.026166	0.005709	0.023311	0.019029	0.014272	0.012845	0.021884	0.011418	0.013321	0.019029	0.034253	0.015699	0.028069	0.020457	0.019505	0.028544	0.024263	0.012845	0.011893	0.011418	0.001427	0.004282	0.020457	0.009039	0.011418	0.000476	0.024263	0.032826	0.015699	0.016175	0.014272	0.007612	0.025690	0.006185	0.019981	0.024738	0.016175	0.004282	0.027117	0.006185	0.022835	0.008563	0.012369	0.009515	0.015699	0.019029	0.016651	0.009039	0.014272	0.000476	0.005709	0.005709	0.008088	0.010942	0.020932	0.018078	0.009039	0.000476	0.038535	0.030923	0.040438	
0.023311	0.018078	0.008563	0.026166	0.021884	0.021884	0.012845	0.015699	0.010942	0.020932	0.009515	0.012369	0.028544	0.024738	0.018078	0.019029	0.004757	0.004757	0.009039	0.006660	0.019029	0.014748	0.014748	0.012369	0.012369	0.017602	0.020457	0.010466	0.009515	0.008088	0.016175	0.006185	0.010466	0.007612	0.007136	0.007136	0.024738	0.025690	0.017602	0.022360	0.010942	0.011893	0.009990	0.011893	0.017602	0.009515	0.016651	0.012845	0.011893	0.003806	0.008088	0.004757	0.043292	0.017127	0.018078	0.030923	0.025690	0.024738	0.012845	0.025690	0.032350	0.020932	0.027593	0.019029	
0.014272	0.015699	0.007136	0.013321	0.012369	0.007136	0.005233	0.009515	0.008563	0.008088	0.006660	0.009515	0.015224	0.002854	0.011418	0.015224	0.028544	0.020932	0.025690	0.033777	0.030447	0.010466	0.022360	0.016175	0.019029	0.011418	0.020457	0.012369	0.017602	0.005233	0.019981	0.038535	0.013321	0.009515	0.010942	0.026166	0.023311	0.014272	0.016651	0.020932	0.013321	0.016651	0.010942	0.011893	0.014748	0.004282	0.016651	0.024738	0.028069	0.020932	0.013321	0.025690	0.027593	0.008563	0.011418	0.015699	0.024738	0.015699	0.020932	0.017127	0.015224	0.004757	0.011418	0.025690	
0.020932	0.017602	0.009990	0.035680	0.009039	0.022835	0.023787	0.011418	0.008563	0.019981	0.009515	0.019029	0.017602	0.040913	0.019029	0.021408	0.026166	0.022835	0.024738	0.019981	0.013321	0.013796	0.009039	0.004282	0.008563	0.023787	0.011893	0.011418	0.000476	0.025214	0.021408	0.015224	0.014272	0.015699	0.010942	0.024738	0.006185	0.019505	0.014748	0.011418	0.005233	0.027117	0.005709	0.020932	0.006660	0.017127	0.015224	0.011893	0.028544	0.012845	0.008563	0.012845	0.000476	0.006185	0.003806	0.006660	0.009990	0.026166	0.017127	0.006185	0.000476	0.042341	0.027593	0.033777	
0.024738	0.021884	0.018078	0.025214	0.018078	0.024738	0.011893	0.014272	0.010942	0.016175	0.013321	0.013796	0.026166	0.026166	0.016175	0.024738	0.006660	0.008088	0.006660	0.007612	0.018554	0.011418	0.013321	0.019029	0.010942	0.013321	0.017602	0.009515	0.004757	0.009039	0.014272	0.005709	0.009515	0.004757	0.008088	0.009990	0.029496	0.024263	0.017127	0.026166	0.008088	0.011893	0.012845	0.011418	0.016175	0.013796	0.013321	0.014272	0.009515	0.004282	0.007612	0.003806	0.055186	0.020932	0.024738	0.024738	0.024738	0.023311	0.014748	0.020457	0.024738	0.016175	0.020457	0.020932	
0.013796	0.012845	0.012369	0.011418	0.015699	0.007612	0.005233	0.010466	0.009515	0.011418	0.009515	0.009990	0.013321	0.006185	0.015224	0.011893	0.033302	0.031874	0.022360	0.033777	0.034253	0.011893	0.019981	0.015224	0.019029	0.013321	0.019505	0.015224	0.012369	0.003806	0.021884	0.046147	0.013321	0.010466	0.009990	0.020932	0.026166	0.011418	0.012369	0.014748	0.015224	0.015699	0.013796	0.013796	0.009990	0.001903	0.020457	0.022835	0.020457	0.016175	0.009039	0.026166	0.029020	0.007612	0.010942	0.017602	0.020932	0.016175	0.013796	0.013321	0.011893	0.005709	0.015224	0.032826	
0.014272	0.022360	0.009039	0.035205	0.009515	0.020457	0.020932	0.020457	0.010942	0.017127	0.012845	0.012845	0.021408	0.034253	0.012845	0.023787	0.024738	0.019505	0.037108	0.023787	0.013796	0.015224	0.005709	0.003806	0.004282	0.024738	0.008563	0.010942	0.000476	0.024263	0.018554	0.014748	0.013796	0.017127	0.010942	0.022835	0.007136	0.018554	0.019505	0.011418	0.009515	0.023311	0.006185	0.017602	0.011418	0.016651	0.008563	0.015699	0.018554	0.009990	0.009515	0.009515	0.000476	0.008088	0.006185	0.002854	0.015699	0.029496	0.010942	0.016651	0.000476	0.046622	0.027117	0.039486	
0.022835	0.016651	0.011893	0.019981	0.019029	0.019505	0.014748	0.015699	0.014272	0.022360	0.014748	0.015224	0.031874	0.027117	0.015224	0.017127	0.005709	0.005709	0.013321	0.006185	0.021884	0.016175	0.012845	0.011418	0.013321	0.011418	0.014272	0.013321	0.007612	0.005233	0.016651	0.009039	0.012369	0.007136	0.007612	0.013321	0.025690	0.031874	0.019029	0.018078	0.008563	0.010942	0.006660	0.012369	0.017127	0.014272	0.010942	0.015699	0.007136	0.005233	0.012845	0.008563	0.054234	0.020932	0.019029	0.027593	0.019505	0.018078	0.016651	0.012845	0.031874	0.023311	0.021884	0.016651	
0.013796	0.007136	0.011418	0.015699	0.010466	0.007136	0.011893	0.005233	0.008088	0.017602	0.012369	0.007612	0.011893	0.004282	0.013796	0.018078	0.033777	0.022835	0.029020	0.035205	0.038059	0.010466	0.021884	0.018078	0.015224	0.018554	0.018554	0.013321	0.015699	0.007612	0.017602	0.031874	0.014748	0.009515	0.009990	0.021408	0.025690	0.005709	0.013321	0.018078	0.012369	0.013796	0.014748	0.011418	0.015699	0.005709	0.009990	0.022360	0.023787	0.019505	0.013796	0.031399	0.035680	0.007136	0.013796	0.013321	0.019981	0.012845	0.017602	0.014272	0.012369	0.003806	0.014748	0.027593	
0.026166	0.018554	0.008563	0.032826	0.004757	0.018554	0.019981	0.015699	0.015224	0.020457	0.014748	0.013796	0.019505	0.040913	0.016651	0.026641	0.027593	0.025214	0.034729	0.022360	0.010466	0.013321	0.005233	0.001427	0.003806	0.028544	0.013321	0.015224	0.000476	0.016651	0.024263	0.013321	0.010942	0.012845	0.009515	0.022360	0.004282	0.025214	0.016651	0.016651	0.005709	0.022835	0.008088	0.026641	0.009039	0.011893	0.009515	0.016175	0.023311	0.012845	0.009515	0.009990	0.000476	0.006660	0.009515	0.004757	0.015699	0.015224	0.017127	0.008088	0.000476	0.040438	0.023311	0.035680	
0.024738	0.022360	0.020932	0.019981	0.023311	0.022360	0.009515	0.014272	0.010466	0.019505	0.011893	0.020457	0.028069	0.029020	0.012845	0.017602	0.005233	0.005233	0.006185	0.003330	0.020932	0.016175	0.014748	0.011893	0.012369	0.013796	0.013796	0.011418	0.012369	0.007612	0.011893	0.006660	0.007136	0.009039	0.010466	0.013796	0.022360	0.027593	0.020457	0.016651	0.011893	0.011893	0.016175	0.013321	0.012845	0.014748	0.018554	0.017602	0.013321	0.002854	0.006185	0.007136	0.045671	0.019981	0.019505	0.024738	0.022835	0.019029	0.011893	0.019981	0.033777	0.019505	0.019981	0.018554	
0.017127	0.014748	0.008563	0.009990	0.013321	0.004282	0.009990	0.011893	0.014272	0.012369	0.009515	0.007612	0.014272	0.004757	0.011893	0.013321	0.034729	0.021884	0.025214	0.030447	0.036156	0.012369	0.018078	0.019505	0.016651	0.014748	0.019029	0.013796	0.016175	0.005233	0.014748	0.031399	0.013321	0.011418	0.009990	0.022835	0.023787	0.009515	0.015224	0.015699	0.009515	0.015699	0.014272	0.014272	0.017127	0.002854	0.016651	0.028544	0.024263	0.019029	0.011418	0.032350	0.038535	0.005709	0.011893	0.014748	0.018078	0.013796	0.021884	0.009515	0.014748	0.004757	0.014272	0.026641	
0.025690	0.016651	0.013321	0.033777	0.008563	0.026641	0.014272	0.017602	0.009039	0.016651	0.010942	0.018554	0.020457	0.035680	0.015699	0.023787	0.031874	0.025690	0.028544	0.025690	0.014748	0.007136	0.007136	0.002854	0.007136	0.020457	0.013321	0.014272	0.000476	0.027593	0.023787	0.009990	0.017127	0.013796	0.004757	0.022835	0.006185	0.024263	0.014748	0.011418	0.009039	0.031399	0.005709	0.018554	0.008563	0.010942	0.011893	0.013796	0.024738	0.015224	0.008563	0.013796	0.000476	0.008563	0.003330	0.005233	0.014748	0.021408	0.012369	0.009039	0.000476	0.037108	0.025690	0.036632	
0.030923	0.027117	0.015224	0.026166	0.019981	0.019981	0.013796	0.017602	0.011893	0.019505	0.012845	0.010942	0.033777	0.027593	0.018078	0.016651	0.009515	0.003330	0.010942	0.006185	0.015224	0.015699	0.019505	0.016175	0.007136	0.012845	0.014748	0.004757	0.007612	0.004282	0.018078	0.007136	0.010466	0.007612	0.009039	0.012845	0.030923	0.022360	0.022360	0.014272	0.009039	0.009990	0.008088	0.015224	0.015699	0.013796	0.014272	0.016651	0.011893	0.006660	0.008563	0.002854	0.044719	0.021884	0.021884	0.022835	0.024738	0.023311	0.013796	0.015224	0.033302	0.014748	0.016651	0.019505	
0.015699	0.015699	0.011893	0.019505	0.016651	0.007136	0.010466	0.010466	0.010942	0.013321	0.010942	0.008563	0.012369	0.004282	0.016651	0.014748	0.035205	0.019029	0.019981	0.036632	0.035680	0.011893	0.018078	0.014272	0.023787	0.016175	0.021884	0.015699	0.009515	0.005709	0.019029	0.036632	0.011893	0.008563	0.008088	0.024263	0.021408	0.010466	0.016651	0.017127	0.012845	0.013796	0.009039	0.013796	0.011893	0.003330	0.013796	0.017127	0.033302	0.017602	0.009039	0.030447	0.027593	0.009039	0.012845	0.010942	0.022360	0.013796	0.018554	0.012369	0.013796	0.006660	0.014272	0.025214	
0.030923	0.021884	0.014272	0.029020	0.006660	0.024738	0.016651	0.012845	0.009039	0.021884	0.008563	0.009515	0.017602	0.046147	0.017127	0.029971	0.023787	0.021408	0.029020	0.027117	0.016175	0.011418	0.008088	0.002854	0.006185	0.025214	0.012845	0.013796	0.000476	0.016175	0.024263	0.011893	0.015699	0.014272	0.011893	0.028069	0.004757	0.021408	0.013796	0.017127	0.006185	0.026166	0.008563	0.019505	0.012369	0.013796	0.007612	0.016651	0.019505	0.009990	0.009039	0.009039	0.000476	0.008563	0.006185	0.004757	0.016175	0.024738	0.012845	0.009990	0.000476	0.039962	0.015699	0.037583	
0.023311	0.025690	0.016175	0.024738	0.017127	0.020457	0.015699	0.014272	0.013796	0.021408	0.011418	0.017602	0.032826	0.022360	0.019505	0.018554	0.007136	0.005709	0.006660	0.008563	0.019029	0.013796	0.015699	0.017602	0.007612	0.011418	0.013796	0.011893	0.009515	0.004757	0.012369	0.010942	0.010942	0.004757	0.011418	0.010466	0.027593	0.032350	0.018554	0.019505	0.009990	0.011893	0.010466	0.010466	0.017602	0.011893	0.009990	0.013321	0.012369	0.004757	0.007612	0.006185	0.041389	0.021884	0.023311	0.029496	0.014748	0.021408	0.010466	0.018078	0.029020	0.017602	0.023787	0.025690	
0.014272	0.009990	0.010942	0.018554	0.011418	0.007136	0.010942	0.011418	0.010942	0.009990	0.011893	0.009039	0.015224	0.003806	0.010466	0.020457	0.033302	0.025690	0.018078	0.028069	0.037108	0.010466	0.017602	0.023311	0.020457	0.017127	0.020932	0.014748	0.014748	0.007612	0.023787	0.034729	0.012369	0.010466	0.008088	0.015224	0.021884	0.012369	0.015224	0.016651	0.007136	0.013796	0.013321	0.011893	0.014272	0.002854	0.016175	0.024738	0.028544	0.018078	0.010942	0.031399	0.027593	0.008563	0.010466	0.009990	0.018554	0.012369	0.018078	0.016651	0.014748	0.006660	0.014272	0.032826	
0.026641	0.026641	0.006660	0.028544	0.011418	0.023311	0.017602	0.011893	0.007136	0.016175	0.010942	0.013796	0.015699	0.046147	0.010466	0.020932	0.019029	0.019029	0.038535	0.021408	0.010466	0.016651	0.007612	0.003806	0.009039	0.020932	0.013796	0.010466	0.000476	0.019981	0.024263	0.016651	0.012369	0.018078	0.008088	0.018554	0.007136	0.018554	0.015699	0.011893	0.006660	0.026166	0.009039	0.022360	0.009990	0.016175	0.009515	0.016651	0.020457	0.020457	0.006185	0.011893	0.000476	0.009039	0.005709	0.005709	0.019505	0.019505	0.013796	0.011893	0.000476	0.040438	0.034253	0.037583	
