>NC_002950
0.001013	0.001013	0.001013	0.001013	0.001013	0.001013	0.001013	0.001013	0.001013	0.001013	0.001013	0.001013	0.001013	0.001013	0.001013	0.001013	0.001013	0.001013	0.001013	0.001013	0.001013	0.001013	0.001013	0.001013	0.001013	0.001013	0.001013	0.001013	0.196555	0.001013	0.001013	0.001013	0.001013	0.001013	0.001013	0.001013	0.001013	0.001013	0.001013	0.001013	0.001013	0.001013	0.001013	0.001013	0.001013	0.001013	0.001013	0.001013	0.001013	0.001013	0.001013	0.001013	0.326241	0.001013	0.001013	0.001013	0.001013	0.001013	0.001013	0.001013	0.480243	0.001013	0.001013	0.001013	
0.001013	0.001013	0.001013	0.001013	0.001013	0.001013	0.001013	0.001013	0.001013	0.001013	0.001013	0.001013	0.001013	0.001013	0.001013	0.001013	0.087133	0.020263	0.099291	0.122594	0.001013	0.001013	0.001013	0.001013	0.001013	0.001013	0.001013	0.001013	0.001013	0.001013	0.001013	0.001013	0.001013	0.001013	0.001013	0.001013	0.001013	0.001013	0.001013	0.001013	0.001013	0.001013	0.001013	0.001013	0.001013	0.001013	0.001013	0.001013	0.112462	0.173252	0.096251	0.296859	0.001013	0.001013	0.001013	0.001013	0.001013	0.001013	0.001013	0.001013	0.001013	0.001013	0.001013	0.001013	
0.060790	0.031408	0.027356	0.082067	0.041540	0.032421	0.017224	0.104357	0.068896	0.039514	0.022290	0.066869	0.077001	0.077001	0.047619	0.219858	0.001013	0.001013	0.001013	0.001013	0.001013	0.001013	0.001013	0.001013	0.001013	0.001013	0.001013	0.001013	0.001013	0.001013	0.001013	0.001013	0.001013	0.001013	0.001013	0.001013	0.001013	0.001013	0.001013	0.001013	0.001013	0.001013	0.001013	0.001013	0.001013	0.001013	0.001013	0.001013	0.001013	0.001013	0.001013	0.001013	0.001013	0.001013	0.001013	0.001013	0.001013	0.001013	0.001013	0.001013	0.001013	0.001013	0.001013	0.001013	
0.026342	0.009119	0.021277	0.007092	0.010132	0.012158	0.008105	0.004053	0.010132	0.006079	0.007092	0.007092	0.017224	0.026342	0.012158	0.029382	0.019250	0.005066	0.011145	0.009119	0.015198	0.006079	0.011145	0.003040	0.002026	0.005066	0.011145	0.002026	0.001013	0.028369	0.015198	0.062817	0.021277	0.008105	0.027356	0.015198	0.006079	0.009119	0.016211	0.011145	0.006079	0.009119	0.007092	0.003040	0.013171	0.023303	0.011145	0.022290	0.029382	0.015198	0.019250	0.016211	0.001013	0.025329	0.029382	0.024316	0.019250	0.014184	0.010132	0.007092	0.001013	0.081054	0.039514	0.101317	
0.019250	0.012158	0.032421	0.032421	0.008105	0.010132	0.014184	0.005066	0.021277	0.017224	0.025329	0.015198	0.012158	0.012158	0.010132	0.013171	0.011145	0.007092	0.004053	0.010132	0.007092	0.008105	0.015198	0.022290	0.017224	0.012158	0.020263	0.015198	0.008105	0.009119	0.009119	0.016211	0.011145	0.006079	0.009119	0.011145	0.008105	0.007092	0.010132	0.009119	0.009119	0.010132	0.007092	0.009119	0.006079	0.005066	0.006079	0.002026	0.007092	0.008105	0.011145	0.006079	0.022290	0.038501	0.054711	0.043566	0.017224	0.022290	0.009119	0.029382	0.026342	0.060790	0.074975	0.053698	
0.012158	0.006079	0.015198	0.015198	0.010132	0.006079	0.007092	0.010132	0.018237	0.013171	0.009119	0.016211	0.012158	0.017224	0.006079	0.024316	0.010132	0.008105	0.002026	0.025329	0.019250	0.009119	0.018237	0.017224	0.029382	0.023303	0.014184	0.027356	0.017224	0.015198	0.008105	0.039514	0.015198	0.012158	0.017224	0.020263	0.014184	0.016211	0.012158	0.019250	0.019250	0.011145	0.010132	0.021277	0.013171	0.017224	0.007092	0.031408	0.009119	0.006079	0.009119	0.028369	0.021277	0.011145	0.014184	0.040527	0.036474	0.018237	0.024316	0.021277	0.007092	0.021277	0.014184	0.042553	
0.012158	0.014184	0.008105	0.012158	0.006079	0.008105	0.011145	0.007092	0.010132	0.014184	0.008105	0.011145	0.015198	0.023303	0.019250	0.031408	0.013171	0.013171	0.019250	0.019250	0.012158	0.006079	0.012158	0.012158	0.015198	0.009119	0.017224	0.010132	0.001013	0.025329	0.016211	0.044580	0.026342	0.013171	0.032421	0.031408	0.010132	0.019250	0.020263	0.016211	0.013171	0.018237	0.014184	0.012158	0.016211	0.015198	0.017224	0.037487	0.008105	0.020263	0.007092	0.014184	0.001013	0.026342	0.023303	0.020263	0.005066	0.016211	0.003040	0.011145	0.001013	0.039514	0.021277	0.075988	
0.016211	0.012158	0.019250	0.012158	0.021277	0.011145	0.018237	0.010132	0.017224	0.014184	0.019250	0.016211	0.017224	0.024316	0.019250	0.016211	0.008105	0.004053	0.008105	0.009119	0.012158	0.007092	0.025329	0.015198	0.025329	0.009119	0.020263	0.012158	0.004053	0.016211	0.018237	0.017224	0.015198	0.004053	0.012158	0.012158	0.015198	0.013171	0.009119	0.020263	0.012158	0.013171	0.005066	0.012158	0.012158	0.016211	0.007092	0.009119	0.007092	0.006079	0.012158	0.008105	0.019250	0.009119	0.036474	0.038501	0.021277	0.018237	0.014184	0.020263	0.018237	0.051672	0.055724	0.063830	
0.018237	0.007092	0.010132	0.011145	0.007092	0.005066	0.005066	0.009119	0.014184	0.017224	0.009119	0.011145	0.013171	0.006079	0.009119	0.013171	0.020263	0.011145	0.011145	0.025329	0.011145	0.005066	0.009119	0.015198	0.030395	0.015198	0.025329	0.018237	0.019250	0.006079	0.013171	0.045593	0.021277	0.018237	0.009119	0.027356	0.021277	0.008105	0.006079	0.019250	0.022290	0.010132	0.011145	0.015198	0.015198	0.010132	0.014184	0.021277	0.013171	0.010132	0.008105	0.020263	0.031408	0.017224	0.019250	0.040527	0.038501	0.018237	0.019250	0.024316	0.017224	0.014184	0.023303	0.051672	
0.024316	0.015198	0.014184	0.019250	0.010132	0.010132	0.019250	0.007092	0.010132	0.011145	0.011145	0.006079	0.021277	0.030395	0.009119	0.023303	0.015198	0.012158	0.026342	0.017224	0.008105	0.007092	0.008105	0.012158	0.008105	0.009119	0.013171	0.009119	0.001013	0.026342	0.016211	0.040527	0.039514	0.017224	0.017224	0.031408	0.010132	0.022290	0.020263	0.008105	0.016211	0.027356	0.010132	0.011145	0.017224	0.014184	0.009119	0.028369	0.010132	0.015198	0.011145	0.028369	0.001013	0.013171	0.009119	0.013171	0.012158	0.018237	0.005066	0.024316	0.001013	0.049645	0.030395	0.050659	
0.020263	0.009119	0.033435	0.026342	0.009119	0.014184	0.015198	0.021277	0.016211	0.017224	0.016211	0.019250	0.024316	0.021277	0.024316	0.026342	0.009119	0.005066	0.008105	0.007092	0.011145	0.010132	0.014184	0.017224	0.009119	0.013171	0.020263	0.014184	0.006079	0.007092	0.018237	0.009119	0.009119	0.007092	0.013171	0.017224	0.019250	0.012158	0.012158	0.022290	0.019250	0.007092	0.006079	0.007092	0.011145	0.011145	0.009119	0.019250	0.012158	0.004053	0.014184	0.010132	0.013171	0.035461	0.038501	0.033435	0.015198	0.017224	0.010132	0.022290	0.011145	0.049645	0.047619	0.034448	
0.016211	0.009119	0.010132	0.015198	0.011145	0.003040	0.004053	0.007092	0.024316	0.014184	0.016211	0.014184	0.011145	0.007092	0.017224	0.025329	0.010132	0.010132	0.011145	0.021277	0.026342	0.006079	0.018237	0.021277	0.025329	0.012158	0.028369	0.014184	0.009119	0.010132	0.018237	0.056738	0.014184	0.006079	0.014184	0.025329	0.019250	0.009119	0.009119	0.017224	0.026342	0.008105	0.012158	0.006079	0.012158	0.016211	0.009119	0.025329	0.005066	0.016211	0.009119	0.022290	0.027356	0.008105	0.018237	0.035461	0.039514	0.027356	0.013171	0.019250	0.017224	0.018237	0.015198	0.038501	
0.013171	0.009119	0.011145	0.012158	0.004053	0.016211	0.012158	0.009119	0.017224	0.012158	0.011145	0.004053	0.015198	0.021277	0.014184	0.033435	0.027356	0.012158	0.022290	0.022290	0.005066	0.007092	0.005066	0.009119	0.008105	0.011145	0.014184	0.016211	0.001013	0.026342	0.017224	0.036474	0.035461	0.014184	0.026342	0.039514	0.004053	0.017224	0.018237	0.022290	0.021277	0.014184	0.013171	0.021277	0.014184	0.012158	0.005066	0.022290	0.012158	0.013171	0.015198	0.009119	0.001013	0.022290	0.014184	0.014184	0.017224	0.018237	0.010132	0.014184	0.001013	0.050659	0.025329	0.068896	
0.029382	0.017224	0.020263	0.021277	0.016211	0.009119	0.012158	0.011145	0.018237	0.019250	0.022290	0.015198	0.027356	0.023303	0.014184	0.018237	0.001013	0.003040	0.004053	0.006079	0.009119	0.010132	0.026342	0.017224	0.008105	0.007092	0.023303	0.011145	0.008105	0.014184	0.013171	0.019250	0.015198	0.009119	0.026342	0.013171	0.014184	0.017224	0.009119	0.015198	0.014184	0.013171	0.009119	0.012158	0.012158	0.013171	0.016211	0.014184	0.005066	0.004053	0.017224	0.005066	0.010132	0.027356	0.040527	0.032421	0.010132	0.014184	0.014184	0.023303	0.030395	0.037487	0.049645	0.043566	
0.014184	0.009119	0.009119	0.018237	0.010132	0.005066	0.005066	0.013171	0.018237	0.011145	0.015198	0.023303	0.014184	0.007092	0.006079	0.018237	0.014184	0.016211	0.007092	0.012158	0.018237	0.008105	0.017224	0.020263	0.033435	0.016211	0.019250	0.019250	0.014184	0.013171	0.014184	0.034448	0.021277	0.007092	0.009119	0.013171	0.016211	0.013171	0.007092	0.017224	0.024316	0.011145	0.015198	0.018237	0.011145	0.013171	0.009119	0.028369	0.018237	0.016211	0.014184	0.029382	0.038501	0.009119	0.012158	0.028369	0.033435	0.021277	0.017224	0.021277	0.015198	0.015198	0.013171	0.051672	
0.021277	0.013171	0.022290	0.011145	0.006079	0.007092	0.029382	0.006079	0.010132	0.018237	0.003040	0.008105	0.018237	0.024316	0.007092	0.023303	0.024316	0.009119	0.026342	0.023303	0.013171	0.008105	0.007092	0.007092	0.010132	0.003040	0.010132	0.018237	0.001013	0.019250	0.014184	0.044580	0.031408	0.014184	0.023303	0.040527	0.008105	0.019250	0.021277	0.011145	0.022290	0.018237	0.011145	0.015198	0.021277	0.022290	0.015198	0.023303	0.006079	0.012158	0.010132	0.026342	0.001013	0.020263	0.012158	0.015198	0.010132	0.017224	0.006079	0.009119	0.001013	0.045593	0.023303	0.062817	
0.030395	0.010132	0.024316	0.018237	0.012158	0.013171	0.017224	0.006079	0.016211	0.033435	0.020263	0.012158	0.020263	0.016211	0.033435	0.031408	0.006079	0.007092	0.006079	0.009119	0.011145	0.008105	0.017224	0.018237	0.025329	0.013171	0.022290	0.009119	0.005066	0.008105	0.010132	0.016211	0.014184	0.013171	0.010132	0.015198	0.013171	0.009119	0.015198	0.019250	0.010132	0.008105	0.005066	0.007092	0.013171	0.010132	0.014184	0.013171	0.009119	0.003040	0.019250	0.010132	0.020263	0.021277	0.036474	0.033435	0.020263	0.013171	0.017224	0.009119	0.030395	0.034448	0.039514	0.049645	
0.025329	0.008105	0.012158	0.014184	0.015198	0.004053	0.006079	0.008105	0.020263	0.016211	0.006079	0.017224	0.011145	0.012158	0.013171	0.016211	0.013171	0.007092	0.016211	0.020263	0.018237	0.006079	0.008105	0.019250	0.034448	0.012158	0.020263	0.019250	0.010132	0.015198	0.013171	0.038501	0.021277	0.011145	0.016211	0.023303	0.026342	0.011145	0.008105	0.022290	0.020263	0.012158	0.015198	0.017224	0.009119	0.010132	0.006079	0.012158	0.014184	0.012158	0.015198	0.027356	0.021277	0.010132	0.016211	0.021277	0.031408	0.022290	0.022290	0.021277	0.021277	0.022290	0.016211	0.050659	
0.013171	0.012158	0.024316	0.024316	0.007092	0.011145	0.011145	0.009119	0.015198	0.022290	0.014184	0.008105	0.026342	0.025329	0.006079	0.027356	0.013171	0.008105	0.029382	0.030395	0.013171	0.006079	0.008105	0.004053	0.007092	0.004053	0.014184	0.013171	0.001013	0.025329	0.013171	0.031408	0.029382	0.016211	0.021277	0.039514	0.007092	0.017224	0.015198	0.023303	0.017224	0.025329	0.014184	0.007092	0.014184	0.025329	0.014184	0.021277	0.011145	0.010132	0.012158	0.018237	0.001013	0.023303	0.020263	0.015198	0.010132	0.019250	0.008105	0.011145	0.001013	0.037487	0.023303	0.055724	
0.022290	0.008105	0.021277	0.015198	0.014184	0.009119	0.011145	0.012158	0.022290	0.030395	0.013171	0.021277	0.036474	0.034448	0.022290	0.019250	0.009119	0.007092	0.005066	0.007092	0.012158	0.014184	0.015198	0.016211	0.018237	0.011145	0.014184	0.011145	0.009119	0.011145	0.016211	0.015198	0.011145	0.008105	0.020263	0.010132	0.024316	0.019250	0.014184	0.013171	0.016211	0.012158	0.009119	0.013171	0.008105	0.009119	0.012158	0.010132	0.012158	0.006079	0.016211	0.008105	0.017224	0.023303	0.040527	0.032421	0.010132	0.020263	0.013171	0.013171	0.018237	0.033435	0.049645	0.034448	
0.020263	0.009119	0.011145	0.014184	0.009119	0.004053	0.004053	0.012158	0.018237	0.011145	0.021277	0.012158	0.012158	0.008105	0.008105	0.012158	0.027356	0.010132	0.015198	0.015198	0.016211	0.008105	0.023303	0.018237	0.025329	0.017224	0.018237	0.020263	0.017224	0.014184	0.009119	0.033435	0.019250	0.013171	0.014184	0.020263	0.021277	0.014184	0.006079	0.032421	0.023303	0.010132	0.008105	0.008105	0.008105	0.006079	0.013171	0.031408	0.020263	0.011145	0.014184	0.026342	0.021277	0.016211	0.020263	0.030395	0.039514	0.010132	0.023303	0.027356	0.009119	0.026342	0.011145	0.032421	
0.017224	0.018237	0.015198	0.036474	0.005066	0.010132	0.019250	0.009119	0.014184	0.019250	0.010132	0.011145	0.018237	0.025329	0.013171	0.019250	0.010132	0.009119	0.018237	0.030395	0.016211	0.008105	0.007092	0.011145	0.009119	0.009119	0.014184	0.021277	0.001013	0.041540	0.014184	0.036474	0.030395	0.013171	0.029382	0.033435	0.005066	0.016211	0.017224	0.010132	0.014184	0.026342	0.016211	0.014184	0.017224	0.028369	0.006079	0.016211	0.008105	0.020263	0.007092	0.011145	0.001013	0.014184	0.022290	0.017224	0.008105	0.019250	0.004053	0.010132	0.001013	0.040527	0.025329	0.042553	
0.020263	0.014184	0.017224	0.014184	0.022290	0.009119	0.019250	0.010132	0.019250	0.015198	0.016211	0.019250	0.036474	0.025329	0.025329	0.024316	0.011145	0.005066	0.007092	0.004053	0.003040	0.016211	0.017224	0.012158	0.020263	0.017224	0.012158	0.016211	0.008105	0.009119	0.014184	0.016211	0.019250	0.012158	0.008105	0.006079	0.022290	0.015198	0.009119	0.027356	0.014184	0.007092	0.012158	0.011145	0.019250	0.012158	0.013171	0.012158	0.009119	0.010132	0.012158	0.006079	0.018237	0.035461	0.038501	0.043566	0.010132	0.015198	0.009119	0.024316	0.020263	0.025329	0.035461	0.033435	
0.019250	0.009119	0.017224	0.014184	0.011145	0.007092	0.007092	0.016211	0.008105	0.009119	0.009119	0.018237	0.005066	0.007092	0.006079	0.012158	0.015198	0.016211	0.017224	0.017224	0.020263	0.007092	0.018237	0.030395	0.035461	0.011145	0.020263	0.017224	0.021277	0.014184	0.019250	0.038501	0.013171	0.015198	0.018237	0.017224	0.020263	0.006079	0.005066	0.023303	0.015198	0.005066	0.015198	0.014184	0.016211	0.014184	0.014184	0.026342	0.026342	0.015198	0.020263	0.022290	0.027356	0.011145	0.015198	0.018237	0.032421	0.019250	0.014184	0.022290	0.018237	0.020263	0.010132	0.037487	
0.026342	0.012158	0.015198	0.020263	0.006079	0.015198	0.024316	0.010132	0.024316	0.026342	0.008105	0.014184	0.022290	0.025329	0.008105	0.015198	0.022290	0.012158	0.022290	0.022290	0.012158	0.008105	0.009119	0.002026	0.011145	0.008105	0.010132	0.016211	0.001013	0.030395	0.020263	0.036474	0.025329	0.003040	0.026342	0.036474	0.004053	0.013171	0.013171	0.014184	0.011145	0.025329	0.015198	0.007092	0.019250	0.017224	0.007092	0.028369	0.006079	0.013171	0.004053	0.037487	0.001013	0.023303	0.016211	0.015198	0.006079	0.022290	0.007092	0.014184	0.001013	0.049645	0.028369	0.035461	
0.026342	0.014184	0.024316	0.015198	0.011145	0.009119	0.010132	0.010132	0.019250	0.015198	0.016211	0.017224	0.026342	0.043566	0.027356	0.019250	0.004053	0.007092	0.007092	0.005066	0.011145	0.010132	0.027356	0.011145	0.017224	0.014184	0.017224	0.014184	0.007092	0.013171	0.016211	0.005066	0.018237	0.006079	0.017224	0.011145	0.028369	0.022290	0.013171	0.018237	0.014184	0.010132	0.008105	0.008105	0.015198	0.011145	0.011145	0.014184	0.005066	0.011145	0.021277	0.006079	0.012158	0.032421	0.039514	0.038501	0.009119	0.010132	0.022290	0.022290	0.024316	0.025329	0.039514	0.026342	
0.017224	0.010132	0.012158	0.014184	0.013171	0.005066	0.008105	0.012158	0.023303	0.015198	0.014184	0.017224	0.010132	0.006079	0.007092	0.014184	0.016211	0.010132	0.012158	0.024316	0.027356	0.012158	0.017224	0.017224	0.023303	0.018237	0.028369	0.020263	0.016211	0.007092	0.009119	0.045593	0.011145	0.011145	0.016211	0.021277	0.019250	0.009119	0.008105	0.013171	0.021277	0.013171	0.009119	0.020263	0.014184	0.007092	0.017224	0.023303	0.017224	0.019250	0.015198	0.021277	0.024316	0.020263	0.015198	0.033435	0.039514	0.019250	0.014184	0.021277	0.011145	0.017224	0.008105	0.028369	
0.015198	0.016211	0.011145	0.019250	0.006079	0.021277	0.016211	0.007092	0.006079	0.029382	0.010132	0.010132	0.022290	0.015198	0.013171	0.030395	0.017224	0.025329	0.017224	0.024316	0.011145	0.014184	0.013171	0.008105	0.009119	0.012158	0.016211	0.011145	0.001013	0.031408	0.021277	0.022290	0.030395	0.017224	0.019250	0.040527	0.011145	0.021277	0.020263	0.013171	0.015198	0.034448	0.006079	0.010132	0.016211	0.030395	0.012158	0.020263	0.008105	0.013171	0.008105	0.022290	0.001013	0.014184	0.011145	0.011145	0.005066	0.012158	0.008105	0.016211	0.001013	0.053698	0.016211	0.040527	
0.018237	0.018237	0.022290	0.012158	0.021277	0.021277	0.019250	0.010132	0.017224	0.016211	0.012158	0.010132	0.026342	0.028369	0.032421	0.019250	0.010132	0.004053	0.009119	0.006079	0.009119	0.019250	0.025329	0.017224	0.010132	0.019250	0.021277	0.010132	0.008105	0.005066	0.017224	0.009119	0.013171	0.004053	0.012158	0.006079	0.029382	0.021277	0.010132	0.027356	0.015198	0.008105	0.013171	0.004053	0.014184	0.011145	0.010132	0.012158	0.013171	0.007092	0.013171	0.007092	0.021277	0.029382	0.045593	0.034448	0.016211	0.018237	0.014184	0.014184	0.018237	0.022290	0.046606	0.026342	
0.012158	0.008105	0.015198	0.019250	0.010132	0.006079	0.003040	0.014184	0.013171	0.017224	0.011145	0.015198	0.006079	0.009119	0.007092	0.009119	0.023303	0.020263	0.014184	0.023303	0.030395	0.012158	0.028369	0.020263	0.032421	0.014184	0.026342	0.027356	0.020263	0.017224	0.011145	0.040527	0.015198	0.009119	0.018237	0.016211	0.023303	0.010132	0.007092	0.021277	0.026342	0.014184	0.009119	0.011145	0.008105	0.007092	0.007092	0.016211	0.016211	0.012158	0.015198	0.023303	0.026342	0.010132	0.006079	0.024316	0.028369	0.030395	0.023303	0.024316	0.014184	0.009119	0.012158	0.031408	
0.017224	0.008105	0.017224	0.024316	0.005066	0.015198	0.018237	0.011145	0.007092	0.027356	0.019250	0.009119	0.016211	0.026342	0.013171	0.026342	0.020263	0.014184	0.033435	0.022290	0.013171	0.006079	0.011145	0.008105	0.007092	0.009119	0.017224	0.011145	0.001013	0.025329	0.012158	0.041540	0.027356	0.016211	0.023303	0.033435	0.009119	0.026342	0.029382	0.011145	0.008105	0.040527	0.009119	0.012158	0.021277	0.023303	0.015198	0.018237	0.005066	0.017224	0.009119	0.017224	0.001013	0.019250	0.010132	0.012158	0.004053	0.016211	0.006079	0.011145	0.001013	0.043566	0.018237	0.034448	
0.026342	0.010132	0.020263	0.013171	0.013171	0.013171	0.018237	0.011145	0.019250	0.027356	0.018237	0.018237	0.022290	0.022290	0.038501	0.014184	0.009119	0.004053	0.006079	0.009119	0.010132	0.013171	0.028369	0.015198	0.020263	0.016211	0.021277	0.011145	0.007092	0.014184	0.010132	0.011145	0.004053	0.005066	0.009119	0.008105	0.032421	0.026342	0.012158	0.022290	0.011145	0.016211	0.016211	0.008105	0.010132	0.013171	0.012158	0.008105	0.007092	0.006079	0.015198	0.011145	0.019250	0.028369	0.049645	0.021277	0.007092	0.028369	0.012158	0.011145	0.015198	0.033435	0.039514	0.032421	
0.008105	0.015198	0.012158	0.011145	0.005066	0.005066	0.003040	0.012158	0.008105	0.009119	0.016211	0.017224	0.011145	0.005066	0.009119	0.016211	0.019250	0.018237	0.011145	0.026342	0.025329	0.010132	0.017224	0.028369	0.030395	0.024316	0.029382	0.024316	0.013171	0.012158	0.012158	0.032421	0.014184	0.008105	0.019250	0.016211	0.031408	0.016211	0.014184	0.026342	0.029382	0.013171	0.018237	0.007092	0.009119	0.011145	0.008105	0.020263	0.008105	0.012158	0.009119	0.025329	0.035461	0.012158	0.008105	0.027356	0.031408	0.026342	0.025329	0.017224	0.008105	0.013171	0.011145	0.033435	
0.014184	0.008105	0.009119	0.018237	0.003040	0.022290	0.019250	0.009119	0.012158	0.018237	0.011145	0.010132	0.021277	0.026342	0.011145	0.020263	0.019250	0.010132	0.033435	0.034448	0.015198	0.005066	0.008105	0.015198	0.010132	0.007092	0.007092	0.018237	0.001013	0.032421	0.028369	0.032421	0.028369	0.010132	0.020263	0.040527	0.009119	0.029382	0.018237	0.016211	0.021277	0.031408	0.015198	0.021277	0.020263	0.018237	0.011145	0.016211	0.003040	0.016211	0.008105	0.014184	0.001013	0.015198	0.013171	0.012158	0.008105	0.021277	0.003040	0.008105	0.001013	0.042553	0.020263	0.038501	
0.022290	0.010132	0.021277	0.011145	0.007092	0.015198	0.011145	0.011145	0.015198	0.024316	0.015198	0.016211	0.025329	0.037487	0.029382	0.015198	0.010132	0.003040	0.009119	0.006079	0.016211	0.013171	0.031408	0.011145	0.016211	0.019250	0.012158	0.011145	0.006079	0.018237	0.016211	0.012158	0.021277	0.005066	0.012158	0.013171	0.017224	0.018237	0.013171	0.029382	0.013171	0.009119	0.006079	0.008105	0.020263	0.008105	0.014184	0.015198	0.010132	0.009119	0.013171	0.011145	0.014184	0.023303	0.043566	0.038501	0.015198	0.019250	0.009119	0.027356	0.015198	0.039514	0.036474	0.016211	
0.013171	0.012158	0.017224	0.021277	0.007092	0.005066	0.005066	0.010132	0.019250	0.012158	0.011145	0.013171	0.010132	0.007092	0.008105	0.016211	0.012158	0.015198	0.007092	0.020263	0.029382	0.008105	0.015198	0.017224	0.031408	0.014184	0.030395	0.023303	0.021277	0.014184	0.018237	0.036474	0.013171	0.011145	0.022290	0.013171	0.024316	0.014184	0.015198	0.018237	0.018237	0.009119	0.004053	0.011145	0.020263	0.015198	0.008105	0.019250	0.014184	0.016211	0.012158	0.024316	0.040527	0.014184	0.012158	0.036474	0.028369	0.020263	0.022290	0.025329	0.008105	0.017224	0.008105	0.025329	
0.008105	0.012158	0.016211	0.016211	0.007092	0.020263	0.020263	0.007092	0.007092	0.022290	0.013171	0.016211	0.017224	0.030395	0.009119	0.022290	0.023303	0.024316	0.029382	0.024316	0.010132	0.012158	0.014184	0.005066	0.014184	0.010132	0.013171	0.010132	0.001013	0.030395	0.013171	0.037487	0.022290	0.018237	0.026342	0.030395	0.011145	0.019250	0.017224	0.008105	0.015198	0.030395	0.012158	0.010132	0.022290	0.021277	0.009119	0.020263	0.011145	0.021277	0.013171	0.014184	0.001013	0.016211	0.012158	0.024316	0.006079	0.017224	0.009119	0.010132	0.001013	0.046606	0.016211	0.033435	
0.019250	0.017224	0.014184	0.014184	0.026342	0.018237	0.018237	0.013171	0.025329	0.028369	0.015198	0.016211	0.021277	0.022290	0.027356	0.014184	0.010132	0.008105	0.009119	0.002026	0.017224	0.012158	0.019250	0.019250	0.023303	0.011145	0.018237	0.011145	0.007092	0.008105	0.020263	0.009119	0.012158	0.006079	0.012158	0.012158	0.023303	0.022290	0.014184	0.020263	0.014184	0.013171	0.011145	0.009119	0.012158	0.017224	0.009119	0.008105	0.008105	0.009119	0.012158	0.012158	0.023303	0.031408	0.035461	0.038501	0.016211	0.010132	0.007092	0.014184	0.021277	0.036474	0.037487	0.018237	
0.015198	0.007092	0.018237	0.009119	0.009119	0.006079	0.014184	0.011145	0.014184	0.012158	0.011145	0.010132	0.013171	0.003040	0.008105	0.016211	0.028369	0.016211	0.018237	0.027356	0.032421	0.007092	0.024316	0.020263	0.029382	0.013171	0.024316	0.020263	0.017224	0.015198	0.017224	0.041540	0.017224	0.019250	0.018237	0.024316	0.022290	0.011145	0.011145	0.018237	0.018237	0.017224	0.010132	0.006079	0.011145	0.010132	0.015198	0.014184	0.013171	0.011145	0.007092	0.030395	0.025329	0.012158	0.017224	0.029382	0.032421	0.026342	0.014184	0.021277	0.009119	0.006079	0.011145	0.023303	
0.018237	0.017224	0.014184	0.024316	0.009119	0.012158	0.020263	0.012158	0.009119	0.029382	0.007092	0.016211	0.023303	0.037487	0.008105	0.022290	0.017224	0.020263	0.024316	0.027356	0.010132	0.004053	0.017224	0.005066	0.017224	0.012158	0.022290	0.015198	0.001013	0.028369	0.014184	0.035461	0.020263	0.017224	0.022290	0.034448	0.007092	0.022290	0.019250	0.020263	0.011145	0.022290	0.010132	0.016211	0.023303	0.016211	0.006079	0.012158	0.007092	0.017224	0.006079	0.020263	0.001013	0.016211	0.011145	0.006079	0.008105	0.022290	0.009119	0.012158	0.001013	0.056738	0.009119	0.028369	
0.021277	0.008105	0.015198	0.018237	0.025329	0.017224	0.020263	0.009119	0.017224	0.020263	0.018237	0.011145	0.027356	0.027356	0.032421	0.019250	0.007092	0.004053	0.010132	0.006079	0.013171	0.008105	0.016211	0.017224	0.017224	0.019250	0.019250	0.012158	0.006079	0.010132	0.018237	0.009119	0.017224	0.004053	0.010132	0.014184	0.034448	0.024316	0.006079	0.021277	0.021277	0.016211	0.008105	0.003040	0.012158	0.020263	0.010132	0.017224	0.012158	0.009119	0.012158	0.015198	0.022290	0.030395	0.054711	0.031408	0.008105	0.012158	0.004053	0.013171	0.013171	0.033435	0.032421	0.019250	
0.013171	0.008105	0.025329	0.011145	0.008105	0.003040	0.004053	0.010132	0.025329	0.006079	0.003040	0.013171	0.022290	0.007092	0.008105	0.016211	0.024316	0.017224	0.021277	0.032421	0.027356	0.007092	0.021277	0.024316	0.033435	0.016211	0.027356	0.020263	0.014184	0.014184	0.010132	0.040527	0.024316	0.006079	0.013171	0.020263	0.020263	0.011145	0.008105	0.028369	0.020263	0.008105	0.008105	0.013171	0.009119	0.007092	0.011145	0.012158	0.015198	0.011145	0.011145	0.021277	0.028369	0.010132	0.018237	0.034448	0.028369	0.027356	0.017224	0.020263	0.006079	0.010132	0.011145	0.037487	
0.022290	0.010132	0.020263	0.024316	0.005066	0.013171	0.018237	0.006079	0.013171	0.030395	0.019250	0.008105	0.017224	0.027356	0.011145	0.029382	0.016211	0.027356	0.021277	0.019250	0.005066	0.009119	0.011145	0.006079	0.010132	0.009119	0.019250	0.013171	0.001013	0.040527	0.018237	0.037487	0.030395	0.014184	0.024316	0.038501	0.012158	0.018237	0.011145	0.016211	0.011145	0.023303	0.007092	0.014184	0.016211	0.024316	0.004053	0.022290	0.010132	0.018237	0.007092	0.016211	0.001013	0.015198	0.009119	0.013171	0.009119	0.016211	0.004053	0.011145	0.001013	0.051672	0.018237	0.035461	
0.036474	0.008105	0.018237	0.016211	0.023303	0.019250	0.014184	0.013171	0.014184	0.022290	0.019250	0.017224	0.029382	0.031408	0.024316	0.013171	0.006079	0.003040	0.007092	0.007092	0.010132	0.013171	0.025329	0.007092	0.015198	0.014184	0.015198	0.005066	0.007092	0.012158	0.011145	0.011145	0.011145	0.013171	0.010132	0.009119	0.029382	0.023303	0.013171	0.013171	0.021277	0.015198	0.009119	0.004053	0.013171	0.014184	0.017224	0.002026	0.007092	0.009119	0.012158	0.007092	0.037487	0.032421	0.036474	0.037487	0.011145	0.017224	0.016211	0.007092	0.016211	0.044580	0.031408	0.032421	
0.019250	0.011145	0.012158	0.018237	0.011145	0.006079	0.006079	0.010132	0.019250	0.010132	0.011145	0.007092	0.011145	0.006079	0.014184	0.008105	0.024316	0.014184	0.015198	0.046606	0.027356	0.006079	0.023303	0.031408	0.031408	0.013171	0.024316	0.020263	0.011145	0.009119	0.007092	0.043566	0.012158	0.012158	0.018237	0.019250	0.025329	0.008105	0.008105	0.027356	0.019250	0.014184	0.012158	0.014184	0.010132	0.006079	0.005066	0.012158	0.012158	0.019250	0.012158	0.022290	0.045593	0.014184	0.013171	0.029382	0.024316	0.017224	0.027356	0.015198	0.007092	0.012158	0.010132	0.029382	
0.014184	0.015198	0.014184	0.024316	0.006079	0.019250	0.021277	0.010132	0.022290	0.016211	0.008105	0.011145	0.026342	0.027356	0.016211	0.036474	0.030395	0.017224	0.031408	0.030395	0.009119	0.008105	0.013171	0.004053	0.015198	0.011145	0.012158	0.012158	0.001013	0.034448	0.024316	0.038501	0.026342	0.016211	0.020263	0.031408	0.007092	0.017224	0.017224	0.013171	0.014184	0.029382	0.015198	0.016211	0.013171	0.022290	0.008105	0.013171	0.004053	0.013171	0.009119	0.013171	0.001013	0.013171	0.011145	0.008105	0.009119	0.013171	0.002026	0.012158	0.001013	0.050659	0.009119	0.032421	
0.022290	0.014184	0.019250	0.019250	0.019250	0.014184	0.014184	0.014184	0.019250	0.024316	0.015198	0.016211	0.021277	0.029382	0.029382	0.019250	0.008105	0.006079	0.004053	0.005066	0.008105	0.013171	0.019250	0.017224	0.012158	0.013171	0.024316	0.013171	0.005066	0.008105	0.014184	0.008105	0.018237	0.011145	0.016211	0.015198	0.022290	0.022290	0.010132	0.015198	0.014184	0.011145	0.004053	0.008105	0.012158	0.011145	0.019250	0.009119	0.008105	0.006079	0.012158	0.015198	0.020263	0.037487	0.038501	0.038501	0.019250	0.020263	0.010132	0.008105	0.028369	0.036474	0.039514	0.016211	
0.013171	0.011145	0.016211	0.016211	0.014184	0.008105	0.007092	0.008105	0.018237	0.009119	0.015198	0.009119	0.022290	0.011145	0.009119	0.012158	0.014184	0.019250	0.014184	0.022290	0.035461	0.013171	0.021277	0.017224	0.035461	0.012158	0.021277	0.013171	0.022290	0.013171	0.014184	0.035461	0.017224	0.011145	0.016211	0.020263	0.030395	0.011145	0.008105	0.019250	0.027356	0.008105	0.008105	0.010132	0.013171	0.011145	0.006079	0.015198	0.022290	0.013171	0.009119	0.022290	0.035461	0.017224	0.011145	0.021277	0.036474	0.023303	0.017224	0.025329	0.011145	0.010132	0.007092	0.024316	
0.022290	0.008105	0.015198	0.021277	0.003040	0.021277	0.023303	0.007092	0.011145	0.022290	0.014184	0.008105	0.017224	0.026342	0.015198	0.022290	0.029382	0.019250	0.033435	0.033435	0.010132	0.012158	0.013171	0.014184	0.016211	0.007092	0.012158	0.012158	0.001013	0.026342	0.007092	0.031408	0.028369	0.019250	0.026342	0.043566	0.007092	0.020263	0.015198	0.010132	0.013171	0.024316	0.011145	0.013171	0.017224	0.014184	0.013171	0.013171	0.013171	0.027356	0.008105	0.020263	0.001013	0.019250	0.013171	0.012158	0.006079	0.015198	0.005066	0.010132	0.001013	0.039514	0.018237	0.028369	
0.026342	0.021277	0.029382	0.016211	0.016211	0.019250	0.024316	0.014184	0.018237	0.026342	0.023303	0.015198	0.035461	0.028369	0.033435	0.021277	0.006079	0.003040	0.008105	0.004053	0.014184	0.016211	0.028369	0.014184	0.013171	0.013171	0.018237	0.020263	0.005066	0.007092	0.015198	0.016211	0.017224	0.005066	0.012158	0.012158	0.020263	0.021277	0.010132	0.017224	0.017224	0.008105	0.006079	0.011145	0.012158	0.011145	0.013171	0.007092	0.011145	0.008105	0.014184	0.003040	0.012158	0.038501	0.028369	0.027356	0.014184	0.016211	0.013171	0.010132	0.013171	0.026342	0.038501	0.017224	
0.017224	0.010132	0.017224	0.016211	0.017224	0.003040	0.008105	0.009119	0.016211	0.014184	0.022290	0.011145	0.009119	0.007092	0.010132	0.009119	0.012158	0.017224	0.014184	0.019250	0.045593	0.007092	0.015198	0.027356	0.036474	0.010132	0.027356	0.017224	0.011145	0.012158	0.015198	0.034448	0.018237	0.015198	0.010132	0.019250	0.021277	0.013171	0.012158	0.017224	0.020263	0.016211	0.012158	0.012158	0.014184	0.009119	0.010132	0.023303	0.019250	0.014184	0.016211	0.016211	0.021277	0.007092	0.018237	0.026342	0.027356	0.021277	0.026342	0.025329	0.010132	0.017224	0.006079	0.028369	
0.019250	0.014184	0.019250	0.014184	0.008105	0.022290	0.021277	0.005066	0.013171	0.023303	0.013171	0.008105	0.021277	0.027356	0.008105	0.014184	0.035461	0.018237	0.027356	0.024316	0.013171	0.005066	0.007092	0.005066	0.007092	0.009119	0.022290	0.015198	0.001013	0.037487	0.017224	0.024316	0.022290	0.009119	0.026342	0.042553	0.004053	0.021277	0.021277	0.015198	0.019250	0.036474	0.013171	0.019250	0.017224	0.023303	0.012158	0.013171	0.008105	0.015198	0.007092	0.014184	0.001013	0.021277	0.014184	0.009119	0.007092	0.016211	0.007092	0.011145	0.001013	0.045593	0.026342	0.022290	
0.032421	0.024316	0.018237	0.010132	0.014184	0.015198	0.021277	0.006079	0.018237	0.024316	0.015198	0.022290	0.020263	0.022290	0.037487	0.015198	0.008105	0.003040	0.004053	0.011145	0.012158	0.016211	0.023303	0.018237	0.021277	0.011145	0.025329	0.006079	0.006079	0.008105	0.010132	0.010132	0.008105	0.006079	0.019250	0.013171	0.027356	0.019250	0.016211	0.022290	0.019250	0.015198	0.012158	0.009119	0.014184	0.014184	0.015198	0.010132	0.008105	0.008105	0.013171	0.011145	0.023303	0.045593	0.048632	0.016211	0.009119	0.026342	0.016211	0.012158	0.009119	0.019250	0.028369	0.017224	
0.014184	0.007092	0.024316	0.011145	0.014184	0.009119	0.002026	0.016211	0.023303	0.007092	0.014184	0.010132	0.012158	0.007092	0.011145	0.015198	0.015198	0.018237	0.016211	0.027356	0.021277	0.015198	0.030395	0.029382	0.043566	0.016211	0.030395	0.019250	0.012158	0.012158	0.014184	0.024316	0.014184	0.014184	0.019250	0.020263	0.029382	0.009119	0.014184	0.024316	0.029382	0.010132	0.013171	0.016211	0.011145	0.009119	0.012158	0.017224	0.013171	0.005066	0.010132	0.021277	0.023303	0.009119	0.008105	0.023303	0.033435	0.018237	0.020263	0.019250	0.008105	0.011145	0.010132	0.023303	
0.016211	0.008105	0.013171	0.019250	0.009119	0.007092	0.018237	0.010132	0.013171	0.024316	0.021277	0.011145	0.015198	0.035461	0.008105	0.021277	0.015198	0.015198	0.030395	0.027356	0.008105	0.021277	0.009119	0.004053	0.010132	0.010132	0.018237	0.016211	0.001013	0.026342	0.025329	0.040527	0.033435	0.017224	0.033435	0.045593	0.006079	0.021277	0.012158	0.012158	0.014184	0.029382	0.014184	0.020263	0.019250	0.020263	0.010132	0.015198	0.006079	0.016211	0.008105	0.013171	0.001013	0.020263	0.009119	0.009119	0.006079	0.024316	0.006079	0.011145	0.001013	0.031408	0.014184	0.033435	
0.021277	0.007092	0.024316	0.018237	0.017224	0.014184	0.018237	0.007092	0.021277	0.021277	0.025329	0.017224	0.039514	0.023303	0.029382	0.013171	0.006079	0.003040	0.006079	0.009119	0.010132	0.015198	0.026342	0.018237	0.013171	0.012158	0.012158	0.011145	0.005066	0.009119	0.014184	0.007092	0.012158	0.008105	0.012158	0.011145	0.026342	0.030395	0.013171	0.018237	0.020263	0.014184	0.011145	0.014184	0.018237	0.015198	0.015198	0.010132	0.005066	0.006079	0.012158	0.013171	0.020263	0.031408	0.030395	0.031408	0.011145	0.018237	0.014184	0.014184	0.011145	0.030395	0.047619	0.021277	
0.014184	0.009119	0.009119	0.012158	0.013171	0.002026	0.005066	0.004053	0.017224	0.010132	0.016211	0.011145	0.022290	0.007092	0.009119	0.013171	0.014184	0.018237	0.013171	0.028369	0.041540	0.007092	0.016211	0.026342	0.033435	0.013171	0.027356	0.014184	0.023303	0.015198	0.011145	0.025329	0.016211	0.017224	0.015198	0.017224	0.031408	0.006079	0.010132	0.018237	0.023303	0.013171	0.009119	0.017224	0.008105	0.013171	0.015198	0.020263	0.017224	0.021277	0.009119	0.026342	0.023303	0.015198	0.009119	0.030395	0.039514	0.024316	0.024316	0.018237	0.011145	0.006079	0.010132	0.024316	
0.016211	0.013171	0.013171	0.019250	0.005066	0.028369	0.024316	0.008105	0.011145	0.016211	0.012158	0.007092	0.025329	0.032421	0.006079	0.020263	0.013171	0.028369	0.026342	0.041540	0.010132	0.011145	0.004053	0.005066	0.011145	0.006079	0.011145	0.012158	0.001013	0.031408	0.014184	0.032421	0.030395	0.018237	0.030395	0.034448	0.006079	0.020263	0.016211	0.018237	0.020263	0.031408	0.013171	0.012158	0.014184	0.023303	0.008105	0.015198	0.009119	0.020263	0.015198	0.020263	0.001013	0.021277	0.010132	0.009119	0.007092	0.017224	0.006079	0.015198	0.001013	0.038501	0.010132	0.033435	
0.023303	0.011145	0.016211	0.018237	0.027356	0.015198	0.024316	0.013171	0.018237	0.036474	0.018237	0.012158	0.031408	0.037487	0.029382	0.017224	0.007092	0.004053	0.005066	0.006079	0.009119	0.018237	0.030395	0.023303	0.018237	0.010132	0.017224	0.009119	0.005066	0.008105	0.011145	0.016211	0.012158	0.007092	0.019250	0.011145	0.030395	0.018237	0.009119	0.013171	0.019250	0.009119	0.008105	0.006079	0.014184	0.010132	0.010132	0.012158	0.008105	0.007092	0.018237	0.008105	0.020263	0.028369	0.052685	0.024316	0.009119	0.011145	0.006079	0.012158	0.014184	0.028369	0.038501	0.020263	
0.016211	0.007092	0.016211	0.011145	0.007092	0.007092	0.007092	0.008105	0.019250	0.012158	0.011145	0.016211	0.012158	0.014184	0.006079	0.011145	0.023303	0.014184	0.019250	0.030395	0.032421	0.008105	0.016211	0.023303	0.047619	0.015198	0.031408	0.022290	0.015198	0.012158	0.015198	0.031408	0.016211	0.010132	0.018237	0.020263	0.023303	0.006079	0.009119	0.028369	0.017224	0.012158	0.010132	0.010132	0.003040	0.006079	0.009119	0.021277	0.012158	0.019250	0.014184	0.019250	0.037487	0.008105	0.012158	0.026342	0.028369	0.022290	0.025329	0.013171	0.010132	0.015198	0.009119	0.031408	
0.014184	0.009119	0.024316	0.020263	0.005066	0.020263	0.014184	0.011145	0.009119	0.028369	0.022290	0.008105	0.023303	0.033435	0.011145	0.013171	0.022290	0.017224	0.042553	0.018237	0.014184	0.005066	0.007092	0.003040	0.005066	0.010132	0.012158	0.017224	0.001013	0.040527	0.015198	0.029382	0.019250	0.021277	0.032421	0.039514	0.007092	0.027356	0.019250	0.008105	0.015198	0.031408	0.018237	0.013171	0.025329	0.018237	0.006079	0.012158	0.004053	0.016211	0.006079	0.014184	0.001013	0.026342	0.009119	0.011145	0.008105	0.016211	0.004053	0.011145	0.001013	0.054711	0.016211	0.023303	
