>NC_009328
0.000553	0.000553	0.000553	0.000553	0.000553	0.000553	0.000553	0.000553	0.000553	0.000553	0.000553	0.000553	0.000553	0.000553	0.000553	0.000553	0.000553	0.000553	0.000553	0.000553	0.000553	0.000553	0.000553	0.000553	0.000553	0.000553	0.000553	0.000553	0.148230	0.000553	0.000553	0.000553	0.000553	0.000553	0.000553	0.000553	0.000553	0.000553	0.000553	0.000553	0.000553	0.000553	0.000553	0.000553	0.000553	0.000553	0.000553	0.000553	0.000553	0.000553	0.000553	0.000553	0.340708	0.000553	0.000553	0.000553	0.000553	0.000553	0.000553	0.000553	0.512721	0.000553	0.000553	0.000553	
0.000553	0.000553	0.000553	0.000553	0.000553	0.000553	0.000553	0.000553	0.000553	0.000553	0.000553	0.000553	0.000553	0.000553	0.000553	0.000553	0.078540	0.082412	0.041482	0.139934	0.000553	0.000553	0.000553	0.000553	0.000553	0.000553	0.000553	0.000553	0.000553	0.000553	0.000553	0.000553	0.000553	0.000553	0.000553	0.000553	0.000553	0.000553	0.000553	0.000553	0.000553	0.000553	0.000553	0.000553	0.000553	0.000553	0.000553	0.000553	0.128319	0.192478	0.102323	0.238938	0.000553	0.000553	0.000553	0.000553	0.000553	0.000553	0.000553	0.000553	0.000553	0.000553	0.000553	0.000553	
0.058628	0.048673	0.032633	0.068031	0.056969	0.060841	0.077987	0.080199	0.030973	0.055310	0.018252	0.040376	0.058075	0.071350	0.074668	0.175885	0.000553	0.000553	0.000553	0.000553	0.000553	0.000553	0.000553	0.000553	0.000553	0.000553	0.000553	0.000553	0.000553	0.000553	0.000553	0.000553	0.000553	0.000553	0.000553	0.000553	0.000553	0.000553	0.000553	0.000553	0.000553	0.000553	0.000553	0.000553	0.000553	0.000553	0.000553	0.000553	0.000553	0.000553	0.000553	0.000553	0.000553	0.000553	0.000553	0.000553	0.000553	0.000553	0.000553	0.000553	0.000553	0.000553	0.000553	0.000553	
0.023783	0.011615	0.009403	0.015487	0.006637	0.013274	0.022677	0.007743	0.011615	0.018252	0.001106	0.003319	0.017146	0.021571	0.017699	0.013274	0.017146	0.016593	0.011062	0.013827	0.011615	0.018252	0.023230	0.009403	0.024336	0.024336	0.019358	0.011615	0.000553	0.033739	0.014934	0.032633	0.009403	0.008296	0.006084	0.008850	0.003872	0.016593	0.022677	0.013827	0.006084	0.008296	0.001659	0.003872	0.006084	0.012168	0.006084	0.017699	0.018805	0.021571	0.009403	0.009956	0.000553	0.025442	0.035398	0.011615	0.029314	0.021018	0.016593	0.009403	0.000553	0.053097	0.046460	0.077434	
0.021018	0.021571	0.012721	0.013827	0.015487	0.014934	0.015487	0.012168	0.004978	0.017146	0.006084	0.007743	0.009403	0.014934	0.009956	0.013827	0.006084	0.004978	0.004978	0.006637	0.018805	0.016593	0.019358	0.018805	0.023230	0.028761	0.022124	0.029867	0.005531	0.013827	0.007190	0.016040	0.018805	0.016593	0.012721	0.023230	0.021018	0.019912	0.014381	0.016593	0.006084	0.017699	0.005531	0.009403	0.005531	0.006084	0.005531	0.011062	0.006084	0.008850	0.004978	0.004425	0.028208	0.033739	0.031527	0.027102	0.022124	0.019358	0.021018	0.022677	0.016040	0.045907	0.023230	0.055863	
0.024336	0.007190	0.007190	0.013274	0.013827	0.012721	0.013827	0.011615	0.008850	0.010509	0.007190	0.008850	0.008296	0.003872	0.016040	0.019912	0.027102	0.010509	0.014381	0.031527	0.019912	0.021018	0.014934	0.029314	0.016040	0.021018	0.014381	0.029314	0.005531	0.018252	0.007743	0.043142	0.015487	0.011062	0.009403	0.020465	0.016040	0.019912	0.017146	0.029867	0.011615	0.017699	0.010509	0.014934	0.006637	0.009956	0.009403	0.043695	0.012721	0.004425	0.003319	0.016040	0.027655	0.018805	0.019358	0.014934	0.008850	0.011615	0.009403	0.016040	0.012721	0.018805	0.013827	0.051438	
0.028761	0.014381	0.012721	0.023783	0.002212	0.009403	0.013827	0.007743	0.011615	0.013274	0.003872	0.005531	0.012721	0.018252	0.027102	0.023230	0.023783	0.021571	0.009403	0.022677	0.017146	0.023230	0.023230	0.008850	0.015487	0.024336	0.012168	0.013274	0.000553	0.041482	0.013827	0.029867	0.009403	0.012721	0.008296	0.014934	0.005531	0.015487	0.024336	0.015487	0.010509	0.016593	0.004425	0.009956	0.009956	0.018252	0.009403	0.031527	0.015487	0.006637	0.005531	0.005531	0.000553	0.025996	0.009956	0.014381	0.011615	0.017146	0.009956	0.008296	0.000553	0.054757	0.033739	0.069137	
0.024336	0.019912	0.016040	0.017146	0.017146	0.016040	0.011615	0.010509	0.007190	0.014934	0.005531	0.008296	0.011062	0.019358	0.019912	0.016593	0.007743	0.004978	0.003872	0.008850	0.016593	0.018252	0.017699	0.021571	0.014934	0.024889	0.017699	0.013827	0.006637	0.016593	0.008850	0.014381	0.018252	0.011615	0.004978	0.014381	0.017146	0.026549	0.010509	0.017146	0.007743	0.013827	0.001659	0.007190	0.003872	0.010509	0.009403	0.013274	0.009956	0.003872	0.006637	0.003319	0.034292	0.036504	0.028208	0.033739	0.023783	0.025442	0.014381	0.020465	0.016593	0.053650	0.028208	0.055310	
0.024889	0.013274	0.009956	0.012168	0.016040	0.007743	0.010509	0.006084	0.006084	0.007743	0.008296	0.009403	0.012168	0.005531	0.009403	0.016593	0.027102	0.016593	0.013274	0.028208	0.024336	0.021571	0.019358	0.032080	0.017146	0.017146	0.016040	0.017699	0.010509	0.014934	0.016040	0.041482	0.026549	0.006084	0.006084	0.014934	0.023783	0.012721	0.019358	0.023230	0.008296	0.014381	0.007190	0.009403	0.003872	0.007743	0.007743	0.030420	0.012168	0.005531	0.004978	0.015487	0.033739	0.021571	0.028208	0.016593	0.022677	0.014934	0.011615	0.017146	0.016040	0.016040	0.018252	0.049226	
0.029867	0.017146	0.013827	0.029867	0.003319	0.016593	0.013827	0.007743	0.009956	0.013274	0.006084	0.004978	0.017146	0.024336	0.011615	0.017699	0.033186	0.029314	0.012721	0.022677	0.017146	0.017699	0.018252	0.010509	0.016593	0.021571	0.023783	0.015487	0.000553	0.033739	0.017699	0.025996	0.012168	0.012721	0.008296	0.021018	0.003872	0.017146	0.016593	0.016593	0.013274	0.021018	0.004978	0.003872	0.010509	0.019358	0.007743	0.016040	0.016593	0.011615	0.006084	0.008296	0.000553	0.024336	0.008850	0.010509	0.007190	0.016593	0.009956	0.017699	0.000553	0.050332	0.027102	0.059735	
0.024889	0.035398	0.012721	0.018805	0.017699	0.023230	0.009403	0.020465	0.011615	0.019912	0.004425	0.004978	0.012721	0.022677	0.027102	0.019358	0.006637	0.008296	0.003872	0.006084	0.016593	0.019912	0.014381	0.024889	0.009956	0.016040	0.012721	0.018805	0.006084	0.014381	0.005531	0.019358	0.014934	0.012168	0.003319	0.016593	0.018805	0.021018	0.012721	0.019912	0.010509	0.014934	0.007743	0.011615	0.007743	0.017699	0.006084	0.010509	0.009956	0.006637	0.004978	0.007190	0.032633	0.042588	0.022677	0.029867	0.019912	0.016593	0.009403	0.018252	0.017146	0.039270	0.022124	0.040929	
0.021571	0.007743	0.006084	0.021018	0.020465	0.015487	0.013827	0.012721	0.004425	0.004978	0.002765	0.012721	0.012168	0.003319	0.011062	0.022124	0.029867	0.014381	0.011062	0.030420	0.020465	0.023783	0.027655	0.034845	0.013274	0.017146	0.012168	0.016593	0.019358	0.020465	0.013274	0.042035	0.020465	0.008296	0.007743	0.015487	0.013274	0.017699	0.015487	0.021018	0.009956	0.011615	0.006084	0.006637	0.006084	0.005531	0.007743	0.034292	0.012721	0.003319	0.007743	0.019912	0.029867	0.019912	0.021571	0.022677	0.017699	0.018805	0.012168	0.012168	0.012168	0.017699	0.017146	0.043142	
0.030420	0.022677	0.016040	0.015487	0.004978	0.011615	0.009403	0.007743	0.006637	0.011615	0.006084	0.008296	0.019912	0.023230	0.025442	0.018252	0.026549	0.028208	0.010509	0.018805	0.016040	0.029867	0.019358	0.011615	0.016593	0.025996	0.018805	0.017146	0.000553	0.045907	0.016593	0.028208	0.008850	0.016040	0.011062	0.009403	0.002212	0.019912	0.016040	0.014381	0.007743	0.013827	0.001659	0.009956	0.008850	0.017146	0.005531	0.016593	0.021571	0.011062	0.009956	0.007190	0.000553	0.022124	0.011062	0.013274	0.009956	0.016593	0.009956	0.012721	0.000553	0.056969	0.024889	0.059181	
0.026549	0.030973	0.011615	0.018252	0.015487	0.027655	0.018252	0.016593	0.005531	0.028208	0.006084	0.007743	0.012721	0.014381	0.009956	0.013827	0.007190	0.004978	0.005531	0.006084	0.012721	0.019912	0.023230	0.027655	0.016593	0.012168	0.014381	0.012721	0.009403	0.014381	0.007190	0.016040	0.014934	0.007190	0.006637	0.012168	0.012721	0.024336	0.013274	0.017699	0.008296	0.016040	0.004425	0.007743	0.009956	0.014934	0.009956	0.013274	0.008296	0.009403	0.005531	0.006637	0.030973	0.047566	0.032080	0.032633	0.019912	0.022677	0.011062	0.018805	0.011615	0.036504	0.023230	0.050885	
0.019358	0.008850	0.008850	0.019912	0.016040	0.007743	0.017699	0.011062	0.006084	0.009956	0.002765	0.010509	0.008850	0.006084	0.011062	0.017146	0.029867	0.007190	0.008850	0.025996	0.023230	0.021018	0.030973	0.044248	0.029867	0.022124	0.013274	0.021571	0.011615	0.019912	0.016040	0.047013	0.020465	0.006637	0.007190	0.016040	0.022124	0.020465	0.021571	0.014934	0.012721	0.012721	0.003319	0.007190	0.006084	0.007190	0.005531	0.028208	0.017699	0.003319	0.004978	0.017699	0.025996	0.021018	0.017699	0.015487	0.019912	0.013274	0.006084	0.011062	0.010509	0.017699	0.014934	0.050885	
0.023783	0.010509	0.018252	0.034845	0.004978	0.008296	0.009403	0.003319	0.006637	0.014934	0.004425	0.003872	0.027655	0.019358	0.016040	0.016593	0.025996	0.027102	0.011615	0.022677	0.018805	0.027102	0.017146	0.007190	0.013827	0.031527	0.018805	0.023783	0.000553	0.035951	0.016593	0.032633	0.018252	0.023783	0.008296	0.018252	0.004978	0.020465	0.022677	0.009956	0.007190	0.013274	0.000553	0.004425	0.012168	0.010509	0.006637	0.021018	0.014381	0.012721	0.004978	0.004978	0.000553	0.022677	0.015487	0.012168	0.007743	0.016593	0.008850	0.014381	0.000553	0.053097	0.027102	0.062500	
0.021571	0.027102	0.012721	0.021018	0.019358	0.023230	0.017699	0.013827	0.009956	0.022124	0.003872	0.007190	0.014934	0.023783	0.025442	0.016593	0.011062	0.004425	0.004425	0.009403	0.014934	0.013827	0.025442	0.024336	0.018252	0.018252	0.011062	0.017146	0.005531	0.009403	0.003872	0.013827	0.010509	0.006637	0.007190	0.011062	0.015487	0.025996	0.012168	0.022677	0.008296	0.014381	0.006084	0.003872	0.004978	0.013827	0.007190	0.020465	0.012721	0.011615	0.005531	0.011062	0.030973	0.034845	0.024336	0.028761	0.013827	0.023230	0.009403	0.019912	0.014934	0.042035	0.031527	0.044248	
0.024336	0.007190	0.007743	0.016593	0.013274	0.009403	0.014381	0.012721	0.007190	0.008296	0.003319	0.011062	0.011062	0.006637	0.009956	0.024889	0.029867	0.011615	0.015487	0.023783	0.028761	0.016040	0.026549	0.026549	0.027655	0.019912	0.014934	0.017146	0.014934	0.010509	0.014934	0.049226	0.019912	0.005531	0.006084	0.018805	0.024336	0.013274	0.017699	0.022677	0.006637	0.009403	0.004978	0.009403	0.006084	0.006084	0.006637	0.029314	0.014934	0.004425	0.005531	0.015487	0.029867	0.018252	0.022677	0.018252	0.024336	0.013274	0.011615	0.018805	0.011062	0.020465	0.012721	0.050885	
0.035951	0.013827	0.016593	0.022677	0.003319	0.006084	0.014381	0.004978	0.008296	0.015487	0.007190	0.003872	0.021018	0.022124	0.012721	0.018805	0.030973	0.023783	0.016593	0.024889	0.014934	0.021018	0.016040	0.004978	0.016040	0.024336	0.023783	0.017146	0.000553	0.030420	0.021571	0.027655	0.011062	0.018805	0.016040	0.019912	0.004425	0.017699	0.019358	0.009403	0.008850	0.017146	0.002765	0.006084	0.012721	0.016040	0.007743	0.019912	0.019912	0.011062	0.005531	0.006637	0.000553	0.021018	0.011615	0.010509	0.011062	0.016040	0.007190	0.009956	0.000553	0.053650	0.030973	0.069137	
0.031527	0.034292	0.012721	0.019358	0.020465	0.013274	0.017699	0.016040	0.010509	0.026549	0.004978	0.012721	0.010509	0.023230	0.022677	0.017699	0.004978	0.006637	0.003319	0.008296	0.012721	0.013827	0.018252	0.021018	0.015487	0.019358	0.012168	0.014381	0.002212	0.012168	0.006637	0.008850	0.014381	0.009403	0.007190	0.013274	0.016593	0.019912	0.016040	0.020465	0.008296	0.018252	0.004978	0.009403	0.006637	0.009956	0.004978	0.015487	0.010509	0.008850	0.007743	0.007743	0.032633	0.030420	0.029867	0.029314	0.012721	0.023230	0.011615	0.025442	0.017146	0.040929	0.024889	0.052544	
0.023230	0.008850	0.006637	0.022677	0.016593	0.009956	0.020465	0.012168	0.010509	0.008296	0.004978	0.007190	0.009956	0.004425	0.014934	0.019358	0.033186	0.010509	0.009403	0.029314	0.021571	0.015487	0.018252	0.022124	0.029867	0.017699	0.014381	0.019912	0.013274	0.010509	0.013827	0.049226	0.020465	0.006637	0.004425	0.015487	0.024889	0.012721	0.020465	0.029314	0.007190	0.011615	0.004425	0.010509	0.006084	0.005531	0.008850	0.041482	0.013827	0.002765	0.004425	0.015487	0.034845	0.014381	0.024336	0.012721	0.018252	0.009956	0.011615	0.019358	0.011062	0.011615	0.017699	0.054204	
0.027655	0.017699	0.014381	0.030973	0.001106	0.010509	0.013274	0.003872	0.003319	0.013827	0.004978	0.002765	0.023230	0.023230	0.019358	0.017146	0.028208	0.026549	0.021571	0.021571	0.012721	0.016040	0.018805	0.004978	0.015487	0.029867	0.018805	0.019358	0.000553	0.032633	0.012721	0.030420	0.011615	0.022124	0.011062	0.021018	0.006637	0.016593	0.013827	0.010509	0.005531	0.023230	0.003319	0.003319	0.018252	0.014381	0.006637	0.017699	0.017699	0.008850	0.006637	0.007190	0.000553	0.013274	0.011062	0.007190	0.009403	0.017699	0.014381	0.013827	0.000553	0.059181	0.037058	0.067478	
0.021571	0.030420	0.017699	0.015487	0.027655	0.013827	0.020465	0.013274	0.009956	0.025442	0.004425	0.013827	0.016593	0.028208	0.016593	0.019358	0.008850	0.003319	0.002212	0.006637	0.011062	0.005531	0.021018	0.018805	0.014381	0.016040	0.014934	0.011615	0.002212	0.008296	0.004978	0.011062	0.014934	0.008850	0.005531	0.004425	0.017146	0.024336	0.022124	0.021018	0.011615	0.012721	0.009956	0.007190	0.003319	0.010509	0.008296	0.017146	0.014381	0.009403	0.008850	0.009956	0.035951	0.026549	0.037611	0.029314	0.022124	0.018252	0.012168	0.023230	0.016040	0.045907	0.026549	0.044248	
0.026549	0.007743	0.009403	0.016040	0.014934	0.006637	0.018252	0.012168	0.008296	0.009403	0.007190	0.009403	0.008296	0.006084	0.006084	0.016040	0.043695	0.007743	0.011615	0.028761	0.022124	0.013274	0.016593	0.018252	0.036504	0.019912	0.019912	0.024889	0.011615	0.007190	0.013274	0.050332	0.023230	0.010509	0.005531	0.018805	0.017146	0.013274	0.018252	0.023783	0.009956	0.009956	0.006637	0.014934	0.006637	0.006637	0.009956	0.032633	0.014381	0.003319	0.005531	0.014934	0.030973	0.019358	0.024889	0.017699	0.018805	0.013274	0.013827	0.010509	0.011062	0.016593	0.014381	0.049779	
0.033186	0.018252	0.018805	0.037611	0.002765	0.009403	0.011062	0.006084	0.006084	0.019912	0.003872	0.002212	0.020465	0.021018	0.018805	0.018252	0.028761	0.019912	0.013827	0.022677	0.016040	0.013827	0.017699	0.004978	0.012721	0.032633	0.018805	0.013827	0.000553	0.033186	0.017699	0.020465	0.015487	0.022124	0.020465	0.015487	0.004978	0.018252	0.019912	0.009403	0.008296	0.026549	0.003319	0.009403	0.011062	0.022124	0.008296	0.018252	0.017699	0.007743	0.006084	0.006084	0.000553	0.014934	0.013827	0.007190	0.009403	0.014381	0.007743	0.012168	0.000553	0.058628	0.030420	0.059181	
0.022677	0.034292	0.017699	0.020465	0.016593	0.016593	0.018805	0.016040	0.009956	0.031527	0.006084	0.011615	0.018252	0.027655	0.024336	0.011615	0.007190	0.005531	0.002765	0.008850	0.008850	0.006637	0.024889	0.016040	0.013827	0.016593	0.016593	0.015487	0.002765	0.006637	0.006084	0.012168	0.010509	0.009403	0.006637	0.009956	0.020465	0.022677	0.022124	0.028208	0.009956	0.012168	0.005531	0.006084	0.006637	0.015487	0.004978	0.010509	0.004978	0.009403	0.007190	0.011062	0.035398	0.038164	0.032633	0.028761	0.016040	0.023783	0.015487	0.019912	0.017699	0.038164	0.024336	0.035951	
0.018805	0.007190	0.004978	0.014381	0.021018	0.011062	0.014381	0.012168	0.008850	0.010509	0.006084	0.008850	0.013827	0.007190	0.009956	0.019358	0.037058	0.011062	0.013274	0.019912	0.020465	0.016040	0.028761	0.018805	0.035398	0.019358	0.020465	0.023230	0.012721	0.011062	0.012721	0.052544	0.021018	0.008850	0.004425	0.015487	0.020465	0.018252	0.022677	0.022677	0.011615	0.012721	0.004978	0.014381	0.005531	0.006637	0.009403	0.031527	0.018805	0.007190	0.002765	0.016593	0.027655	0.017146	0.025996	0.017146	0.023230	0.012168	0.009956	0.014381	0.011062	0.008296	0.011062	0.039823	
0.028208	0.014381	0.023783	0.029314	0.004425	0.011615	0.013827	0.004425	0.002765	0.016040	0.002212	0.004425	0.023783	0.019912	0.011615	0.011062	0.022677	0.027102	0.016040	0.023783	0.017146	0.015487	0.027655	0.002212	0.011062	0.032080	0.027102	0.021571	0.000553	0.030973	0.012721	0.026549	0.018252	0.023783	0.014934	0.022124	0.005531	0.013274	0.021018	0.014934	0.008296	0.021571	0.002765	0.008850	0.013827	0.022677	0.006637	0.017699	0.022124	0.010509	0.006637	0.003872	0.000553	0.015487	0.007743	0.009403	0.009403	0.014934	0.009403	0.009403	0.000553	0.051438	0.032633	0.058628	
0.027102	0.028208	0.014934	0.021018	0.024889	0.015487	0.019912	0.015487	0.014934	0.027102	0.008850	0.010509	0.015487	0.023230	0.023230	0.017146	0.008296	0.004425	0.005531	0.009403	0.012721	0.007190	0.019912	0.016040	0.017699	0.021018	0.018252	0.013274	0.003872	0.008296	0.008850	0.009956	0.009403	0.007190	0.005531	0.009403	0.018252	0.025996	0.019912	0.020465	0.014381	0.016593	0.006084	0.004425	0.006637	0.019358	0.009403	0.008850	0.010509	0.009403	0.008296	0.010509	0.034292	0.026549	0.036504	0.027655	0.016593	0.022677	0.010509	0.013827	0.018252	0.032633	0.022677	0.040376	
0.023783	0.004978	0.005531	0.021018	0.018252	0.005531	0.011615	0.013827	0.007743	0.007743	0.009403	0.009403	0.008296	0.009403	0.011062	0.021571	0.037058	0.012168	0.014381	0.026549	0.021571	0.011615	0.021571	0.020465	0.037611	0.018252	0.019358	0.021018	0.010509	0.008296	0.011615	0.049226	0.029314	0.004978	0.008296	0.021018	0.029314	0.011615	0.019358	0.027102	0.013827	0.012168	0.006084	0.011615	0.004425	0.006084	0.005531	0.025996	0.015487	0.003319	0.007743	0.017699	0.027655	0.015487	0.026549	0.013827	0.021571	0.017699	0.009956	0.014934	0.010509	0.005531	0.011615	0.048673	
0.032633	0.020465	0.020465	0.032080	0.003319	0.009403	0.008850	0.003872	0.006084	0.016593	0.005531	0.007743	0.023230	0.029314	0.021018	0.012721	0.033186	0.020465	0.022677	0.020465	0.009956	0.014381	0.016040	0.003872	0.009403	0.028208	0.019912	0.021571	0.000553	0.037611	0.014381	0.022677	0.017146	0.018805	0.009403	0.035398	0.003872	0.017146	0.024336	0.010509	0.005531	0.028761	0.003319	0.007190	0.012721	0.017699	0.009403	0.017146	0.013274	0.006084	0.011062	0.003319	0.000553	0.014934	0.009403	0.004425	0.006084	0.011615	0.007743	0.014381	0.000553	0.060841	0.029314	0.054757	
0.030420	0.027102	0.016040	0.022677	0.019912	0.015487	0.014381	0.016040	0.009403	0.037611	0.005531	0.011062	0.017699	0.028761	0.029314	0.015487	0.006637	0.004978	0.001659	0.004425	0.011062	0.004425	0.021571	0.018805	0.011062	0.019358	0.013274	0.014934	0.006637	0.004978	0.003872	0.007190	0.008296	0.007190	0.004978	0.006637	0.021571	0.021571	0.021571	0.020465	0.008296	0.014934	0.006637	0.006637	0.012168	0.014934	0.011062	0.012721	0.011615	0.011615	0.006637	0.007190	0.035398	0.032080	0.041482	0.036504	0.018805	0.025996	0.013274	0.016040	0.016040	0.037058	0.025996	0.028208	
0.024336	0.007190	0.007190	0.018252	0.014934	0.006084	0.019358	0.010509	0.008850	0.005531	0.008850	0.006084	0.011615	0.002765	0.008850	0.017699	0.034292	0.011062	0.010509	0.032080	0.021571	0.008850	0.025442	0.017699	0.039823	0.020465	0.018805	0.019912	0.011615	0.011615	0.012721	0.055863	0.019912	0.007190	0.006084	0.014381	0.032080	0.017146	0.024889	0.023783	0.007190	0.011615	0.009956	0.009956	0.004978	0.006637	0.006084	0.030973	0.018252	0.007190	0.004425	0.022677	0.033739	0.014381	0.025442	0.012168	0.023783	0.018805	0.013274	0.014381	0.004978	0.012168	0.012168	0.034292	
0.033739	0.013827	0.016040	0.033186	0.004425	0.011062	0.014381	0.002765	0.003872	0.015487	0.003319	0.005531	0.022124	0.038164	0.016593	0.010509	0.027102	0.028208	0.017699	0.029314	0.014934	0.010509	0.018252	0.002765	0.017146	0.025442	0.025996	0.026549	0.000553	0.027102	0.014934	0.021571	0.015487	0.018252	0.025442	0.020465	0.005531	0.018252	0.021571	0.011062	0.008296	0.027655	0.003319	0.011615	0.014934	0.018252	0.002212	0.014934	0.011062	0.011062	0.004978	0.006084	0.000553	0.018805	0.009403	0.004425	0.009403	0.012168	0.007190	0.011062	0.000553	0.055863	0.032633	0.049779	
0.022124	0.035398	0.016040	0.013827	0.021018	0.018252	0.018252	0.013827	0.009956	0.033739	0.007743	0.012721	0.016040	0.025442	0.024336	0.023230	0.008296	0.005531	0.007190	0.004425	0.013274	0.006637	0.022677	0.016040	0.011062	0.024889	0.017699	0.009956	0.004978	0.004978	0.003319	0.007743	0.008850	0.009403	0.007743	0.012721	0.013827	0.021571	0.022677	0.022677	0.014381	0.012721	0.006084	0.006637	0.013827	0.011615	0.014934	0.014381	0.012721	0.008296	0.009956	0.007190	0.035398	0.031527	0.042588	0.029867	0.011615	0.023230	0.017699	0.013827	0.015487	0.029314	0.022677	0.029314	
0.022677	0.009403	0.003872	0.016040	0.021018	0.010509	0.017146	0.009956	0.012168	0.011062	0.009403	0.008296	0.008850	0.005531	0.006637	0.017146	0.034845	0.008850	0.017146	0.022677	0.022124	0.012721	0.026549	0.016593	0.039823	0.025442	0.019358	0.021571	0.009956	0.007743	0.013827	0.050885	0.021018	0.008850	0.004978	0.012168	0.024889	0.017699	0.025996	0.025996	0.014934	0.012168	0.006637	0.015487	0.008296	0.006637	0.006084	0.022124	0.014934	0.005531	0.004978	0.024889	0.021571	0.013274	0.024336	0.012168	0.020465	0.022124	0.011062	0.011615	0.009403	0.009403	0.008850	0.047013	
0.028761	0.016040	0.017699	0.030973	0.006084	0.008850	0.013827	0.003872	0.002765	0.018805	0.004978	0.004425	0.023783	0.025442	0.011062	0.015487	0.024336	0.021571	0.021018	0.022677	0.019358	0.013274	0.018252	0.003319	0.016040	0.037058	0.016040	0.024889	0.000553	0.028208	0.017146	0.018805	0.014934	0.029867	0.012721	0.029867	0.004425	0.030420	0.026549	0.009403	0.004978	0.028761	0.001659	0.011062	0.017699	0.016593	0.007190	0.015487	0.014381	0.010509	0.007743	0.003872	0.000553	0.013274	0.007190	0.008296	0.008850	0.010509	0.006637	0.009403	0.000553	0.061947	0.034845	0.039823	
0.021018	0.022677	0.014381	0.024336	0.023230	0.023230	0.020465	0.011062	0.008850	0.032633	0.006637	0.011062	0.013827	0.024336	0.027102	0.022124	0.009403	0.004978	0.006084	0.009956	0.017699	0.007190	0.025996	0.014934	0.011615	0.019912	0.022124	0.012168	0.004425	0.007743	0.002765	0.009956	0.008850	0.011615	0.003319	0.008850	0.021571	0.029867	0.022124	0.021571	0.009403	0.008296	0.003319	0.008296	0.006084	0.022124	0.008296	0.013274	0.011062	0.013274	0.007743	0.010509	0.032080	0.028208	0.037611	0.034292	0.014381	0.025996	0.015487	0.014381	0.011062	0.025442	0.020465	0.032633	
0.022124	0.009403	0.005531	0.013274	0.014934	0.011062	0.018252	0.008296	0.008296	0.009403	0.007190	0.006637	0.013274	0.007190	0.011615	0.021571	0.042035	0.009403	0.012721	0.030420	0.028208	0.013827	0.028761	0.017699	0.038717	0.018252	0.016593	0.032633	0.011615	0.004978	0.016593	0.048673	0.013274	0.006637	0.008296	0.016040	0.024889	0.013827	0.018252	0.029867	0.013274	0.013274	0.007190	0.013827	0.007743	0.005531	0.008296	0.024336	0.011615	0.005531	0.005531	0.012721	0.027102	0.017699	0.022124	0.012721	0.023230	0.016040	0.008296	0.011062	0.009403	0.011062	0.014381	0.043142	
0.024889	0.012721	0.021571	0.029867	0.004425	0.008850	0.012721	0.004978	0.004978	0.015487	0.007190	0.004425	0.019912	0.021571	0.016593	0.014381	0.029867	0.023230	0.019912	0.022124	0.017146	0.016040	0.022677	0.000553	0.014934	0.028761	0.024336	0.019358	0.000553	0.033739	0.011062	0.023230	0.012168	0.025442	0.019358	0.026549	0.006084	0.019912	0.023230	0.007743	0.005531	0.023783	0.003319	0.006637	0.013827	0.024336	0.007743	0.018252	0.018805	0.008296	0.007190	0.007743	0.000553	0.016040	0.006637	0.005531	0.005531	0.022677	0.012721	0.009956	0.000553	0.066372	0.024889	0.045907	
0.029314	0.025442	0.010509	0.020465	0.024336	0.014381	0.019358	0.011615	0.011062	0.037611	0.008296	0.011062	0.016593	0.023230	0.028761	0.017699	0.007190	0.004425	0.006084	0.010509	0.013827	0.010509	0.021571	0.014934	0.011062	0.022677	0.017146	0.014381	0.004425	0.003319	0.006084	0.004978	0.011615	0.006637	0.005531	0.007190	0.018252	0.025442	0.025442	0.021571	0.014934	0.015487	0.009403	0.007743	0.008296	0.011062	0.006637	0.014381	0.011615	0.009956	0.005531	0.007743	0.034292	0.037611	0.044248	0.029867	0.012721	0.024336	0.012168	0.011062	0.011062	0.027102	0.023783	0.039823	
0.025442	0.011062	0.006084	0.017146	0.014381	0.007743	0.013274	0.011062	0.007190	0.007743	0.006084	0.006637	0.009403	0.009403	0.007743	0.019358	0.038164	0.012721	0.017699	0.022124	0.025442	0.015487	0.026549	0.020465	0.039270	0.022677	0.022677	0.025996	0.007190	0.007190	0.012721	0.050885	0.016593	0.005531	0.008296	0.019358	0.029867	0.015487	0.024336	0.030420	0.011615	0.016593	0.007190	0.011615	0.006084	0.004978	0.002765	0.030420	0.012168	0.007190	0.004978	0.016040	0.017146	0.004425	0.033186	0.009956	0.024336	0.016040	0.010509	0.014381	0.013827	0.013827	0.011062	0.038164	
0.030973	0.016040	0.017146	0.028208	0.002765	0.011615	0.015487	0.006637	0.006084	0.016593	0.007190	0.007190	0.020465	0.023783	0.013827	0.016593	0.028761	0.023783	0.014381	0.019912	0.014381	0.011615	0.013827	0.003319	0.015487	0.030420	0.024336	0.027102	0.000553	0.032633	0.020465	0.018252	0.017146	0.025996	0.013827	0.025442	0.003872	0.021571	0.027655	0.009956	0.009403	0.021571	0.001659	0.013827	0.012721	0.021571	0.009403	0.014934	0.016593	0.011062	0.006637	0.002212	0.000553	0.014934	0.012721	0.007190	0.004978	0.014381	0.006084	0.008850	0.000553	0.063053	0.023783	0.051438	
0.032080	0.029314	0.013827	0.018252	0.024889	0.015487	0.023230	0.013274	0.006637	0.032080	0.003872	0.009403	0.015487	0.021018	0.019912	0.019358	0.006637	0.004425	0.005531	0.004978	0.014381	0.006084	0.027655	0.011615	0.013827	0.017699	0.025442	0.012721	0.003872	0.007743	0.006637	0.008850	0.012721	0.008850	0.006637	0.007743	0.018252	0.023783	0.019358	0.021571	0.013827	0.011062	0.009403	0.004978	0.009403	0.019358	0.011062	0.017146	0.007743	0.007743	0.011615	0.007190	0.038717	0.033186	0.036504	0.032633	0.011615	0.023783	0.018805	0.013274	0.008296	0.029867	0.029867	0.033186	
0.025996	0.009403	0.006637	0.017146	0.017699	0.005531	0.018252	0.008850	0.010509	0.009403	0.004978	0.012721	0.009956	0.004978	0.007190	0.016040	0.041482	0.013274	0.016040	0.025442	0.020465	0.013274	0.027102	0.017699	0.039823	0.023783	0.018252	0.024889	0.009403	0.006637	0.016040	0.047013	0.022124	0.004425	0.003872	0.015487	0.027655	0.013827	0.021018	0.022124	0.014934	0.012721	0.007743	0.022124	0.004978	0.003872	0.007190	0.024336	0.014934	0.003319	0.005531	0.013274	0.027102	0.013274	0.025996	0.011615	0.029314	0.016593	0.009403	0.012168	0.006084	0.014934	0.009403	0.048119	
0.027102	0.015487	0.023783	0.038164	0.001659	0.010509	0.010509	0.007743	0.007743	0.017146	0.004425	0.002765	0.022124	0.024889	0.014934	0.009403	0.025996	0.023230	0.020465	0.023230	0.014381	0.014381	0.009956	0.007190	0.010509	0.034292	0.025996	0.021571	0.000553	0.030973	0.011615	0.017146	0.013274	0.028761	0.015487	0.037058	0.006084	0.021018	0.024889	0.010509	0.007743	0.021571	0.003319	0.007743	0.021571	0.027102	0.007190	0.016040	0.015487	0.006084	0.003872	0.004978	0.000553	0.015487	0.007743	0.006637	0.008296	0.012721	0.007743	0.011062	0.000553	0.053650	0.032080	0.049226	
0.023230	0.023230	0.016593	0.018805	0.016040	0.019912	0.025996	0.011615	0.010509	0.035951	0.008296	0.008850	0.021571	0.028208	0.034845	0.018805	0.008850	0.006637	0.004425	0.002765	0.012721	0.007190	0.025996	0.015487	0.008850	0.018252	0.015487	0.010509	0.005531	0.008296	0.007190	0.011062	0.011062	0.007190	0.010509	0.005531	0.020465	0.024336	0.018805	0.022124	0.012168	0.012721	0.007190	0.009403	0.009956	0.011615	0.008296	0.013274	0.011615	0.016040	0.006084	0.011062	0.045907	0.021571	0.034292	0.034845	0.009956	0.022677	0.016040	0.017146	0.013827	0.030973	0.023230	0.023783	
0.025442	0.006637	0.007743	0.014934	0.024336	0.002765	0.018805	0.007190	0.008296	0.014381	0.008296	0.006637	0.006084	0.006084	0.009956	0.016040	0.033739	0.011615	0.018252	0.031527	0.024336	0.013274	0.024336	0.011062	0.041482	0.021018	0.021018	0.021571	0.008850	0.010509	0.014934	0.049779	0.016593	0.007190	0.007190	0.010509	0.024336	0.018805	0.022124	0.024336	0.013827	0.014381	0.007743	0.011062	0.004978	0.007190	0.007743	0.025996	0.022124	0.004425	0.006084	0.018252	0.026549	0.016040	0.023230	0.013274	0.023783	0.018252	0.014381	0.017146	0.009956	0.011615	0.010509	0.034845	
0.025442	0.016593	0.021571	0.034292	0.006084	0.009956	0.010509	0.003319	0.004978	0.022124	0.006084	0.006084	0.020465	0.024336	0.018252	0.012168	0.029314	0.030420	0.016040	0.023783	0.011062	0.018252	0.018805	0.002765	0.010509	0.028761	0.026549	0.022677	0.000553	0.024336	0.013274	0.017699	0.014381	0.027655	0.017146	0.028208	0.003872	0.028208	0.023783	0.012168	0.004425	0.033186	0.004425	0.009403	0.012721	0.016593	0.007190	0.019912	0.011615	0.008296	0.006084	0.003872	0.000553	0.015487	0.009956	0.009403	0.009956	0.014381	0.004425	0.014381	0.000553	0.057522	0.028208	0.040376	
0.023783	0.028761	0.016593	0.011615	0.028761	0.016593	0.020465	0.017146	0.009403	0.027102	0.011062	0.013274	0.016040	0.033186	0.027102	0.013827	0.006084	0.004978	0.006084	0.004425	0.019358	0.008296	0.023783	0.020465	0.012168	0.017146	0.018252	0.015487	0.001106	0.006637	0.007743	0.012168	0.014934	0.004425	0.006084	0.004425	0.028761	0.030420	0.020465	0.018805	0.012721	0.017699	0.005531	0.005531	0.007743	0.018805	0.013827	0.012168	0.010509	0.007743	0.006637	0.009403	0.036504	0.028208	0.027655	0.030420	0.011615	0.022124	0.018805	0.014381	0.014381	0.024889	0.020465	0.030420	
0.023783	0.006084	0.008296	0.017146	0.014934	0.003319	0.015487	0.012168	0.009403	0.012168	0.004978	0.008850	0.004425	0.005531	0.006084	0.013827	0.051438	0.013274	0.016593	0.032080	0.022124	0.012168	0.025442	0.023783	0.038717	0.021018	0.015487	0.017146	0.012721	0.008296	0.016040	0.049779	0.020465	0.005531	0.004425	0.015487	0.027655	0.013827	0.023783	0.018805	0.017699	0.017146	0.008296	0.010509	0.004425	0.003872	0.012168	0.028208	0.019358	0.003319	0.002765	0.013827	0.023230	0.013827	0.033739	0.012721	0.028208	0.016040	0.009956	0.014934	0.011615	0.009403	0.014381	0.033186	
0.036504	0.021018	0.021018	0.036504	0.005531	0.007190	0.011615	0.003872	0.002765	0.018805	0.004978	0.005531	0.025442	0.029867	0.017146	0.006084	0.027655	0.025996	0.012721	0.021571	0.011062	0.012721	0.015487	0.003872	0.013827	0.034292	0.019912	0.030420	0.000553	0.034845	0.014934	0.017146	0.014381	0.028761	0.021018	0.029867	0.007743	0.019358	0.029314	0.009956	0.008296	0.016593	0.003319	0.010509	0.014381	0.012721	0.006084	0.018252	0.016040	0.006637	0.005531	0.004978	0.000553	0.015487	0.007743	0.003319	0.006084	0.019358	0.009403	0.013827	0.000553	0.050885	0.026549	0.047013	
0.026549	0.031527	0.017699	0.018805	0.026549	0.014934	0.024889	0.016040	0.007190	0.033186	0.011615	0.008296	0.017699	0.027655	0.031527	0.016040	0.009956	0.003319	0.005531	0.006084	0.011615	0.006637	0.023230	0.013274	0.013274	0.023230	0.018252	0.009403	0.005531	0.004978	0.004425	0.006084	0.009403	0.004425	0.007190	0.009956	0.014934	0.030420	0.025442	0.018252	0.010509	0.011615	0.008296	0.007190	0.011615	0.019358	0.012721	0.016593	0.016593	0.007743	0.007743	0.008850	0.041482	0.025996	0.033186	0.027655	0.016040	0.019912	0.014381	0.014381	0.014934	0.029314	0.017699	0.026549	
0.025442	0.012168	0.009403	0.015487	0.014934	0.007190	0.018252	0.006637	0.011062	0.011615	0.005531	0.009956	0.006084	0.007743	0.011615	0.018252	0.041482	0.008296	0.016040	0.028761	0.026549	0.011062	0.022124	0.018252	0.035951	0.017146	0.022677	0.030973	0.012168	0.008296	0.011615	0.043142	0.023230	0.006637	0.002765	0.014381	0.024336	0.016040	0.023230	0.024336	0.014934	0.016040	0.008296	0.013274	0.003319	0.003872	0.006084	0.025996	0.021571	0.002765	0.003872	0.021571	0.025996	0.015487	0.027102	0.012721	0.021571	0.018805	0.011062	0.014934	0.009403	0.008850	0.012168	0.034845	
0.028761	0.021018	0.027102	0.034845	0.003319	0.009403	0.011615	0.005531	0.006637	0.016040	0.004978	0.004425	0.025442	0.029314	0.013274	0.012168	0.031527	0.021018	0.016593	0.022677	0.014934	0.012721	0.018252	0.003872	0.015487	0.033186	0.017699	0.024336	0.000553	0.028761	0.012721	0.019912	0.012721	0.026549	0.012721	0.031527	0.006637	0.019358	0.029867	0.007743	0.009403	0.024336	0.002212	0.011615	0.009403	0.027655	0.009956	0.022124	0.013274	0.009403	0.005531	0.002765	0.000553	0.014934	0.008850	0.004425	0.007743	0.009403	0.008850	0.015487	0.000553	0.054204	0.023783	0.043695	
0.025996	0.027655	0.015487	0.017146	0.023230	0.014381	0.024889	0.015487	0.011062	0.037611	0.004425	0.008850	0.018252	0.028208	0.027655	0.017699	0.006637	0.004425	0.003872	0.010509	0.013827	0.006084	0.021571	0.014934	0.014381	0.022677	0.022677	0.008850	0.001106	0.006637	0.008296	0.005531	0.013827	0.008296	0.006637	0.010509	0.019912	0.021571	0.024336	0.017146	0.011062	0.013274	0.004978	0.004425	0.009956	0.017146	0.010509	0.018252	0.012168	0.007190	0.006637	0.009956	0.032633	0.033186	0.042588	0.031527	0.011062	0.022124	0.013274	0.013274	0.012721	0.029867	0.026549	0.028761	
0.025996	0.007190	0.004978	0.020465	0.018252	0.004425	0.016593	0.008296	0.010509	0.007743	0.004425	0.009956	0.010509	0.009403	0.008296	0.019912	0.034292	0.011615	0.015487	0.028208	0.019912	0.011615	0.026549	0.017146	0.047013	0.024889	0.021018	0.020465	0.008296	0.013827	0.014934	0.042035	0.016040	0.008850	0.003319	0.019358	0.027102	0.018805	0.027655	0.022124	0.013827	0.009956	0.007743	0.013827	0.000553	0.005531	0.009403	0.019912	0.013274	0.006084	0.005531	0.017146	0.027655	0.017699	0.024889	0.011615	0.030973	0.016593	0.010509	0.014934	0.008296	0.008296	0.011615	0.042035	
0.023783	0.016593	0.016040	0.033186	0.002765	0.013274	0.011615	0.006084	0.004425	0.016593	0.003319	0.004978	0.022677	0.032080	0.010509	0.019912	0.023783	0.031527	0.018252	0.019358	0.012168	0.015487	0.021018	0.003872	0.014934	0.034845	0.024889	0.021018	0.000553	0.030420	0.008850	0.019358	0.016040	0.029867	0.019358	0.037058	0.004425	0.022124	0.019358	0.013274	0.009403	0.022677	0.003319	0.008296	0.013827	0.022677	0.011062	0.011615	0.013827	0.006637	0.004425	0.002765	0.000553	0.014381	0.011615	0.010509	0.005531	0.016593	0.007743	0.014381	0.000553	0.054757	0.023783	0.044801	
0.024336	0.026549	0.012168	0.014381	0.024336	0.017699	0.025996	0.016593	0.012168	0.025996	0.010509	0.009403	0.009956	0.028761	0.036504	0.017146	0.004425	0.004425	0.002765	0.008296	0.016593	0.004978	0.026549	0.017146	0.014934	0.018805	0.018805	0.011062	0.006084	0.006637	0.010509	0.010509	0.012721	0.007743	0.004425	0.009403	0.019358	0.027655	0.024889	0.018805	0.008296	0.016593	0.008850	0.005531	0.009403	0.016040	0.012721	0.010509	0.010509	0.009403	0.007190	0.010509	0.035951	0.033186	0.040929	0.029867	0.012168	0.021571	0.011062	0.009403	0.016593	0.031527	0.019912	0.027655	
0.021571	0.007190	0.004978	0.018252	0.018252	0.008296	0.013274	0.008296	0.007190	0.009403	0.004978	0.004978	0.010509	0.003319	0.011062	0.017699	0.034845	0.016040	0.013274	0.032080	0.025996	0.014381	0.029867	0.013274	0.043142	0.029314	0.021571	0.024336	0.008850	0.010509	0.016593	0.046460	0.019912	0.007743	0.004978	0.014934	0.024889	0.013274	0.022677	0.022124	0.011062	0.011615	0.009956	0.016593	0.002765	0.005531	0.006637	0.020465	0.012721	0.006637	0.006084	0.016593	0.030420	0.014934	0.028761	0.008850	0.027102	0.017146	0.014934	0.020465	0.012168	0.007743	0.009956	0.035951	
0.027655	0.013827	0.017699	0.029867	0.004978	0.013827	0.013827	0.004978	0.003872	0.015487	0.003872	0.006084	0.021571	0.034292	0.012721	0.013274	0.034292	0.024336	0.014934	0.025996	0.012721	0.018252	0.017146	0.002765	0.013274	0.030973	0.019358	0.030973	0.000553	0.027102	0.010509	0.014381	0.009956	0.024889	0.022677	0.030973	0.008296	0.019912	0.024336	0.014934	0.006084	0.032633	0.002212	0.010509	0.017146	0.025996	0.007743	0.015487	0.016040	0.010509	0.003319	0.004425	0.000553	0.013827	0.006637	0.006084	0.006084	0.017146	0.007190	0.013827	0.000553	0.058075	0.019358	0.042588	
