>NC_002655
0.000375	0.000375	0.000375	0.000375	0.000375	0.000375	0.000375	0.000375	0.000375	0.000375	0.000375	0.000375	0.000375	0.000375	0.000375	0.000375	0.000375	0.000375	0.000375	0.000375	0.000375	0.000375	0.000375	0.000375	0.000375	0.000375	0.000375	0.000375	0.076144	0.000375	0.000375	0.000375	0.000375	0.000375	0.000375	0.000375	0.000375	0.000375	0.000375	0.000375	0.000375	0.000375	0.000375	0.000375	0.000375	0.000375	0.000375	0.000375	0.000375	0.000375	0.000375	0.000375	0.327082	0.000375	0.000375	0.000375	0.000375	0.000375	0.000375	0.000375	0.597899	0.000375	0.000375	0.000375	
0.000375	0.000375	0.000375	0.000375	0.000375	0.000375	0.000375	0.000375	0.000375	0.000375	0.000375	0.000375	0.000375	0.000375	0.000375	0.000375	0.049887	0.062641	0.116654	0.099025	0.000375	0.000375	0.000375	0.000375	0.000375	0.000375	0.000375	0.000375	0.000375	0.000375	0.000375	0.000375	0.000375	0.000375	0.000375	0.000375	0.000375	0.000375	0.000375	0.000375	0.000375	0.000375	0.000375	0.000375	0.000375	0.000375	0.000375	0.000375	0.193923	0.202551	0.093023	0.183796	0.000375	0.000375	0.000375	0.000375	0.000375	0.000375	0.000375	0.000375	0.000375	0.000375	0.000375	0.000375	
0.065266	0.063766	0.028132	0.087397	0.070143	0.051013	0.044636	0.099775	0.048012	0.053263	0.047637	0.061515	0.038635	0.038260	0.054764	0.151913	0.000375	0.000375	0.000375	0.000375	0.000375	0.000375	0.000375	0.000375	0.000375	0.000375	0.000375	0.000375	0.000375	0.000375	0.000375	0.000375	0.000375	0.000375	0.000375	0.000375	0.000375	0.000375	0.000375	0.000375	0.000375	0.000375	0.000375	0.000375	0.000375	0.000375	0.000375	0.000375	0.000375	0.000375	0.000375	0.000375	0.000375	0.000375	0.000375	0.000375	0.000375	0.000375	0.000375	0.000375	0.000375	0.000375	0.000375	0.000375	
0.022881	0.015004	0.011628	0.016879	0.005251	0.021005	0.024006	0.014629	0.007502	0.015379	0.003376	0.003001	0.009752	0.031133	0.024756	0.022881	0.014629	0.012378	0.028132	0.016129	0.015379	0.021005	0.007877	0.007877	0.007127	0.027382	0.009002	0.002251	0.000375	0.036759	0.027007	0.036759	0.021380	0.007877	0.007877	0.012003	0.008252	0.016129	0.020255	0.009752	0.012378	0.025131	0.006752	0.004501	0.010128	0.014629	0.016129	0.021755	0.015754	0.010503	0.006002	0.007502	0.000375	0.016504	0.013128	0.009377	0.012003	0.033383	0.007877	0.002626	0.000375	0.047262	0.031133	0.074269	
0.022506	0.025131	0.010128	0.016129	0.012378	0.014629	0.009377	0.009377	0.012003	0.019505	0.013128	0.009002	0.015754	0.014629	0.011253	0.010878	0.004501	0.007127	0.012003	0.005626	0.013128	0.021005	0.019880	0.020630	0.013503	0.025131	0.010503	0.016504	0.007127	0.010878	0.012378	0.011253	0.007877	0.009002	0.009002	0.013128	0.021380	0.033383	0.022506	0.024006	0.004126	0.012003	0.001500	0.009377	0.001500	0.004126	0.004126	0.002626	0.006002	0.008627	0.003001	0.003001	0.042011	0.033758	0.024006	0.030383	0.024756	0.033758	0.019130	0.021755	0.036009	0.052513	0.028882	0.038635	
0.007502	0.012753	0.005626	0.015004	0.018005	0.007877	0.010128	0.013878	0.007127	0.009377	0.007127	0.010503	0.004876	0.007127	0.011253	0.014629	0.020255	0.014254	0.024756	0.029632	0.024381	0.017254	0.026632	0.034509	0.013878	0.023256	0.013128	0.025131	0.007877	0.015004	0.023631	0.037884	0.013128	0.012753	0.007502	0.021005	0.031133	0.013503	0.027007	0.018755	0.007127	0.017254	0.008252	0.011628	0.011628	0.007877	0.014629	0.022506	0.016879	0.016129	0.006752	0.021005	0.031508	0.012753	0.017254	0.020630	0.015004	0.015004	0.011628	0.015004	0.010503	0.006752	0.010878	0.035259	
0.016879	0.017629	0.006752	0.016504	0.007127	0.016504	0.018005	0.014254	0.009752	0.017629	0.006002	0.011253	0.015379	0.025881	0.015379	0.030008	0.016879	0.024756	0.042011	0.021380	0.012378	0.016129	0.010878	0.012003	0.011628	0.036384	0.015004	0.018005	0.000375	0.025131	0.037134	0.025131	0.011628	0.009377	0.007127	0.014629	0.008252	0.019880	0.017629	0.019130	0.008627	0.016879	0.003376	0.010878	0.013878	0.018005	0.010503	0.019880	0.011628	0.010503	0.002626	0.010128	0.000375	0.017629	0.006377	0.012378	0.010503	0.030008	0.006752	0.013128	0.000375	0.039010	0.016504	0.054389	
0.016504	0.021005	0.007127	0.012003	0.012003	0.025131	0.013878	0.011253	0.013878	0.022131	0.008627	0.013878	0.015004	0.016129	0.014254	0.017254	0.005626	0.005251	0.010878	0.006377	0.015379	0.018005	0.018005	0.018755	0.010878	0.017629	0.014254	0.009752	0.010128	0.012753	0.021005	0.013878	0.011628	0.006752	0.009377	0.012753	0.019880	0.038635	0.020630	0.021755	0.009752	0.010128	0.004876	0.006377	0.011253	0.009752	0.011253	0.021005	0.012753	0.006377	0.006002	0.004876	0.035634	0.029632	0.024756	0.018005	0.024006	0.024006	0.013503	0.018005	0.035259	0.039010	0.026632	0.028882	
0.014629	0.009377	0.007127	0.015379	0.015754	0.005626	0.008252	0.009752	0.007127	0.010128	0.009752	0.006377	0.007877	0.003751	0.006752	0.018005	0.025131	0.016129	0.018005	0.023631	0.036384	0.013128	0.027382	0.034509	0.013878	0.019505	0.019505	0.024381	0.006377	0.007127	0.021380	0.034884	0.015004	0.011253	0.010128	0.022131	0.024381	0.013878	0.015004	0.020255	0.007127	0.014254	0.006377	0.013503	0.009752	0.004501	0.014629	0.019130	0.024756	0.015004	0.009377	0.022506	0.028132	0.015754	0.013503	0.020255	0.020630	0.019130	0.015754	0.017629	0.020630	0.007502	0.014629	0.038260	
0.024006	0.019880	0.009002	0.026632	0.007502	0.014254	0.020630	0.009002	0.006377	0.016879	0.010503	0.010878	0.022131	0.024381	0.017254	0.019880	0.022506	0.025506	0.037884	0.018755	0.017629	0.015004	0.010128	0.005626	0.007877	0.025506	0.018005	0.012753	0.000375	0.036009	0.026257	0.022131	0.015379	0.009377	0.009002	0.015004	0.009752	0.019130	0.019130	0.015004	0.007877	0.019130	0.008627	0.015754	0.017254	0.014254	0.011628	0.018755	0.018380	0.013878	0.003751	0.008627	0.000375	0.010878	0.003751	0.007877	0.010128	0.024756	0.011253	0.011253	0.000375	0.042761	0.018380	0.048762	
0.021005	0.025506	0.015379	0.018755	0.016879	0.025506	0.013128	0.013128	0.019505	0.016879	0.007502	0.015754	0.023256	0.021005	0.009752	0.015004	0.005626	0.008627	0.015379	0.005251	0.013878	0.017254	0.013503	0.014254	0.013503	0.019130	0.009752	0.011253	0.005626	0.012003	0.010128	0.009752	0.010128	0.007502	0.005251	0.009377	0.015379	0.029257	0.018380	0.022881	0.010878	0.015004	0.008252	0.014254	0.011253	0.013503	0.010878	0.015004	0.015754	0.004126	0.009752	0.010128	0.032633	0.039760	0.021005	0.024381	0.019505	0.024006	0.010503	0.020255	0.029632	0.035259	0.019505	0.025131	
0.016879	0.012378	0.004501	0.018380	0.017254	0.007502	0.009752	0.011253	0.010503	0.011253	0.010128	0.013878	0.006752	0.006002	0.009752	0.021005	0.025506	0.012378	0.017629	0.023256	0.034509	0.017254	0.022506	0.037509	0.018755	0.022506	0.012378	0.012378	0.009377	0.016129	0.016504	0.032633	0.018755	0.014629	0.005251	0.024756	0.020630	0.012003	0.018755	0.023631	0.008252	0.009002	0.008252	0.010503	0.012378	0.004501	0.016129	0.028507	0.021005	0.017254	0.009002	0.022506	0.026257	0.012753	0.019880	0.023256	0.014254	0.012378	0.011628	0.012003	0.015379	0.009002	0.013878	0.026632	
0.024381	0.025506	0.007502	0.024756	0.004876	0.018380	0.022506	0.010878	0.008627	0.012378	0.008252	0.007127	0.019880	0.026257	0.014254	0.028507	0.016879	0.023631	0.037884	0.020630	0.017254	0.017629	0.007502	0.006752	0.010878	0.028882	0.019130	0.012003	0.000375	0.030008	0.032258	0.033008	0.011253	0.013878	0.008252	0.018380	0.007127	0.017629	0.017629	0.012753	0.004876	0.015754	0.006752	0.015004	0.011253	0.013878	0.006752	0.016879	0.012753	0.017254	0.005626	0.008252	0.000375	0.020630	0.005251	0.009377	0.012378	0.019505	0.015004	0.009377	0.000375	0.042386	0.015754	0.050263	
0.016879	0.025506	0.011628	0.011253	0.024756	0.027382	0.014629	0.013503	0.013878	0.018755	0.013878	0.012378	0.019505	0.017254	0.014629	0.020630	0.005626	0.006752	0.010878	0.006002	0.016504	0.019880	0.017629	0.020630	0.013503	0.019880	0.009002	0.010503	0.007877	0.011628	0.009002	0.011253	0.010503	0.008252	0.007877	0.010128	0.018755	0.024756	0.021005	0.012003	0.011628	0.017629	0.006752	0.013128	0.010878	0.012003	0.007877	0.012753	0.012378	0.005626	0.007127	0.006752	0.036384	0.035259	0.020255	0.020630	0.018755	0.021380	0.012378	0.016504	0.040510	0.031883	0.025131	0.031133	
0.012378	0.009377	0.009752	0.013878	0.014254	0.006002	0.012003	0.013878	0.009002	0.009752	0.009752	0.009002	0.009752	0.002251	0.007127	0.015004	0.034134	0.015379	0.016879	0.030383	0.031883	0.013503	0.027382	0.034509	0.019880	0.018380	0.014254	0.021005	0.007127	0.007502	0.021005	0.031133	0.019130	0.013128	0.008627	0.016879	0.022881	0.011628	0.025506	0.017254	0.010878	0.013503	0.006752	0.010878	0.012003	0.003376	0.010128	0.027007	0.032258	0.014254	0.009002	0.023631	0.025881	0.009752	0.020255	0.016879	0.019880	0.018005	0.009002	0.009377	0.016504	0.009752	0.011628	0.037884	
0.023631	0.022881	0.013878	0.037509	0.004876	0.017254	0.019505	0.010503	0.008252	0.015004	0.006752	0.014254	0.018005	0.029632	0.011628	0.025506	0.012378	0.024756	0.035259	0.022506	0.017629	0.011253	0.006752	0.005251	0.010503	0.039385	0.018005	0.017254	0.000375	0.028507	0.035634	0.018005	0.018005	0.013503	0.008627	0.019505	0.007502	0.018755	0.017629	0.016129	0.005626	0.015379	0.008627	0.010128	0.011253	0.013878	0.005626	0.019505	0.018755	0.010503	0.005251	0.010878	0.000375	0.008627	0.004876	0.009377	0.009002	0.018005	0.009002	0.013878	0.000375	0.046137	0.021005	0.043511	
0.020255	0.023631	0.013878	0.015004	0.018755	0.024006	0.015754	0.013128	0.016504	0.025131	0.008627	0.012753	0.027382	0.027382	0.016129	0.019505	0.006002	0.005626	0.012753	0.006002	0.012378	0.012003	0.016879	0.014629	0.011628	0.017629	0.010878	0.008627	0.005626	0.009002	0.016879	0.009752	0.008627	0.007502	0.006377	0.011253	0.020255	0.024381	0.020630	0.022881	0.011253	0.014629	0.003751	0.012753	0.010878	0.016504	0.012753	0.015754	0.011628	0.008252	0.004876	0.004876	0.037134	0.026632	0.029632	0.024756	0.014629	0.029632	0.011628	0.018005	0.030008	0.027382	0.018005	0.031508	
0.016129	0.013503	0.007127	0.009752	0.015754	0.006752	0.011628	0.010878	0.009752	0.009377	0.010503	0.007877	0.010878	0.003376	0.009377	0.013503	0.027757	0.015004	0.019505	0.026257	0.032258	0.010503	0.020255	0.024006	0.017254	0.025131	0.019130	0.021380	0.012378	0.007502	0.017629	0.037884	0.018005	0.013503	0.005251	0.017629	0.028507	0.016129	0.024006	0.018755	0.007502	0.009752	0.006752	0.010878	0.011253	0.004126	0.010503	0.026257	0.028507	0.014254	0.007877	0.023256	0.032633	0.011628	0.019130	0.016879	0.019880	0.015004	0.011628	0.017254	0.017254	0.008627	0.014254	0.036384	
0.024006	0.019130	0.012003	0.035259	0.006377	0.017254	0.019880	0.012753	0.007502	0.013878	0.007502	0.010878	0.017254	0.028132	0.013503	0.018005	0.020630	0.025131	0.037134	0.026257	0.018005	0.013128	0.009002	0.004876	0.009002	0.031133	0.018755	0.015379	0.000375	0.026257	0.023631	0.019880	0.015754	0.010503	0.007877	0.019880	0.006752	0.018755	0.020630	0.013128	0.008627	0.018005	0.004126	0.017254	0.008252	0.016879	0.008252	0.024006	0.018380	0.015004	0.004501	0.013878	0.000375	0.010503	0.007877	0.004876	0.010878	0.021755	0.007502	0.011628	0.000375	0.038260	0.019880	0.055514	
0.021755	0.027382	0.015004	0.014629	0.019505	0.022881	0.015004	0.012378	0.012753	0.023256	0.010878	0.014254	0.024381	0.028132	0.019880	0.022881	0.004501	0.007502	0.011628	0.007877	0.019880	0.015379	0.014254	0.010128	0.014629	0.018755	0.012378	0.011628	0.006377	0.008627	0.011628	0.009002	0.013128	0.009002	0.004876	0.009002	0.024756	0.027382	0.019505	0.013503	0.009752	0.013503	0.006002	0.008627	0.012378	0.015379	0.012753	0.014629	0.007877	0.006002	0.005626	0.006752	0.031508	0.025131	0.029632	0.023256	0.015754	0.021005	0.015754	0.012753	0.031508	0.037884	0.019130	0.028882	
0.010878	0.010503	0.007502	0.018755	0.017254	0.007502	0.013503	0.011628	0.011253	0.007877	0.006752	0.011253	0.009002	0.005251	0.008252	0.015754	0.035259	0.014629	0.021380	0.024006	0.039010	0.008252	0.023256	0.020255	0.022881	0.021005	0.014254	0.020255	0.007127	0.005626	0.017629	0.028882	0.013878	0.014629	0.008252	0.016129	0.029632	0.010128	0.019505	0.017254	0.014254	0.013128	0.008252	0.009377	0.010878	0.004876	0.010878	0.020630	0.022131	0.019130	0.009752	0.023631	0.040510	0.012378	0.017254	0.019880	0.020630	0.010503	0.018380	0.013878	0.016504	0.011628	0.012753	0.034509	
0.024006	0.019880	0.010503	0.027757	0.004501	0.018005	0.026257	0.010503	0.010128	0.018005	0.007877	0.010878	0.014629	0.032633	0.014629	0.020630	0.022131	0.024006	0.054389	0.025881	0.016129	0.010503	0.006752	0.004876	0.006377	0.033383	0.021755	0.012003	0.000375	0.021005	0.034134	0.013503	0.021005	0.013128	0.012753	0.022131	0.004126	0.016129	0.020255	0.012003	0.006752	0.021005	0.004501	0.015754	0.011628	0.011628	0.008627	0.022881	0.017254	0.010503	0.004126	0.011628	0.000375	0.010503	0.006752	0.009752	0.010503	0.020255	0.009377	0.009752	0.000375	0.039385	0.016879	0.043136	
0.025881	0.027007	0.015004	0.016504	0.018005	0.019880	0.016504	0.012753	0.016879	0.029632	0.016504	0.018755	0.021755	0.026632	0.016504	0.022506	0.005251	0.005626	0.009002	0.005251	0.012753	0.011253	0.019880	0.011253	0.015379	0.021755	0.010128	0.012378	0.007127	0.006752	0.012753	0.010503	0.014629	0.006002	0.003751	0.009377	0.021755	0.028882	0.022506	0.019130	0.010503	0.012378	0.009002	0.011628	0.009752	0.012753	0.010503	0.015379	0.009377	0.004501	0.010503	0.002626	0.031508	0.023256	0.028507	0.021755	0.018005	0.025881	0.015004	0.015379	0.023256	0.031883	0.017254	0.027757	
0.019130	0.009002	0.004501	0.022506	0.015004	0.006377	0.008627	0.013128	0.009002	0.007127	0.010878	0.011253	0.006002	0.004126	0.007127	0.016504	0.028507	0.015379	0.016879	0.023256	0.034884	0.012378	0.019130	0.016879	0.027382	0.025131	0.015004	0.020255	0.010128	0.004876	0.014254	0.035634	0.012003	0.021380	0.011253	0.016129	0.024381	0.015754	0.026632	0.022881	0.013128	0.012003	0.012003	0.013503	0.013503	0.005626	0.013503	0.025131	0.018005	0.011253	0.007502	0.025131	0.034134	0.011628	0.016129	0.016129	0.016879	0.014629	0.015379	0.010128	0.019880	0.010128	0.009752	0.036384	
0.018005	0.021380	0.010128	0.028132	0.004501	0.023256	0.018005	0.011253	0.007502	0.017254	0.007502	0.007877	0.021755	0.028132	0.012378	0.024756	0.013503	0.022881	0.046887	0.025131	0.020630	0.011253	0.010503	0.004126	0.006377	0.029257	0.017254	0.017629	0.000375	0.021755	0.027007	0.019880	0.013878	0.014254	0.007877	0.030383	0.007502	0.016504	0.024381	0.010503	0.007877	0.022131	0.008252	0.015004	0.006377	0.022131	0.008252	0.018380	0.022506	0.014629	0.004501	0.007877	0.000375	0.011253	0.008627	0.004501	0.011628	0.017629	0.006752	0.008627	0.000375	0.047637	0.021005	0.044636	
0.015004	0.023631	0.015004	0.014254	0.022131	0.021005	0.016879	0.012753	0.012753	0.024381	0.015754	0.016504	0.021380	0.027007	0.024756	0.018380	0.004126	0.008252	0.011628	0.009002	0.015379	0.016129	0.013878	0.016879	0.013503	0.020255	0.014254	0.013503	0.006002	0.005251	0.011253	0.007877	0.014254	0.005251	0.008252	0.005626	0.023631	0.025506	0.020255	0.016879	0.012378	0.010878	0.007502	0.009002	0.007877	0.011628	0.013503	0.016129	0.012753	0.006377	0.005251	0.004501	0.035634	0.029632	0.025506	0.029257	0.016504	0.024381	0.012753	0.015379	0.024756	0.031508	0.021755	0.029632	
0.015379	0.009002	0.007502	0.014254	0.012378	0.006002	0.013878	0.011628	0.008252	0.010128	0.007877	0.013878	0.007877	0.002626	0.009002	0.013878	0.031508	0.020630	0.021380	0.023256	0.030758	0.012753	0.025506	0.023256	0.018380	0.022131	0.015754	0.020255	0.008252	0.004876	0.019130	0.043511	0.013503	0.015754	0.008252	0.017629	0.027757	0.011253	0.020630	0.020255	0.010878	0.013878	0.010128	0.015379	0.008252	0.004501	0.011253	0.030383	0.021755	0.012753	0.007127	0.018380	0.031508	0.011628	0.015004	0.017254	0.016129	0.018005	0.019505	0.017629	0.017629	0.005626	0.013503	0.035259	
0.022131	0.016879	0.009752	0.033383	0.006752	0.020255	0.022506	0.008627	0.010503	0.018005	0.005626	0.010128	0.018755	0.024756	0.012003	0.018005	0.015004	0.025131	0.043886	0.018380	0.015004	0.010128	0.012378	0.004126	0.005626	0.036384	0.019130	0.013878	0.000375	0.022506	0.032258	0.017254	0.014629	0.011253	0.007127	0.020630	0.004126	0.019130	0.023631	0.017254	0.011628	0.018005	0.009377	0.014254	0.016129	0.022881	0.008627	0.019505	0.016129	0.010128	0.007127	0.007877	0.000375	0.006752	0.004501	0.006002	0.009377	0.023256	0.009752	0.010503	0.000375	0.051763	0.018380	0.052513	
0.022881	0.022131	0.009002	0.013128	0.016879	0.017629	0.018755	0.010128	0.015004	0.022131	0.011628	0.019130	0.020255	0.023256	0.016879	0.019880	0.005251	0.004876	0.011253	0.004876	0.015004	0.013503	0.012378	0.015379	0.012003	0.021380	0.016129	0.013503	0.005251	0.004876	0.018755	0.007127	0.015754	0.007502	0.008627	0.005251	0.024756	0.023631	0.028882	0.018380	0.009752	0.012378	0.009002	0.012753	0.010128	0.010878	0.013503	0.014629	0.014254	0.006752	0.009002	0.005626	0.030383	0.031133	0.031508	0.028507	0.020255	0.020630	0.013503	0.017254	0.029257	0.028507	0.023256	0.025881	
0.019505	0.011628	0.013128	0.013878	0.017254	0.004876	0.009377	0.009752	0.010503	0.010128	0.007877	0.009377	0.005626	0.003001	0.008627	0.011628	0.030758	0.016879	0.017629	0.021755	0.034509	0.009752	0.021380	0.019880	0.026632	0.027757	0.018005	0.019130	0.008627	0.007877	0.018380	0.037134	0.019505	0.012753	0.005626	0.019130	0.024006	0.012378	0.020630	0.019505	0.010503	0.015379	0.009002	0.015379	0.012003	0.005251	0.013878	0.031133	0.025131	0.014629	0.007502	0.017254	0.026257	0.012003	0.014629	0.014629	0.020255	0.019880	0.020255	0.012003	0.012753	0.005251	0.012378	0.037134	
0.027007	0.022881	0.011628	0.033758	0.006002	0.023631	0.017629	0.008627	0.006002	0.021380	0.008252	0.008252	0.016879	0.027007	0.011253	0.016504	0.012753	0.025881	0.041635	0.021755	0.015004	0.013503	0.007502	0.003001	0.005626	0.028507	0.014629	0.017254	0.000375	0.016129	0.028132	0.019130	0.015754	0.014629	0.010128	0.027382	0.007877	0.022881	0.020255	0.022131	0.005626	0.028882	0.004876	0.015754	0.011628	0.015754	0.009752	0.018755	0.011628	0.015379	0.005251	0.006752	0.000375	0.012003	0.004876	0.004126	0.008627	0.021755	0.009377	0.013503	0.000375	0.048012	0.021755	0.046887	
0.019130	0.019130	0.010503	0.018380	0.019505	0.027007	0.016879	0.015379	0.018005	0.028882	0.009002	0.012753	0.028507	0.026632	0.019130	0.015379	0.006377	0.006377	0.009752	0.006752	0.020255	0.012378	0.028882	0.011628	0.011628	0.017629	0.010878	0.010128	0.004876	0.008627	0.013128	0.011253	0.006377	0.004876	0.007127	0.007502	0.031133	0.027757	0.024756	0.017254	0.007127	0.011628	0.008252	0.010128	0.013128	0.012003	0.012753	0.016879	0.009002	0.008627	0.007127	0.004501	0.035634	0.023631	0.026632	0.021005	0.018755	0.022131	0.013878	0.016129	0.027757	0.025506	0.024006	0.024006	
0.009752	0.010878	0.004876	0.015379	0.012753	0.007502	0.009002	0.010503	0.006752	0.012003	0.006377	0.009377	0.008252	0.003751	0.010878	0.014254	0.033758	0.020630	0.021005	0.031133	0.037884	0.012378	0.025881	0.014629	0.020630	0.029632	0.021755	0.024756	0.007127	0.007877	0.017254	0.033008	0.010128	0.013878	0.009002	0.022506	0.028132	0.012378	0.024381	0.015379	0.012378	0.012753	0.006752	0.010503	0.010878	0.003376	0.014254	0.021005	0.023256	0.015379	0.012753	0.022881	0.031883	0.007502	0.016504	0.016879	0.018380	0.017254	0.017254	0.016129	0.015379	0.007877	0.011628	0.032633	
0.018755	0.019880	0.012003	0.026257	0.004126	0.018755	0.027007	0.010503	0.008252	0.021005	0.007877	0.010503	0.018380	0.036384	0.011628	0.025881	0.016504	0.022881	0.047262	0.024006	0.019880	0.010128	0.007127	0.002626	0.006377	0.033008	0.021755	0.014629	0.000375	0.020255	0.023631	0.013128	0.019130	0.009752	0.006752	0.021755	0.005251	0.027757	0.022881	0.016129	0.006752	0.020255	0.005251	0.019130	0.010503	0.024006	0.009752	0.016504	0.015379	0.011253	0.006377	0.008627	0.000375	0.010128	0.008627	0.003751	0.006377	0.029257	0.008627	0.009752	0.000375	0.046887	0.014629	0.039010	
0.021755	0.019505	0.015379	0.013128	0.016504	0.021380	0.013503	0.012378	0.017254	0.027757	0.011628	0.015754	0.022881	0.022881	0.015004	0.019880	0.006752	0.005626	0.013128	0.004126	0.022506	0.008252	0.022131	0.013878	0.016879	0.022131	0.013878	0.012753	0.004501	0.007877	0.013503	0.007127	0.012003	0.004126	0.004501	0.007127	0.030758	0.034134	0.021380	0.017254	0.010878	0.013878	0.010128	0.008627	0.014254	0.017629	0.011253	0.010878	0.014254	0.005626	0.004501	0.005251	0.041260	0.030383	0.029632	0.026257	0.014254	0.017629	0.015004	0.012753	0.031133	0.026257	0.016879	0.020255	
0.015754	0.009752	0.007877	0.021380	0.008252	0.003376	0.009377	0.013878	0.011253	0.009752	0.006377	0.010128	0.007877	0.003001	0.008252	0.010503	0.037884	0.016504	0.025131	0.031508	0.037134	0.010878	0.023631	0.022506	0.014254	0.028882	0.021380	0.022131	0.012753	0.003751	0.014254	0.038635	0.016129	0.014629	0.007502	0.020630	0.025131	0.014254	0.018755	0.023256	0.014254	0.013878	0.009377	0.013128	0.009752	0.005251	0.014629	0.019880	0.026632	0.011628	0.007502	0.027007	0.031133	0.011628	0.013503	0.018380	0.016129	0.014629	0.013503	0.012378	0.012378	0.006752	0.011253	0.027757	
0.030383	0.021005	0.012753	0.032258	0.006752	0.016504	0.022881	0.007127	0.007877	0.024756	0.006752	0.008627	0.024006	0.041635	0.014254	0.020630	0.015004	0.027757	0.040885	0.018005	0.015754	0.010128	0.011253	0.003001	0.008627	0.025881	0.019505	0.011253	0.000375	0.021380	0.039010	0.017254	0.015379	0.012753	0.007127	0.020630	0.006377	0.022506	0.024381	0.013878	0.006377	0.021755	0.005251	0.017254	0.008627	0.020630	0.008252	0.020255	0.017254	0.011253	0.004501	0.009752	0.000375	0.009377	0.005626	0.003376	0.006002	0.024381	0.011253	0.007127	0.000375	0.049137	0.014254	0.033383	
0.027007	0.020255	0.012378	0.018380	0.019880	0.023256	0.016129	0.013503	0.012378	0.030008	0.011253	0.011628	0.020255	0.030758	0.012753	0.016504	0.005251	0.008627	0.013503	0.001875	0.016504	0.008627	0.021380	0.012378	0.013503	0.023256	0.012378	0.014254	0.004126	0.008252	0.010878	0.004126	0.008252	0.008627	0.004501	0.007502	0.029632	0.035634	0.018005	0.013503	0.013878	0.013878	0.006752	0.008252	0.013128	0.009377	0.013128	0.008627	0.016129	0.005251	0.007127	0.004876	0.042386	0.034509	0.031508	0.024006	0.013128	0.025131	0.021380	0.016129	0.024006	0.025131	0.016129	0.026257	
0.013128	0.009377	0.011253	0.022881	0.012003	0.006752	0.012378	0.012003	0.008627	0.014254	0.007127	0.007502	0.007877	0.003376	0.009002	0.012378	0.031883	0.018755	0.026632	0.031133	0.047262	0.009002	0.023631	0.022131	0.012378	0.029257	0.024381	0.021005	0.009002	0.002626	0.013503	0.038260	0.012753	0.013503	0.010128	0.016504	0.029257	0.010503	0.022881	0.029632	0.013878	0.014254	0.010128	0.013878	0.010503	0.003751	0.011253	0.024756	0.021755	0.012378	0.006377	0.021005	0.033758	0.010128	0.013128	0.016504	0.013878	0.015754	0.011628	0.012003	0.011628	0.006752	0.010128	0.026632	
0.022506	0.016129	0.012378	0.028132	0.007127	0.016879	0.020255	0.009752	0.008627	0.023631	0.009752	0.012378	0.022131	0.034884	0.007877	0.026632	0.012003	0.030383	0.055514	0.024756	0.015379	0.013128	0.004501	0.003376	0.005626	0.036009	0.016129	0.014254	0.000375	0.028507	0.034134	0.017254	0.013128	0.010128	0.006377	0.019130	0.006752	0.024006	0.026632	0.016129	0.009002	0.021380	0.006377	0.016504	0.010878	0.020630	0.004876	0.018005	0.015754	0.010503	0.005626	0.007127	0.000375	0.008627	0.003001	0.004501	0.007877	0.017629	0.009002	0.009377	0.000375	0.044636	0.019505	0.037509	
0.017629	0.020630	0.011253	0.013878	0.016129	0.025131	0.014254	0.011628	0.021005	0.027757	0.015379	0.015754	0.015379	0.031508	0.015379	0.016879	0.005251	0.005251	0.014629	0.004501	0.015004	0.015004	0.020255	0.012378	0.010878	0.019880	0.013878	0.009752	0.005251	0.008252	0.012003	0.008252	0.012003	0.004126	0.007127	0.007877	0.027007	0.032258	0.019505	0.020255	0.007877	0.011628	0.006752	0.015004	0.009752	0.014254	0.012378	0.016129	0.014629	0.006002	0.008627	0.004501	0.037134	0.034884	0.033758	0.022506	0.015379	0.025506	0.014254	0.011253	0.029632	0.022506	0.023631	0.023631	
0.016129	0.010128	0.012003	0.011253	0.009752	0.003751	0.011253	0.011253	0.011628	0.010128	0.009002	0.010878	0.006377	0.004501	0.007502	0.012378	0.031133	0.019130	0.016504	0.028507	0.041260	0.012003	0.030758	0.023631	0.023631	0.026632	0.019880	0.017629	0.010128	0.004126	0.017629	0.034884	0.018005	0.015004	0.008252	0.013878	0.027382	0.013503	0.022131	0.021755	0.011628	0.018755	0.008627	0.011253	0.013503	0.006002	0.011628	0.020630	0.018380	0.015754	0.007502	0.018380	0.031883	0.011253	0.012753	0.020630	0.022131	0.015379	0.013878	0.012003	0.011628	0.010503	0.013128	0.029632	
0.022506	0.018755	0.012003	0.030383	0.005251	0.021755	0.023256	0.009752	0.009002	0.018005	0.005626	0.011628	0.012003	0.030008	0.012378	0.017629	0.013503	0.021380	0.049512	0.025881	0.017254	0.013878	0.006752	0.002626	0.006377	0.033008	0.020630	0.016879	0.000375	0.028132	0.034134	0.014629	0.017629	0.019130	0.010503	0.021755	0.008252	0.021005	0.022131	0.019505	0.007877	0.019880	0.004126	0.019505	0.010503	0.016504	0.006752	0.018005	0.015754	0.013878	0.004501	0.007502	0.000375	0.012003	0.006002	0.006752	0.010503	0.022131	0.009377	0.007877	0.000750	0.043886	0.015754	0.037884	
0.021755	0.019130	0.012753	0.015754	0.020255	0.027382	0.014254	0.011253	0.013128	0.031508	0.015004	0.017254	0.019880	0.027007	0.016879	0.021755	0.006002	0.006377	0.014254	0.004501	0.017254	0.019130	0.018755	0.013503	0.013503	0.018005	0.011628	0.015004	0.004876	0.009377	0.014629	0.009752	0.012378	0.007502	0.005251	0.008627	0.020255	0.027382	0.025506	0.020255	0.010878	0.013878	0.006752	0.008252	0.013503	0.013878	0.013878	0.014629	0.007877	0.006002	0.006377	0.003376	0.036009	0.028507	0.028132	0.025881	0.012003	0.027757	0.012378	0.016879	0.026257	0.019880	0.019130	0.022881	
0.015004	0.006752	0.008252	0.018005	0.012753	0.006752	0.009752	0.009752	0.006752	0.010128	0.008252	0.013503	0.008252	0.002251	0.009002	0.012753	0.026632	0.020630	0.018755	0.027757	0.041260	0.013128	0.024756	0.023256	0.021755	0.024756	0.021005	0.018755	0.011628	0.003376	0.018380	0.037509	0.010128	0.013128	0.006002	0.020255	0.032258	0.013503	0.023256	0.022131	0.009002	0.016129	0.008252	0.012378	0.006752	0.007127	0.013503	0.030008	0.022131	0.016129	0.007127	0.019130	0.028507	0.007877	0.015379	0.018005	0.019130	0.013878	0.012003	0.019505	0.014254	0.004876	0.013128	0.037134	
0.017629	0.020630	0.010878	0.024756	0.008627	0.016129	0.021380	0.010503	0.010878	0.012378	0.006752	0.010128	0.019505	0.032258	0.011253	0.022131	0.012753	0.031883	0.044261	0.025881	0.016129	0.012378	0.008627	0.003751	0.009377	0.031508	0.017254	0.015004	0.000375	0.023256	0.034134	0.015379	0.011253	0.015379	0.007502	0.022506	0.006002	0.024381	0.022506	0.012003	0.010878	0.015004	0.005626	0.017629	0.010503	0.020255	0.012378	0.020630	0.014629	0.013128	0.005626	0.007502	0.000375	0.008627	0.004876	0.003751	0.009752	0.021380	0.014254	0.008627	0.000375	0.054014	0.021380	0.041635	
0.018005	0.014629	0.012378	0.011253	0.019880	0.027757	0.019880	0.013503	0.015754	0.027382	0.009752	0.015379	0.017629	0.027757	0.017254	0.018005	0.005251	0.004876	0.015754	0.005251	0.018755	0.014254	0.018005	0.010503	0.014254	0.015754	0.017254	0.010128	0.004876	0.004876	0.012378	0.007877	0.016504	0.008627	0.008252	0.007127	0.023631	0.023256	0.018380	0.015004	0.012003	0.016129	0.007877	0.007877	0.012378	0.014254	0.010878	0.013503	0.009752	0.011628	0.004876	0.004126	0.037884	0.028882	0.034884	0.028132	0.021380	0.030008	0.013878	0.013503	0.030008	0.019880	0.022131	0.027757	
0.011253	0.010128	0.013128	0.015379	0.017629	0.004876	0.007877	0.009377	0.010878	0.009377	0.012378	0.008627	0.006752	0.001875	0.007127	0.012003	0.029257	0.020630	0.018380	0.031883	0.040510	0.011628	0.024006	0.018005	0.019130	0.028507	0.021755	0.021755	0.008627	0.005251	0.017629	0.035634	0.016129	0.012003	0.011253	0.023631	0.027382	0.011253	0.027382	0.023256	0.008627	0.013878	0.010128	0.016129	0.009752	0.003001	0.014629	0.019505	0.023631	0.012003	0.005626	0.023631	0.028507	0.008252	0.016504	0.013503	0.017629	0.015379	0.016129	0.013878	0.014629	0.010128	0.011253	0.031133	
0.022506	0.019130	0.011628	0.027007	0.004126	0.014629	0.028132	0.007877	0.008627	0.019505	0.010503	0.009752	0.019130	0.041260	0.012753	0.021755	0.012753	0.030383	0.047262	0.023631	0.016879	0.009377	0.007502	0.002251	0.007877	0.027382	0.022506	0.018005	0.000375	0.021005	0.026632	0.016129	0.013878	0.013878	0.010128	0.018380	0.005626	0.029632	0.020255	0.011628	0.009002	0.027007	0.006377	0.018005	0.011628	0.025506	0.008252	0.015004	0.019505	0.012003	0.003001	0.005626	0.000375	0.009752	0.005626	0.004876	0.008252	0.027382	0.007877	0.007127	0.000750	0.042011	0.015004	0.040510	
0.021005	0.026257	0.011253	0.010128	0.024006	0.022506	0.017629	0.011253	0.016504	0.031133	0.013503	0.010878	0.025131	0.021005	0.016504	0.012003	0.004501	0.004876	0.011253	0.006377	0.016504	0.016504	0.016879	0.013128	0.015754	0.021755	0.013503	0.010503	0.003376	0.003751	0.013503	0.006002	0.009377	0.007502	0.008627	0.008252	0.024756	0.026632	0.026632	0.023256	0.013878	0.013503	0.009377	0.010503	0.015004	0.012753	0.010128	0.015379	0.010128	0.008252	0.008627	0.004876	0.040135	0.034134	0.031508	0.024006	0.013503	0.021005	0.013878	0.014254	0.025881	0.026632	0.020630	0.020630	
0.013128	0.008627	0.008252	0.015004	0.014629	0.005251	0.013128	0.013878	0.011628	0.011628	0.008252	0.008252	0.009377	0.002626	0.006002	0.011628	0.033758	0.024756	0.019130	0.028132	0.041635	0.009752	0.028507	0.019880	0.024006	0.022506	0.021755	0.024381	0.007127	0.004126	0.019505	0.040885	0.014629	0.015004	0.009752	0.019880	0.035634	0.012753	0.025506	0.013878	0.010878	0.013878	0.012003	0.013503	0.010503	0.003001	0.011253	0.021380	0.023631	0.012753	0.010503	0.022506	0.027007	0.006377	0.013128	0.017629	0.013128	0.017629	0.016504	0.013503	0.014629	0.005626	0.008627	0.025131	
0.019130	0.019880	0.011628	0.034509	0.005251	0.022881	0.021005	0.012003	0.008627	0.018380	0.007127	0.013503	0.019130	0.038635	0.011628	0.016129	0.019505	0.028132	0.050263	0.021005	0.015379	0.011253	0.004876	0.002626	0.007502	0.032258	0.022131	0.018380	0.000375	0.018005	0.033008	0.013878	0.016129	0.016879	0.009377	0.017254	0.007502	0.023631	0.017629	0.016879	0.011628	0.022881	0.004501	0.019505	0.012003	0.020255	0.009002	0.018380	0.015754	0.016504	0.002251	0.007127	0.000375	0.006377	0.004501	0.004126	0.006377	0.020255	0.008627	0.010128	0.000375	0.048387	0.013128	0.037134	
0.022506	0.024006	0.010878	0.013128	0.026632	0.027007	0.015004	0.012753	0.017629	0.028132	0.012378	0.015379	0.021005	0.026257	0.017254	0.015004	0.004876	0.007502	0.011628	0.004501	0.013878	0.013878	0.021380	0.015004	0.012753	0.014629	0.010503	0.010128	0.005626	0.005251	0.017629	0.007127	0.011628	0.007127	0.007127	0.008252	0.033008	0.025506	0.022131	0.012753	0.008627	0.012378	0.010878	0.010878	0.015379	0.014254	0.018755	0.013128	0.009752	0.008627	0.007502	0.006002	0.040885	0.028882	0.030758	0.024756	0.016879	0.024381	0.013128	0.012378	0.024756	0.020630	0.019505	0.020630	
0.016129	0.010128	0.009377	0.013128	0.016879	0.005251	0.013128	0.012003	0.010128	0.010503	0.007877	0.008627	0.005251	0.004501	0.009002	0.013128	0.037509	0.017254	0.024006	0.036009	0.037884	0.013503	0.025506	0.018380	0.021005	0.025881	0.018755	0.023631	0.004876	0.003001	0.024756	0.032633	0.014254	0.008627	0.011628	0.021380	0.026257	0.012003	0.023631	0.017629	0.012378	0.013128	0.009377	0.012003	0.008627	0.005626	0.011628	0.022881	0.024006	0.011628	0.007877	0.023256	0.031883	0.005626	0.016129	0.012753	0.018380	0.020630	0.016879	0.017254	0.012378	0.006002	0.010878	0.026632	
0.022881	0.022881	0.013878	0.032258	0.004876	0.019505	0.016129	0.007127	0.013878	0.016879	0.011253	0.010878	0.017629	0.034134	0.017629	0.024381	0.014254	0.026257	0.048012	0.024381	0.014629	0.010503	0.009377	0.001875	0.007502	0.030008	0.024756	0.016129	0.000375	0.020630	0.028882	0.010878	0.014629	0.015004	0.006752	0.025506	0.006002	0.023631	0.024756	0.015754	0.007877	0.020630	0.004126	0.020255	0.010128	0.019505	0.011628	0.020255	0.011253	0.007127	0.004876	0.007877	0.000375	0.011628	0.002626	0.004501	0.008252	0.027007	0.011253	0.009752	0.000375	0.041635	0.016504	0.036759	
0.018005	0.017629	0.009377	0.018005	0.019130	0.023256	0.016879	0.012003	0.015754	0.028132	0.011628	0.017629	0.023256	0.025881	0.020255	0.020630	0.004126	0.005626	0.010878	0.005251	0.015379	0.013128	0.024756	0.012003	0.012003	0.016504	0.013878	0.010503	0.005626	0.004876	0.016879	0.001875	0.012003	0.009002	0.007127	0.009752	0.026257	0.024381	0.021755	0.022131	0.012003	0.016879	0.010503	0.011628	0.010128	0.018005	0.015754	0.013503	0.008627	0.004876	0.009752	0.005626	0.037134	0.029632	0.029257	0.019880	0.022131	0.024756	0.012753	0.015004	0.022131	0.020630	0.024006	0.025131	
0.015004	0.011628	0.005251	0.010878	0.009752	0.004501	0.010878	0.012003	0.013503	0.010503	0.005626	0.007502	0.009002	0.003751	0.008252	0.017629	0.027382	0.018005	0.014629	0.037884	0.029257	0.010878	0.031133	0.019130	0.019505	0.022881	0.024756	0.025506	0.009752	0.004876	0.016504	0.034884	0.017629	0.015754	0.012003	0.016504	0.028882	0.011253	0.027007	0.018755	0.012378	0.008627	0.009002	0.018755	0.008627	0.006002	0.014254	0.025881	0.022881	0.010503	0.007127	0.020630	0.029257	0.010503	0.014629	0.015004	0.027382	0.018380	0.015004	0.016129	0.010503	0.005626	0.014254	0.030758	
0.022131	0.019505	0.012378	0.028882	0.007127	0.018755	0.021755	0.008252	0.008627	0.012003	0.007127	0.011253	0.014254	0.034509	0.012753	0.024381	0.010878	0.021755	0.039010	0.025506	0.016879	0.009377	0.007877	0.003001	0.012003	0.028882	0.025506	0.017254	0.000375	0.019880	0.031508	0.013128	0.017254	0.016879	0.015004	0.023631	0.009002	0.020630	0.016129	0.014629	0.009377	0.019130	0.005626	0.020255	0.014629	0.022506	0.011253	0.019505	0.014629	0.013878	0.003001	0.006377	0.000375	0.009377	0.004876	0.005626	0.007127	0.021380	0.012003	0.012753	0.000750	0.045761	0.021005	0.041635	
0.016129	0.022506	0.012753	0.013503	0.019505	0.024006	0.017629	0.010878	0.018380	0.027757	0.013503	0.010128	0.026257	0.021005	0.019880	0.017254	0.005251	0.009002	0.014254	0.004876	0.017254	0.010128	0.019505	0.011253	0.011628	0.014254	0.013878	0.010878	0.004126	0.005251	0.012003	0.009752	0.009002	0.009377	0.010503	0.008252	0.017629	0.028882	0.017629	0.017254	0.012378	0.016879	0.009002	0.012003	0.020255	0.014629	0.012753	0.013878	0.012753	0.003751	0.007877	0.005626	0.040510	0.025506	0.030383	0.026632	0.015379	0.029632	0.015004	0.016504	0.032258	0.024381	0.019130	0.022881	
0.014629	0.011253	0.004501	0.012753	0.016504	0.006002	0.014254	0.007877	0.012378	0.011253	0.009002	0.012753	0.009377	0.002251	0.006752	0.013878	0.030758	0.020255	0.015754	0.028132	0.040885	0.009752	0.019880	0.018380	0.024006	0.025131	0.020630	0.015004	0.009752	0.003001	0.021005	0.032258	0.013128	0.011628	0.011628	0.021380	0.028882	0.014254	0.026632	0.018755	0.014254	0.014254	0.010503	0.012378	0.009002	0.004126	0.010878	0.025506	0.027382	0.021380	0.005626	0.028507	0.030758	0.004876	0.010128	0.019505	0.019130	0.015004	0.016129	0.013503	0.011253	0.009377	0.012003	0.031133	
0.023631	0.022881	0.009002	0.030383	0.005251	0.024381	0.024381	0.010503	0.007127	0.012378	0.009377	0.008627	0.021380	0.036384	0.014254	0.018755	0.017254	0.026257	0.045011	0.028507	0.013878	0.011628	0.007877	0.001500	0.005626	0.030008	0.021005	0.014254	0.000375	0.024756	0.027382	0.012003	0.019505	0.017254	0.008252	0.024756	0.008627	0.024006	0.017254	0.015754	0.010503	0.024006	0.003376	0.018380	0.008252	0.015379	0.012003	0.018005	0.015004	0.011253	0.005251	0.007877	0.000375	0.012753	0.003376	0.002251	0.009752	0.023631	0.009002	0.008252	0.000375	0.043136	0.019505	0.039760	
