>NC_010610
0.001215	0.001215	0.001215	0.001215	0.001215	0.001215	0.001215	0.001215	0.001215	0.001215	0.001215	0.001215	0.001215	0.001215	0.001215	0.001215	0.001215	0.001215	0.001215	0.001215	0.001215	0.001215	0.001215	0.001215	0.001215	0.001215	0.001215	0.001215	0.275820	0.001215	0.001215	0.001215	0.001215	0.001215	0.001215	0.001215	0.001215	0.001215	0.001215	0.001215	0.001215	0.001215	0.001215	0.001215	0.001215	0.001215	0.001215	0.001215	0.001215	0.001215	0.001215	0.001215	0.110571	0.001215	0.001215	0.001215	0.001215	0.001215	0.001215	0.001215	0.617254	0.001215	0.001215	0.001215	
0.001215	0.001215	0.001215	0.001215	0.001215	0.001215	0.001215	0.001215	0.001215	0.001215	0.001215	0.001215	0.001215	0.001215	0.001215	0.001215	0.029162	0.019441	0.009721	0.055893	0.001215	0.001215	0.001215	0.001215	0.001215	0.001215	0.001215	0.001215	0.001215	0.001215	0.001215	0.001215	0.001215	0.001215	0.001215	0.001215	0.001215	0.001215	0.001215	0.001215	0.001215	0.001215	0.001215	0.001215	0.001215	0.001215	0.001215	0.001215	0.229648	0.183475	0.273390	0.208991	0.001215	0.001215	0.001215	0.001215	0.001215	0.001215	0.001215	0.001215	0.001215	0.001215	0.001215	0.001215	
0.075334	0.037667	0.030377	0.117861	0.030377	0.032807	0.014581	0.127582	0.040097	0.059538	0.030377	0.155529	0.026731	0.023086	0.036452	0.181045	0.001215	0.001215	0.001215	0.001215	0.001215	0.001215	0.001215	0.001215	0.001215	0.001215	0.001215	0.001215	0.001215	0.001215	0.001215	0.001215	0.001215	0.001215	0.001215	0.001215	0.001215	0.001215	0.001215	0.001215	0.001215	0.001215	0.001215	0.001215	0.001215	0.001215	0.001215	0.001215	0.001215	0.001215	0.001215	0.001215	0.001215	0.001215	0.001215	0.001215	0.001215	0.001215	0.001215	0.001215	0.001215	0.001215	0.001215	0.001215	
0.036452	0.014581	0.013366	0.014581	0.004860	0.015796	0.012151	0.008505	0.002430	0.025516	0.002430	0.003645	0.018226	0.064399	0.013366	0.025516	0.004860	0.006075	0.014581	0.008505	0.009721	0.013366	0.007290	0.006075	0.001215	0.008505	0.006075	0.002430	0.001215	0.017011	0.004860	0.108141	0.017011	0.004860	0.007290	0.014581	0.007290	0.036452	0.010936	0.008505	0.003645	0.023086	0.004860	0.002430	0.015796	0.052248	0.026731	0.064399	0.009721	0.003645	0.012151	0.004860	0.001215	0.014581	0.007290	0.003645	0.006075	0.026731	0.006075	0.001215	0.001215	0.061968	0.036452	0.085055	
0.018226	0.012151	0.020656	0.017011	0.007290	0.009721	0.004860	0.007290	0.006075	0.012151	0.013366	0.015796	0.004860	0.013366	0.007290	0.017011	0.008505	0.004860	0.007290	0.002430	0.019441	0.027947	0.014581	0.018226	0.009721	0.012151	0.010936	0.004860	0.010936	0.003645	0.003645	0.008505	0.004860	0.003645	0.003645	0.001215	0.020656	0.019441	0.019441	0.024301	0.004860	0.003645	0.003645	0.007290	0.004860	0.002430	0.001215	0.001215	0.012151	0.009721	0.008505	0.006075	0.059538	0.044957	0.046173	0.044957	0.029162	0.020656	0.024301	0.007290	0.085055	0.076549	0.057108	0.064399	
0.018226	0.012151	0.003645	0.009721	0.008505	0.009721	0.003645	0.008505	0.010936	0.007290	0.009721	0.012151	0.003645	0.001215	0.009721	0.012151	0.026731	0.014581	0.021871	0.043742	0.026731	0.018226	0.010936	0.046173	0.020656	0.014581	0.019441	0.030377	0.025516	0.009721	0.004860	0.054678	0.013366	0.012151	0.006075	0.018226	0.013366	0.007290	0.009721	0.018226	0.008505	0.012151	0.008505	0.023086	0.002430	0.006075	0.007290	0.019441	0.041312	0.013366	0.025516	0.025516	0.042527	0.014581	0.013366	0.025516	0.010936	0.023086	0.013366	0.021871	0.023086	0.014581	0.010936	0.042527	
0.015796	0.029162	0.013366	0.041312	0.003645	0.017011	0.020656	0.010936	0.006075	0.023086	0.002430	0.025516	0.015796	0.035237	0.017011	0.029162	0.030377	0.026731	0.015796	0.018226	0.014581	0.015796	0.012151	0.007290	0.002430	0.007290	0.012151	0.015796	0.001215	0.029162	0.021871	0.046173	0.013366	0.014581	0.007290	0.015796	0.001215	0.013366	0.020656	0.021871	0.003645	0.025516	0.009721	0.012151	0.014581	0.014581	0.015796	0.042527	0.027947	0.010936	0.009721	0.006075	0.001215	0.017011	0.007290	0.006075	0.004860	0.013366	0.006075	0.008505	0.001215	0.054678	0.037667	0.035237	
0.014581	0.024301	0.030377	0.018226	0.018226	0.020656	0.024301	0.018226	0.004860	0.009721	0.014581	0.017011	0.012151	0.027947	0.017011	0.024301	0.010936	0.002430	0.004860	0.002430	0.018226	0.019441	0.012151	0.013366	0.010936	0.012151	0.020656	0.017011	0.008505	0.013366	0.010936	0.013366	0.003645	0.003645	0.002430	0.007290	0.015796	0.023086	0.015796	0.014581	0.004860	0.012151	0.004860	0.008505	0.010936	0.013366	0.018226	0.019441	0.009721	0.013366	0.003645	0.006075	0.030377	0.057108	0.015796	0.030377	0.015796	0.025516	0.030377	0.020656	0.036452	0.037667	0.036452	0.042527	
0.012151	0.007290	0.006075	0.013366	0.010936	0.010936	0.003645	0.018226	0.006075	0.010936	0.009721	0.014581	0.002430	0.002430	0.007290	0.021871	0.036452	0.014581	0.009721	0.021871	0.032807	0.018226	0.021871	0.047388	0.020656	0.009721	0.012151	0.025516	0.015796	0.014581	0.010936	0.035237	0.012151	0.008505	0.002430	0.013366	0.020656	0.008505	0.007290	0.023086	0.015796	0.015796	0.018226	0.020656	0.008505	0.013366	0.015796	0.025516	0.023086	0.006075	0.018226	0.020656	0.027947	0.014581	0.024301	0.025516	0.019441	0.015796	0.019441	0.027947	0.025516	0.013366	0.015796	0.044957	
0.024301	0.014581	0.026731	0.018226	0.001215	0.014581	0.004860	0.015796	0.007290	0.015796	0.002430	0.010936	0.019441	0.020656	0.006075	0.023086	0.013366	0.018226	0.027947	0.032807	0.010936	0.023086	0.015796	0.002430	0.012151	0.008505	0.019441	0.017011	0.001215	0.030377	0.017011	0.065614	0.014581	0.027947	0.007290	0.012151	0.006075	0.009721	0.019441	0.017011	0.006075	0.026731	0.009721	0.017011	0.018226	0.018226	0.020656	0.031592	0.026731	0.013366	0.008505	0.003645	0.001215	0.025516	0.014581	0.002430	0.012151	0.017011	0.013366	0.007290	0.001215	0.048603	0.046173	0.031592	
0.013366	0.019441	0.031592	0.014581	0.010936	0.026731	0.018226	0.018226	0.014581	0.023086	0.021871	0.010936	0.009721	0.014581	0.014581	0.027947	0.004860	0.003645	0.004860	0.006075	0.014581	0.030377	0.013366	0.014581	0.009721	0.018226	0.013366	0.013366	0.012151	0.008505	0.009721	0.007290	0.013366	0.007290	0.010936	0.006075	0.012151	0.023086	0.019441	0.013366	0.004860	0.012151	0.015796	0.012151	0.009721	0.012151	0.015796	0.014581	0.007290	0.015796	0.010936	0.006075	0.025516	0.042527	0.020656	0.029162	0.015796	0.018226	0.032807	0.023086	0.037667	0.035237	0.038882	0.040097	
0.008505	0.010936	0.006075	0.013366	0.006075	0.006075	0.014581	0.019441	0.010936	0.010936	0.012151	0.024301	0.006075	0.006075	0.006075	0.014581	0.026731	0.012151	0.006075	0.018226	0.031592	0.023086	0.018226	0.049818	0.012151	0.012151	0.019441	0.027947	0.021871	0.004860	0.012151	0.036452	0.015796	0.009721	0.009721	0.009721	0.024301	0.009721	0.003645	0.034022	0.013366	0.019441	0.014581	0.036452	0.010936	0.004860	0.013366	0.030377	0.035237	0.006075	0.017011	0.010936	0.019441	0.021871	0.012151	0.017011	0.021871	0.015796	0.023086	0.018226	0.020656	0.015796	0.013366	0.040097	
0.025516	0.023086	0.008505	0.029162	0.003645	0.013366	0.012151	0.009721	0.006075	0.013366	0.004860	0.014581	0.007290	0.030377	0.007290	0.007290	0.026731	0.019441	0.020656	0.014581	0.014581	0.027947	0.009721	0.008505	0.003645	0.019441	0.013366	0.012151	0.001215	0.024301	0.020656	0.074119	0.017011	0.009721	0.012151	0.019441	0.003645	0.017011	0.018226	0.019441	0.007290	0.026731	0.010936	0.024301	0.014581	0.034022	0.027947	0.030377	0.034022	0.003645	0.018226	0.003645	0.001215	0.015796	0.006075	0.008505	0.009721	0.009721	0.018226	0.007290	0.001215	0.043742	0.030377	0.046173	
0.023086	0.035237	0.030377	0.014581	0.008505	0.021871	0.018226	0.007290	0.006075	0.013366	0.021871	0.018226	0.008505	0.029162	0.012151	0.017011	0.008505	0.006075	0.006075	0.002430	0.015796	0.023086	0.018226	0.017011	0.007290	0.012151	0.013366	0.013366	0.007290	0.017011	0.010936	0.010936	0.009721	0.006075	0.004860	0.006075	0.007290	0.029162	0.015796	0.017011	0.004860	0.013366	0.015796	0.013366	0.003645	0.018226	0.013366	0.023086	0.010936	0.007290	0.003645	0.002430	0.035237	0.043742	0.021871	0.031592	0.020656	0.021871	0.027947	0.015796	0.047388	0.035237	0.029162	0.046173	
0.017011	0.009721	0.008505	0.017011	0.010936	0.008505	0.007290	0.027947	0.017011	0.007290	0.008505	0.012151	0.003645	0.001215	0.003645	0.017011	0.034022	0.007290	0.009721	0.015796	0.027947	0.025516	0.027947	0.036452	0.015796	0.009721	0.014581	0.034022	0.014581	0.004860	0.007290	0.046173	0.009721	0.012151	0.006075	0.010936	0.013366	0.012151	0.010936	0.024301	0.014581	0.009721	0.025516	0.029162	0.008505	0.002430	0.020656	0.029162	0.032807	0.008505	0.012151	0.013366	0.034022	0.020656	0.014581	0.030377	0.014581	0.010936	0.019441	0.020656	0.021871	0.007290	0.021871	0.046173	
0.021871	0.018226	0.026731	0.026731	0.002430	0.017011	0.009721	0.008505	0.003645	0.018226	0.008505	0.006075	0.002430	0.025516	0.009721	0.019441	0.021871	0.024301	0.015796	0.024301	0.012151	0.025516	0.021871	0.007290	0.008505	0.019441	0.017011	0.015796	0.001215	0.024301	0.019441	0.074119	0.012151	0.013366	0.012151	0.024301	0.003645	0.014581	0.010936	0.008505	0.004860	0.032807	0.010936	0.019441	0.021871	0.021871	0.025516	0.026731	0.025516	0.006075	0.014581	0.002430	0.001215	0.006075	0.004860	0.003645	0.014581	0.020656	0.013366	0.004860	0.001215	0.059538	0.047388	0.030377	
0.012151	0.013366	0.032807	0.023086	0.007290	0.021871	0.017011	0.015796	0.001215	0.031592	0.019441	0.017011	0.008505	0.030377	0.020656	0.018226	0.003645	0.006075	0.007290	0.002430	0.017011	0.019441	0.017011	0.009721	0.007290	0.010936	0.017011	0.012151	0.001215	0.009721	0.009721	0.007290	0.009721	0.007290	0.007290	0.007290	0.010936	0.034022	0.024301	0.021871	0.004860	0.017011	0.012151	0.015796	0.008505	0.008505	0.010936	0.018226	0.009721	0.009721	0.004860	0.002430	0.029162	0.035237	0.030377	0.036452	0.015796	0.027947	0.041312	0.017011	0.024301	0.041312	0.043742	0.041312	
0.010936	0.008505	0.007290	0.008505	0.008505	0.008505	0.003645	0.015796	0.008505	0.015796	0.009721	0.018226	0.003645	0.004860	0.003645	0.023086	0.027947	0.013366	0.007290	0.015796	0.034022	0.025516	0.017011	0.034022	0.027947	0.012151	0.014581	0.034022	0.019441	0.006075	0.017011	0.041312	0.010936	0.003645	0.007290	0.007290	0.029162	0.018226	0.020656	0.019441	0.012151	0.019441	0.017011	0.041312	0.009721	0.003645	0.009721	0.038882	0.020656	0.006075	0.009721	0.006075	0.030377	0.017011	0.017011	0.025516	0.023086	0.009721	0.030377	0.021871	0.017011	0.014581	0.017011	0.036452	
0.017011	0.023086	0.007290	0.023086	0.004860	0.012151	0.006075	0.008505	0.007290	0.013366	0.002430	0.008505	0.003645	0.020656	0.007290	0.006075	0.026731	0.025516	0.021871	0.027947	0.021871	0.017011	0.024301	0.006075	0.007290	0.018226	0.015796	0.017011	0.001215	0.025516	0.013366	0.054678	0.013366	0.018226	0.010936	0.029162	0.004860	0.014581	0.023086	0.014581	0.006075	0.036452	0.007290	0.021871	0.031592	0.032807	0.021871	0.029162	0.029162	0.009721	0.009721	0.001215	0.001215	0.012151	0.010936	0.004860	0.013366	0.012151	0.013366	0.008505	0.001215	0.059538	0.035237	0.043742	
0.012151	0.018226	0.038882	0.017011	0.008505	0.030377	0.023086	0.014581	0.002430	0.015796	0.019441	0.012151	0.020656	0.019441	0.017011	0.024301	0.007290	0.007290	0.013366	0.004860	0.013366	0.017011	0.015796	0.009721	0.006075	0.014581	0.023086	0.020656	0.007290	0.006075	0.004860	0.015796	0.014581	0.006075	0.004860	0.008505	0.018226	0.023086	0.017011	0.021871	0.007290	0.008505	0.013366	0.009721	0.007290	0.015796	0.018226	0.014581	0.009721	0.006075	0.017011	0.004860	0.032807	0.043742	0.034022	0.027947	0.018226	0.017011	0.026731	0.015796	0.037667	0.019441	0.042527	0.034022	
0.019441	0.006075	0.008505	0.009721	0.008505	0.009721	0.008505	0.010936	0.020656	0.012151	0.015796	0.025516	0.009721	0.003645	0.004860	0.017011	0.040097	0.019441	0.006075	0.007290	0.031592	0.020656	0.027947	0.034022	0.023086	0.018226	0.015796	0.032807	0.019441	0.006075	0.007290	0.041312	0.015796	0.003645	0.004860	0.009721	0.019441	0.008505	0.007290	0.020656	0.015796	0.014581	0.017011	0.035237	0.006075	0.006075	0.009721	0.036452	0.030377	0.025516	0.009721	0.007290	0.012151	0.015796	0.013366	0.019441	0.024301	0.013366	0.012151	0.032807	0.015796	0.006075	0.019441	0.047388	
0.027947	0.027947	0.017011	0.032807	0.001215	0.034022	0.008505	0.010936	0.001215	0.013366	0.009721	0.004860	0.003645	0.017011	0.002430	0.010936	0.012151	0.019441	0.018226	0.021871	0.018226	0.015796	0.019441	0.001215	0.009721	0.017011	0.015796	0.014581	0.001215	0.014581	0.015796	0.053463	0.026731	0.017011	0.013366	0.026731	0.003645	0.015796	0.021871	0.017011	0.009721	0.023086	0.004860	0.023086	0.040097	0.034022	0.020656	0.031592	0.025516	0.010936	0.012151	0.002430	0.001215	0.004860	0.009721	0.006075	0.010936	0.013366	0.012151	0.004860	0.001215	0.055893	0.037667	0.047388	
0.018226	0.019441	0.040097	0.014581	0.012151	0.029162	0.021871	0.012151	0.006075	0.014581	0.026731	0.013366	0.006075	0.035237	0.018226	0.024301	0.007290	0.002430	0.012151	0.002430	0.012151	0.014581	0.034022	0.009721	0.013366	0.014581	0.017011	0.014581	0.014581	0.010936	0.003645	0.006075	0.006075	0.007290	0.007290	0.010936	0.010936	0.024301	0.018226	0.013366	0.008505	0.006075	0.019441	0.008505	0.007290	0.014581	0.009721	0.015796	0.009721	0.009721	0.017011	0.009721	0.025516	0.029162	0.034022	0.032807	0.017011	0.021871	0.026731	0.010936	0.042527	0.020656	0.051033	0.029162	
0.015796	0.006075	0.010936	0.008505	0.007290	0.009721	0.008505	0.013366	0.021871	0.013366	0.012151	0.029162	0.003645	0.001215	0.003645	0.029162	0.020656	0.007290	0.017011	0.015796	0.026731	0.019441	0.021871	0.029162	0.020656	0.018226	0.036452	0.032807	0.018226	0.003645	0.009721	0.036452	0.015796	0.010936	0.003645	0.014581	0.013366	0.017011	0.008505	0.018226	0.014581	0.014581	0.021871	0.038882	0.010936	0.003645	0.004860	0.027947	0.030377	0.006075	0.012151	0.021871	0.030377	0.021871	0.007290	0.021871	0.025516	0.015796	0.021871	0.019441	0.009721	0.013366	0.015796	0.036452	
0.015796	0.021871	0.009721	0.035237	0.004860	0.010936	0.009721	0.004860	0.003645	0.020656	0.007290	0.012151	0.009721	0.038882	0.010936	0.001215	0.019441	0.017011	0.023086	0.018226	0.015796	0.020656	0.029162	0.002430	0.004860	0.013366	0.009721	0.018226	0.001215	0.019441	0.017011	0.044957	0.024301	0.019441	0.013366	0.025516	0.008505	0.021871	0.015796	0.015796	0.009721	0.049818	0.008505	0.024301	0.021871	0.038882	0.025516	0.034022	0.015796	0.012151	0.012151	0.002430	0.001215	0.009721	0.006075	0.004860	0.004860	0.009721	0.013366	0.006075	0.001215	0.061968	0.029162	0.037667	
0.012151	0.007290	0.047388	0.008505	0.008505	0.025516	0.024301	0.012151	0.008505	0.012151	0.026731	0.010936	0.009721	0.023086	0.020656	0.027947	0.006075	0.004860	0.010936	0.008505	0.012151	0.021871	0.019441	0.009721	0.009721	0.013366	0.020656	0.017011	0.004860	0.007290	0.008505	0.007290	0.010936	0.006075	0.002430	0.003645	0.019441	0.015796	0.030377	0.027947	0.007290	0.007290	0.012151	0.012151	0.006075	0.017011	0.023086	0.014581	0.015796	0.004860	0.010936	0.002430	0.043742	0.031592	0.043742	0.040097	0.021871	0.013366	0.037667	0.009721	0.032807	0.020656	0.034022	0.030377	
0.020656	0.008505	0.009721	0.006075	0.006075	0.003645	0.003645	0.009721	0.019441	0.014581	0.019441	0.018226	0.008505	0.001215	0.008505	0.004860	0.042527	0.013366	0.004860	0.023086	0.026731	0.018226	0.017011	0.032807	0.035237	0.015796	0.035237	0.031592	0.018226	0.003645	0.006075	0.061968	0.020656	0.010936	0.008505	0.007290	0.010936	0.010936	0.004860	0.019441	0.018226	0.018226	0.025516	0.035237	0.007290	0.006075	0.004860	0.031592	0.024301	0.010936	0.010936	0.007290	0.019441	0.010936	0.012151	0.025516	0.027947	0.009721	0.023086	0.025516	0.025516	0.004860	0.014581	0.035237	
0.024301	0.031592	0.012151	0.040097	0.008505	0.007290	0.018226	0.009721	0.006075	0.019441	0.002430	0.006075	0.008505	0.017011	0.004860	0.013366	0.009721	0.018226	0.017011	0.018226	0.009721	0.015796	0.013366	0.004860	0.004860	0.014581	0.009721	0.008505	0.001215	0.014581	0.021871	0.049818	0.020656	0.031592	0.025516	0.023086	0.006075	0.015796	0.017011	0.019441	0.010936	0.060753	0.007290	0.024301	0.024301	0.032807	0.017011	0.036452	0.027947	0.009721	0.014581	0.007290	0.001215	0.006075	0.004860	0.003645	0.008505	0.014581	0.008505	0.002430	0.001215	0.063183	0.038882	0.030377	
0.019441	0.023086	0.027947	0.012151	0.006075	0.042527	0.027947	0.014581	0.008505	0.025516	0.020656	0.014581	0.010936	0.034022	0.021871	0.021871	0.007290	0.004860	0.010936	0.002430	0.013366	0.010936	0.018226	0.002430	0.010936	0.017011	0.019441	0.006075	0.012151	0.009721	0.008505	0.007290	0.009721	0.010936	0.006075	0.003645	0.023086	0.035237	0.027947	0.023086	0.002430	0.013366	0.008505	0.003645	0.004860	0.008505	0.013366	0.014581	0.008505	0.008505	0.015796	0.002430	0.026731	0.034022	0.025516	0.041312	0.015796	0.026731	0.027947	0.012151	0.035237	0.025516	0.035237	0.034022	
0.015796	0.013366	0.007290	0.008505	0.010936	0.009721	0.008505	0.018226	0.009721	0.008505	0.017011	0.025516	0.006075	0.004860	0.002430	0.007290	0.030377	0.017011	0.009721	0.012151	0.034022	0.021871	0.030377	0.036452	0.034022	0.007290	0.029162	0.029162	0.017011	0.004860	0.006075	0.053463	0.014581	0.010936	0.003645	0.008505	0.023086	0.025516	0.013366	0.020656	0.010936	0.019441	0.021871	0.024301	0.007290	0.003645	0.007290	0.018226	0.023086	0.014581	0.017011	0.008505	0.025516	0.017011	0.012151	0.023086	0.025516	0.008505	0.015796	0.029162	0.023086	0.003645	0.010936	0.040097	
0.017011	0.025516	0.009721	0.031592	0.004860	0.020656	0.014581	0.015796	0.002430	0.021871	0.003645	0.009721	0.007290	0.017011	0.004860	0.008505	0.021871	0.019441	0.030377	0.021871	0.019441	0.019441	0.027947	0.007290	0.006075	0.020656	0.013366	0.024301	0.001215	0.023086	0.021871	0.052248	0.013366	0.019441	0.013366	0.034022	0.007290	0.013366	0.014581	0.008505	0.009721	0.038882	0.008505	0.026731	0.029162	0.041312	0.015796	0.021871	0.021871	0.007290	0.017011	0.007290	0.001215	0.007290	0.003645	0.004860	0.003645	0.008505	0.006075	0.008505	0.001215	0.068044	0.030377	0.019441	
0.017011	0.010936	0.035237	0.010936	0.007290	0.024301	0.020656	0.019441	0.004860	0.020656	0.027947	0.017011	0.010936	0.030377	0.027947	0.025516	0.007290	0.013366	0.007290	0.004860	0.012151	0.010936	0.032807	0.004860	0.012151	0.014581	0.017011	0.017011	0.014581	0.003645	0.010936	0.007290	0.009721	0.006075	0.003645	0.002430	0.014581	0.031592	0.027947	0.015796	0.004860	0.012151	0.007290	0.007290	0.003645	0.020656	0.024301	0.020656	0.013366	0.004860	0.014581	0.006075	0.035237	0.035237	0.035237	0.043742	0.010936	0.013366	0.037667	0.010936	0.020656	0.021871	0.032807	0.026731	
0.014581	0.008505	0.004860	0.019441	0.008505	0.006075	0.003645	0.017011	0.017011	0.009721	0.010936	0.023086	0.008505	0.001215	0.002430	0.012151	0.030377	0.014581	0.010936	0.013366	0.036452	0.012151	0.023086	0.030377	0.030377	0.012151	0.032807	0.041312	0.013366	0.004860	0.025516	0.040097	0.010936	0.004860	0.003645	0.013366	0.017011	0.014581	0.008505	0.020656	0.014581	0.014581	0.026731	0.034022	0.018226	0.003645	0.008505	0.021871	0.018226	0.003645	0.012151	0.015796	0.024301	0.018226	0.017011	0.017011	0.035237	0.009721	0.021871	0.029162	0.026731	0.007290	0.014581	0.031592	
0.017011	0.019441	0.012151	0.025516	0.001215	0.009721	0.010936	0.009721	0.003645	0.013366	0.002430	0.012151	0.017011	0.020656	0.007290	0.017011	0.019441	0.019441	0.026731	0.020656	0.013366	0.017011	0.015796	0.004860	0.007290	0.021871	0.009721	0.013366	0.001215	0.009721	0.018226	0.055893	0.019441	0.023086	0.023086	0.031592	0.002430	0.014581	0.010936	0.018226	0.006075	0.047388	0.006075	0.032807	0.036452	0.040097	0.018226	0.032807	0.029162	0.015796	0.017011	0.004860	0.001215	0.006075	0.004860	0.004860	0.023086	0.015796	0.009721	0.002430	0.001215	0.063183	0.020656	0.020656	
0.019441	0.017011	0.031592	0.017011	0.013366	0.025516	0.023086	0.015796	0.008505	0.021871	0.034022	0.014581	0.010936	0.026731	0.015796	0.029162	0.002430	0.006075	0.007290	0.002430	0.008505	0.018226	0.018226	0.002430	0.008505	0.010936	0.015796	0.007290	0.006075	0.007290	0.012151	0.012151	0.023086	0.008505	0.006075	0.002430	0.012151	0.035237	0.025516	0.025516	0.006075	0.007290	0.008505	0.006075	0.007290	0.021871	0.015796	0.015796	0.012151	0.018226	0.021871	0.003645	0.034022	0.034022	0.035237	0.030377	0.013366	0.014581	0.025516	0.010936	0.031592	0.026731	0.041312	0.026731	
0.017011	0.007290	0.004860	0.027947	0.009721	0.013366	0.007290	0.019441	0.020656	0.021871	0.008505	0.015796	0.006075	0.001215	0.002430	0.015796	0.030377	0.012151	0.006075	0.019441	0.038882	0.024301	0.012151	0.037667	0.020656	0.014581	0.035237	0.031592	0.017011	0.006075	0.012151	0.038882	0.006075	0.013366	0.004860	0.012151	0.017011	0.008505	0.012151	0.017011	0.015796	0.010936	0.025516	0.031592	0.009721	0.002430	0.008505	0.018226	0.020656	0.015796	0.010936	0.008505	0.025516	0.012151	0.019441	0.025516	0.029162	0.008505	0.021871	0.025516	0.020656	0.006075	0.014581	0.042527	
0.020656	0.020656	0.008505	0.024301	0.002430	0.021871	0.013366	0.010936	0.004860	0.009721	0.003645	0.008505	0.010936	0.025516	0.003645	0.027947	0.025516	0.020656	0.025516	0.019441	0.012151	0.025516	0.018226	0.002430	0.004860	0.018226	0.014581	0.013366	0.001215	0.021871	0.020656	0.055893	0.023086	0.021871	0.010936	0.030377	0.004860	0.021871	0.017011	0.012151	0.010936	0.044957	0.006075	0.029162	0.029162	0.029162	0.020656	0.025516	0.024301	0.013366	0.013366	0.002430	0.001215	0.003645	0.003645	0.007290	0.001215	0.014581	0.013366	0.008505	0.001215	0.049818	0.038882	0.025516	
0.017011	0.014581	0.049818	0.012151	0.003645	0.032807	0.023086	0.017011	0.003645	0.014581	0.023086	0.017011	0.009721	0.021871	0.025516	0.019441	0.002430	0.008505	0.008505	0.001215	0.018226	0.014581	0.031592	0.008505	0.004860	0.010936	0.023086	0.013366	0.004860	0.009721	0.008505	0.009721	0.007290	0.006075	0.004860	0.003645	0.020656	0.021871	0.035237	0.009721	0.004860	0.012151	0.012151	0.008505	0.009721	0.019441	0.020656	0.009721	0.006075	0.014581	0.015796	0.006075	0.042527	0.024301	0.034022	0.025516	0.013366	0.018226	0.030377	0.021871	0.029162	0.021871	0.055893	0.027947	
0.014581	0.008505	0.004860	0.004860	0.010936	0.010936	0.004860	0.017011	0.019441	0.015796	0.021871	0.021871	0.001215	0.004860	0.007290	0.009721	0.027947	0.015796	0.012151	0.029162	0.029162	0.017011	0.017011	0.030377	0.042527	0.013366	0.032807	0.035237	0.015796	0.002430	0.013366	0.029162	0.006075	0.010936	0.002430	0.007290	0.013366	0.009721	0.012151	0.020656	0.025516	0.014581	0.020656	0.027947	0.015796	0.004860	0.010936	0.029162	0.026731	0.008505	0.009721	0.008505	0.017011	0.014581	0.013366	0.027947	0.037667	0.009721	0.034022	0.029162	0.017011	0.007290	0.009721	0.032807	
0.010936	0.031592	0.008505	0.024301	0.003645	0.020656	0.013366	0.006075	0.006075	0.010936	0.004860	0.007290	0.006075	0.025516	0.004860	0.013366	0.018226	0.015796	0.010936	0.025516	0.010936	0.017011	0.021871	0.002430	0.008505	0.009721	0.018226	0.010936	0.001215	0.025516	0.024301	0.044957	0.035237	0.025516	0.023086	0.041312	0.004860	0.021871	0.018226	0.008505	0.017011	0.044957	0.012151	0.035237	0.017011	0.049818	0.020656	0.026731	0.020656	0.007290	0.015796	0.006075	0.001215	0.009721	0.006075	0.002430	0.004860	0.014581	0.017011	0.004860	0.001215	0.049818	0.030377	0.019441	
0.012151	0.012151	0.052248	0.008505	0.008505	0.031592	0.025516	0.014581	0.006075	0.012151	0.023086	0.017011	0.007290	0.054678	0.015796	0.019441	0.006075	0.004860	0.006075	0.003645	0.019441	0.019441	0.019441	0.010936	0.012151	0.012151	0.024301	0.010936	0.002430	0.006075	0.006075	0.004860	0.010936	0.010936	0.009721	0.004860	0.012151	0.025516	0.023086	0.019441	0.010936	0.008505	0.020656	0.012151	0.009721	0.018226	0.013366	0.017011	0.002430	0.009721	0.008505	0.004860	0.052248	0.036452	0.037667	0.024301	0.017011	0.017011	0.035237	0.010936	0.030377	0.020656	0.025516	0.027947	
0.008505	0.009721	0.008505	0.004860	0.009721	0.008505	0.006075	0.013366	0.025516	0.012151	0.015796	0.023086	0.003645	0.001215	0.004860	0.012151	0.032807	0.014581	0.020656	0.024301	0.038882	0.015796	0.031592	0.026731	0.020656	0.009721	0.038882	0.036452	0.015796	0.003645	0.015796	0.034022	0.017011	0.014581	0.006075	0.008505	0.017011	0.009721	0.008505	0.014581	0.023086	0.018226	0.025516	0.036452	0.009721	0.002430	0.013366	0.025516	0.019441	0.006075	0.009721	0.014581	0.042527	0.019441	0.020656	0.017011	0.021871	0.008505	0.010936	0.019441	0.018226	0.008505	0.008505	0.034022	
0.019441	0.023086	0.009721	0.025516	0.002430	0.020656	0.012151	0.009721	0.009721	0.020656	0.001215	0.013366	0.002430	0.036452	0.002430	0.010936	0.021871	0.031592	0.031592	0.023086	0.014581	0.017011	0.020656	0.001215	0.007290	0.024301	0.012151	0.023086	0.001215	0.014581	0.018226	0.037667	0.020656	0.024301	0.018226	0.027947	0.002430	0.019441	0.012151	0.014581	0.009721	0.043742	0.014581	0.023086	0.034022	0.038882	0.015796	0.026731	0.026731	0.006075	0.008505	0.006075	0.001215	0.004860	0.006075	0.003645	0.007290	0.014581	0.015796	0.004860	0.001215	0.047388	0.031592	0.025516	
0.010936	0.025516	0.041312	0.010936	0.010936	0.034022	0.024301	0.015796	0.004860	0.020656	0.027947	0.014581	0.012151	0.032807	0.013366	0.024301	0.008505	0.002430	0.008505	0.001215	0.013366	0.009721	0.025516	0.013366	0.014581	0.015796	0.015796	0.004860	0.006075	0.009721	0.007290	0.006075	0.007290	0.013366	0.007290	0.006075	0.013366	0.029162	0.034022	0.026731	0.004860	0.010936	0.019441	0.008505	0.006075	0.025516	0.013366	0.019441	0.014581	0.006075	0.014581	0.003645	0.031592	0.035237	0.037667	0.032807	0.007290	0.017011	0.030377	0.013366	0.018226	0.019441	0.044957	0.018226	
0.013366	0.008505	0.010936	0.008505	0.015796	0.006075	0.006075	0.019441	0.023086	0.006075	0.020656	0.021871	0.006075	0.003645	0.004860	0.007290	0.025516	0.012151	0.013366	0.018226	0.040097	0.018226	0.023086	0.026731	0.023086	0.012151	0.029162	0.057108	0.009721	0.012151	0.009721	0.057108	0.012151	0.004860	0.003645	0.010936	0.024301	0.014581	0.014581	0.010936	0.023086	0.012151	0.026731	0.031592	0.009721	0.001215	0.007290	0.023086	0.017011	0.006075	0.012151	0.007290	0.030377	0.012151	0.014581	0.030377	0.019441	0.012151	0.026731	0.020656	0.017011	0.006075	0.013366	0.031592	
0.014581	0.010936	0.014581	0.027947	0.001215	0.014581	0.009721	0.006075	0.014581	0.014581	0.003645	0.007290	0.007290	0.021871	0.006075	0.009721	0.025516	0.019441	0.032807	0.032807	0.012151	0.014581	0.019441	0.004860	0.009721	0.018226	0.015796	0.014581	0.001215	0.020656	0.010936	0.054678	0.015796	0.025516	0.020656	0.026731	0.004860	0.021871	0.007290	0.008505	0.010936	0.055893	0.010936	0.025516	0.025516	0.047388	0.017011	0.041312	0.021871	0.014581	0.002430	0.003645	0.001215	0.007290	0.009721	0.004860	0.008505	0.013366	0.009721	0.003645	0.001215	0.057108	0.031592	0.029162	
0.017011	0.014581	0.040097	0.006075	0.003645	0.035237	0.014581	0.017011	0.004860	0.020656	0.027947	0.017011	0.006075	0.031592	0.025516	0.027947	0.006075	0.001215	0.009721	0.002430	0.018226	0.013366	0.014581	0.012151	0.007290	0.007290	0.017011	0.014581	0.007290	0.006075	0.004860	0.006075	0.013366	0.014581	0.008505	0.007290	0.015796	0.049818	0.021871	0.014581	0.006075	0.012151	0.017011	0.004860	0.007290	0.018226	0.015796	0.009721	0.008505	0.008505	0.017011	0.001215	0.042527	0.032807	0.038882	0.032807	0.012151	0.012151	0.026731	0.014581	0.038882	0.020656	0.040097	0.035237	
0.015796	0.014581	0.006075	0.008505	0.019441	0.004860	0.001215	0.013366	0.026731	0.014581	0.012151	0.021871	0.006075	0.002430	0.002430	0.006075	0.038882	0.013366	0.013366	0.014581	0.037667	0.026731	0.031592	0.035237	0.020656	0.012151	0.021871	0.035237	0.014581	0.002430	0.014581	0.044957	0.007290	0.010936	0.004860	0.007290	0.012151	0.015796	0.007290	0.017011	0.012151	0.012151	0.027947	0.036452	0.007290	0.001215	0.013366	0.029162	0.018226	0.012151	0.010936	0.018226	0.025516	0.021871	0.010936	0.018226	0.027947	0.014581	0.024301	0.019441	0.020656	0.010936	0.013366	0.034022	
0.019441	0.026731	0.015796	0.018226	0.003645	0.020656	0.013366	0.013366	0.002430	0.010936	0.007290	0.014581	0.010936	0.014581	0.008505	0.014581	0.023086	0.020656	0.030377	0.020656	0.018226	0.021871	0.026731	0.002430	0.007290	0.017011	0.017011	0.009721	0.001215	0.015796	0.019441	0.047388	0.014581	0.029162	0.014581	0.029162	0.003645	0.023086	0.013366	0.013366	0.008505	0.049818	0.007290	0.020656	0.029162	0.040097	0.017011	0.026731	0.020656	0.008505	0.017011	0.002430	0.001215	0.007290	0.003645	0.004860	0.008505	0.017011	0.015796	0.002430	0.001215	0.049818	0.043742	0.019441	
0.013366	0.014581	0.038882	0.010936	0.006075	0.036452	0.036452	0.006075	0.006075	0.014581	0.036452	0.020656	0.008505	0.024301	0.018226	0.019441	0.006075	0.007290	0.009721	0.003645	0.019441	0.010936	0.029162	0.013366	0.012151	0.013366	0.015796	0.015796	0.007290	0.007290	0.010936	0.008505	0.009721	0.004860	0.008505	0.003645	0.009721	0.038882	0.029162	0.017011	0.007290	0.014581	0.014581	0.010936	0.004860	0.013366	0.014581	0.014581	0.010936	0.008505	0.017011	0.006075	0.048603	0.023086	0.035237	0.013366	0.014581	0.029162	0.035237	0.009721	0.032807	0.013366	0.035237	0.026731	
0.014581	0.008505	0.008505	0.008505	0.008505	0.008505	0.004860	0.013366	0.018226	0.021871	0.008505	0.025516	0.003645	0.001215	0.003645	0.015796	0.043742	0.010936	0.015796	0.013366	0.032807	0.018226	0.032807	0.025516	0.034022	0.018226	0.030377	0.047388	0.010936	0.004860	0.004860	0.029162	0.010936	0.010936	0.010936	0.007290	0.010936	0.012151	0.015796	0.032807	0.020656	0.014581	0.019441	0.047388	0.010936	0.006075	0.009721	0.030377	0.010936	0.003645	0.021871	0.017011	0.019441	0.009721	0.009721	0.019441	0.020656	0.006075	0.025516	0.026731	0.015796	0.008505	0.017011	0.027947	
0.024301	0.015796	0.007290	0.032807	0.004860	0.013366	0.010936	0.004860	0.009721	0.023086	0.006075	0.018226	0.006075	0.020656	0.004860	0.014581	0.018226	0.019441	0.018226	0.015796	0.008505	0.015796	0.020656	0.003645	0.007290	0.018226	0.009721	0.027947	0.001215	0.012151	0.031592	0.046173	0.014581	0.023086	0.024301	0.031592	0.003645	0.021871	0.020656	0.014581	0.007290	0.043742	0.009721	0.023086	0.031592	0.059538	0.012151	0.043742	0.017011	0.004860	0.010936	0.008505	0.001215	0.008505	0.008505	0.002430	0.008505	0.012151	0.013366	0.001215	0.001215	0.047388	0.046173	0.008505	
0.013366	0.015796	0.035237	0.009721	0.006075	0.021871	0.025516	0.009721	0.003645	0.020656	0.023086	0.013366	0.019441	0.038882	0.019441	0.010936	0.003645	0.004860	0.004860	0.004860	0.012151	0.015796	0.023086	0.008505	0.019441	0.009721	0.020656	0.010936	0.007290	0.004860	0.004860	0.008505	0.014581	0.003645	0.007290	0.007290	0.019441	0.030377	0.032807	0.014581	0.008505	0.008505	0.012151	0.009721	0.010936	0.020656	0.025516	0.013366	0.012151	0.006075	0.015796	0.006075	0.030377	0.034022	0.049818	0.025516	0.019441	0.029162	0.032807	0.013366	0.026731	0.014581	0.037667	0.034022	
0.018226	0.006075	0.010936	0.008505	0.012151	0.004860	0.003645	0.009721	0.017011	0.012151	0.020656	0.013366	0.008505	0.002430	0.004860	0.012151	0.019441	0.014581	0.019441	0.014581	0.043742	0.017011	0.014581	0.026731	0.029162	0.015796	0.034022	0.052248	0.013366	0.006075	0.009721	0.029162	0.014581	0.009721	0.007290	0.019441	0.020656	0.015796	0.004860	0.026731	0.018226	0.019441	0.019441	0.031592	0.015796	0.003645	0.003645	0.024301	0.019441	0.008505	0.007290	0.029162	0.024301	0.024301	0.020656	0.009721	0.031592	0.009721	0.026731	0.019441	0.020656	0.006075	0.015796	0.024301	
0.021871	0.024301	0.009721	0.015796	0.003645	0.017011	0.009721	0.008505	0.008505	0.024301	0.004860	0.007290	0.014581	0.031592	0.006075	0.019441	0.009721	0.020656	0.043742	0.026731	0.014581	0.023086	0.020656	0.003645	0.004860	0.012151	0.013366	0.013366	0.001215	0.012151	0.015796	0.043742	0.018226	0.034022	0.012151	0.031592	0.002430	0.029162	0.015796	0.009721	0.008505	0.046173	0.008505	0.037667	0.025516	0.044957	0.017011	0.029162	0.031592	0.013366	0.010936	0.002430	0.001215	0.006075	0.006075	0.004860	0.009721	0.003645	0.014581	0.006075	0.001215	0.034022	0.038882	0.015796	
0.015796	0.018226	0.030377	0.017011	0.012151	0.036452	0.032807	0.010936	0.003645	0.018226	0.037667	0.017011	0.012151	0.029162	0.023086	0.012151	0.004860	0.008505	0.006075	0.002430	0.010936	0.017011	0.044957	0.002430	0.013366	0.009721	0.018226	0.010936	0.008505	0.006075	0.007290	0.004860	0.013366	0.004860	0.012151	0.001215	0.012151	0.037667	0.025516	0.010936	0.009721	0.008505	0.012151	0.010936	0.006075	0.032807	0.013366	0.012151	0.006075	0.014581	0.015796	0.006075	0.041312	0.030377	0.031592	0.019441	0.015796	0.015796	0.032807	0.013366	0.030377	0.019441	0.040097	0.018226	
0.014581	0.007290	0.007290	0.010936	0.014581	0.007290	0.003645	0.020656	0.021871	0.008505	0.018226	0.015796	0.003645	0.002430	0.004860	0.015796	0.034022	0.020656	0.010936	0.010936	0.043742	0.025516	0.023086	0.029162	0.029162	0.012151	0.041312	0.052248	0.009721	0.003645	0.006075	0.024301	0.017011	0.010936	0.003645	0.010936	0.015796	0.012151	0.008505	0.015796	0.015796	0.021871	0.038882	0.024301	0.010936	0.004860	0.013366	0.023086	0.020656	0.007290	0.013366	0.015796	0.023086	0.014581	0.019441	0.030377	0.029162	0.010936	0.023086	0.020656	0.012151	0.002430	0.008505	0.024301	
0.021871	0.024301	0.017011	0.023086	0.002430	0.013366	0.019441	0.010936	0.002430	0.020656	0.002430	0.009721	0.014581	0.026731	0.001215	0.006075	0.017011	0.029162	0.020656	0.030377	0.007290	0.023086	0.024301	0.004860	0.003645	0.015796	0.017011	0.018226	0.001215	0.018226	0.025516	0.051033	0.014581	0.032807	0.018226	0.030377	0.004860	0.018226	0.017011	0.013366	0.010936	0.055893	0.010936	0.043742	0.024301	0.036452	0.030377	0.021871	0.021871	0.004860	0.008505	0.001215	0.001215	0.006075	0.002430	0.003645	0.010936	0.007290	0.006075	0.008505	0.001215	0.053463	0.017011	0.015796	
0.014581	0.017011	0.032807	0.010936	0.012151	0.040097	0.027947	0.010936	0.008505	0.023086	0.023086	0.009721	0.010936	0.034022	0.025516	0.014581	0.006075	0.002430	0.004860	0.002430	0.019441	0.018226	0.017011	0.006075	0.018226	0.020656	0.019441	0.004860	0.006075	0.002430	0.015796	0.008505	0.013366	0.002430	0.006075	0.006075	0.014581	0.043742	0.027947	0.013366	0.002430	0.012151	0.013366	0.008505	0.009721	0.023086	0.030377	0.017011	0.010936	0.008505	0.013366	0.008505	0.042527	0.032807	0.041312	0.018226	0.008505	0.010936	0.047388	0.007290	0.023086	0.020656	0.030377	0.020656	
0.018226	0.008505	0.008505	0.009721	0.009721	0.007290	0.006075	0.007290	0.017011	0.009721	0.017011	0.013366	0.006075	0.002430	0.002430	0.017011	0.032807	0.019441	0.013366	0.023086	0.042527	0.025516	0.032807	0.034022	0.032807	0.015796	0.029162	0.036452	0.009721	0.001215	0.010936	0.026731	0.013366	0.009721	0.004860	0.009721	0.012151	0.015796	0.013366	0.025516	0.014581	0.017011	0.024301	0.047388	0.006075	0.001215	0.004860	0.018226	0.018226	0.007290	0.014581	0.009721	0.017011	0.021871	0.025516	0.015796	0.026731	0.014581	0.027947	0.032807	0.018226	0.003645	0.014581	0.024301	
0.024301	0.023086	0.010936	0.024301	0.002430	0.023086	0.008505	0.010936	0.002430	0.023086	0.002430	0.013366	0.008505	0.021871	0.008505	0.013366	0.021871	0.017011	0.031592	0.010936	0.015796	0.032807	0.019441	0.002430	0.010936	0.025516	0.018226	0.023086	0.001215	0.023086	0.020656	0.037667	0.015796	0.029162	0.010936	0.035237	0.002430	0.031592	0.010936	0.012151	0.024301	0.035237	0.003645	0.035237	0.031592	0.040097	0.024301	0.034022	0.017011	0.008505	0.012151	0.002430	0.001215	0.003645	0.001215	0.002430	0.006075	0.008505	0.012151	0.006075	0.001215	0.031592	0.032807	0.020656	
