>NC_002946
0.000941	0.000941	0.000941	0.000941	0.000941	0.000941	0.000941	0.000941	0.000941	0.000941	0.000941	0.000941	0.000941	0.000941	0.000941	0.000941	0.000941	0.000941	0.000941	0.000941	0.000941	0.000941	0.000941	0.000941	0.000941	0.000941	0.000941	0.000941	0.122295	0.000941	0.000941	0.000941	0.000941	0.000941	0.000941	0.000941	0.000941	0.000941	0.000941	0.000941	0.000941	0.000941	0.000941	0.000941	0.000941	0.000941	0.000941	0.000941	0.000941	0.000941	0.000941	0.000941	0.366886	0.000941	0.000941	0.000941	0.000941	0.000941	0.000941	0.000941	0.513641	0.000941	0.000941	0.000941	
0.000941	0.000941	0.000941	0.000941	0.000941	0.000941	0.000941	0.000941	0.000941	0.000941	0.000941	0.000941	0.000941	0.000941	0.000941	0.000941	0.112888	0.022578	0.160865	0.073377	0.000941	0.000941	0.000941	0.000941	0.000941	0.000941	0.000941	0.000941	0.000941	0.000941	0.000941	0.000941	0.000941	0.000941	0.000941	0.000941	0.000941	0.000941	0.000941	0.000941	0.000941	0.000941	0.000941	0.000941	0.000941	0.000941	0.000941	0.000941	0.149577	0.145814	0.069614	0.272813	0.000941	0.000941	0.000941	0.000941	0.000941	0.000941	0.000941	0.000941	0.000941	0.000941	0.000941	0.000941	
0.094073	0.051740	0.039511	0.079022	0.057385	0.041392	0.036689	0.034807	0.063970	0.052681	0.062088	0.053622	0.041392	0.053622	0.059266	0.193791	0.000941	0.000941	0.000941	0.000941	0.000941	0.000941	0.000941	0.000941	0.000941	0.000941	0.000941	0.000941	0.000941	0.000941	0.000941	0.000941	0.000941	0.000941	0.000941	0.000941	0.000941	0.000941	0.000941	0.000941	0.000941	0.000941	0.000941	0.000941	0.000941	0.000941	0.000941	0.000941	0.000941	0.000941	0.000941	0.000941	0.000941	0.000941	0.000941	0.000941	0.000941	0.000941	0.000941	0.000941	0.000941	0.000941	0.000941	0.000941	
0.027281	0.024459	0.015992	0.029163	0.005644	0.018815	0.022578	0.007526	0.009407	0.017874	0.011289	0.003763	0.015992	0.037629	0.014111	0.014111	0.016933	0.008467	0.018815	0.015992	0.014111	0.009407	0.010348	0.010348	0.002822	0.018815	0.016933	0.000941	0.000941	0.014111	0.008467	0.014111	0.025400	0.025400	0.010348	0.005644	0.002822	0.020696	0.024459	0.007526	0.013170	0.033866	0.011289	0.006585	0.004704	0.024459	0.009407	0.017874	0.015052	0.014111	0.007526	0.007526	0.000941	0.025400	0.013170	0.016933	0.012230	0.036689	0.007526	0.005644	0.000941	0.051740	0.029163	0.114770	
0.031044	0.020696	0.013170	0.019755	0.012230	0.014111	0.033866	0.012230	0.010348	0.011289	0.020696	0.010348	0.012230	0.019755	0.009407	0.016933	0.008467	0.001881	0.006585	0.006585	0.003763	0.017874	0.030103	0.022578	0.004704	0.012230	0.032926	0.020696	0.006585	0.007526	0.014111	0.014111	0.008467	0.014111	0.003763	0.011289	0.019755	0.032926	0.029163	0.025400	0.005644	0.015992	0.009407	0.015992	0.002822	0.002822	0.003763	0.007526	0.006585	0.004704	0.003763	0.007526	0.017874	0.037629	0.036689	0.035748	0.006585	0.024459	0.010348	0.019755	0.026341	0.045155	0.041392	0.047977	
0.014111	0.010348	0.009407	0.020696	0.011289	0.005644	0.011289	0.013170	0.006585	0.010348	0.005644	0.004704	0.010348	0.004704	0.011289	0.018815	0.020696	0.002822	0.006585	0.023518	0.025400	0.016933	0.035748	0.024459	0.028222	0.024459	0.050800	0.026341	0.008467	0.008467	0.020696	0.058325	0.006585	0.005644	0.002822	0.012230	0.012230	0.014111	0.020696	0.016933	0.015992	0.023518	0.008467	0.025400	0.010348	0.009407	0.012230	0.034807	0.016933	0.006585	0.010348	0.014111	0.033866	0.011289	0.011289	0.018815	0.015052	0.026341	0.014111	0.013170	0.006585	0.014111	0.016933	0.048918	
0.023518	0.011289	0.007526	0.015992	0.001881	0.008467	0.009407	0.005644	0.006585	0.009407	0.004704	0.008467	0.012230	0.019755	0.014111	0.024459	0.029163	0.019755	0.018815	0.015052	0.014111	0.015052	0.012230	0.006585	0.010348	0.031985	0.018815	0.017874	0.000941	0.015992	0.021637	0.034807	0.020696	0.010348	0.008467	0.026341	0.012230	0.033866	0.023518	0.015052	0.013170	0.042333	0.011289	0.012230	0.008467	0.018815	0.013170	0.029163	0.010348	0.013170	0.003763	0.008467	0.000941	0.023518	0.009407	0.002822	0.007526	0.033866	0.008467	0.011289	0.000941	0.046096	0.031044	0.082785	
0.031985	0.024459	0.012230	0.015052	0.013170	0.007526	0.023518	0.010348	0.004704	0.014111	0.011289	0.008467	0.017874	0.019755	0.014111	0.014111	0.007526	0.007526	0.008467	0.005644	0.013170	0.026341	0.024459	0.016933	0.006585	0.013170	0.017874	0.016933	0.000941	0.000941	0.017874	0.010348	0.011289	0.004704	0.005644	0.015992	0.030103	0.035748	0.031044	0.020696	0.008467	0.011289	0.010348	0.013170	0.015052	0.011289	0.009407	0.014111	0.010348	0.005644	0.002822	0.003763	0.017874	0.032926	0.031044	0.018815	0.009407	0.025400	0.023518	0.021637	0.026341	0.046096	0.047037	0.051740	
0.019755	0.016933	0.010348	0.014111	0.018815	0.007526	0.008467	0.007526	0.003763	0.007526	0.012230	0.005644	0.010348	0.002822	0.006585	0.020696	0.018815	0.019755	0.009407	0.026341	0.020696	0.022578	0.032926	0.026341	0.023518	0.028222	0.037629	0.020696	0.007526	0.005644	0.009407	0.044214	0.011289	0.004704	0.004704	0.008467	0.023518	0.015052	0.014111	0.011289	0.017874	0.012230	0.008467	0.024459	0.012230	0.006585	0.007526	0.033866	0.019755	0.014111	0.005644	0.020696	0.027281	0.020696	0.012230	0.017874	0.017874	0.028222	0.015992	0.026341	0.009407	0.013170	0.016933	0.050800	
0.025400	0.017874	0.008467	0.017874	0.010348	0.019755	0.018815	0.006585	0.005644	0.009407	0.011289	0.003763	0.007526	0.023518	0.015052	0.023518	0.032926	0.020696	0.023518	0.013170	0.017874	0.017874	0.015992	0.014111	0.008467	0.029163	0.014111	0.015992	0.000941	0.019755	0.019755	0.022578	0.024459	0.014111	0.007526	0.016933	0.009407	0.036689	0.020696	0.009407	0.015052	0.032926	0.009407	0.016933	0.019755	0.016933	0.014111	0.026341	0.011289	0.012230	0.004704	0.011289	0.000941	0.015992	0.003763	0.007526	0.004704	0.019755	0.003763	0.012230	0.000941	0.046096	0.023518	0.079022	
0.031985	0.025400	0.016933	0.019755	0.018815	0.018815	0.013170	0.014111	0.003763	0.012230	0.018815	0.009407	0.014111	0.013170	0.017874	0.014111	0.010348	0.012230	0.012230	0.003763	0.004704	0.026341	0.044214	0.015052	0.004704	0.018815	0.022578	0.013170	0.003763	0.007526	0.015992	0.010348	0.012230	0.008467	0.003763	0.009407	0.018815	0.033866	0.024459	0.014111	0.007526	0.012230	0.007526	0.011289	0.011289	0.004704	0.012230	0.020696	0.009407	0.007526	0.007526	0.004704	0.016933	0.031044	0.032926	0.025400	0.012230	0.036689	0.004704	0.018815	0.015052	0.035748	0.053622	0.047037	
0.020696	0.011289	0.009407	0.022578	0.018815	0.013170	0.013170	0.008467	0.008467	0.012230	0.009407	0.010348	0.005644	0.004704	0.005644	0.021637	0.022578	0.008467	0.018815	0.009407	0.037629	0.018815	0.022578	0.031044	0.017874	0.042333	0.035748	0.018815	0.006585	0.007526	0.007526	0.047037	0.010348	0.004704	0.000941	0.012230	0.024459	0.015052	0.020696	0.019755	0.012230	0.019755	0.007526	0.014111	0.006585	0.006585	0.013170	0.026341	0.015052	0.008467	0.001881	0.018815	0.023518	0.015052	0.009407	0.013170	0.022578	0.031044	0.015992	0.030103	0.015052	0.015052	0.014111	0.047977	
0.030103	0.013170	0.006585	0.018815	0.005644	0.011289	0.012230	0.003763	0.007526	0.010348	0.008467	0.004704	0.012230	0.020696	0.011289	0.018815	0.045155	0.011289	0.032926	0.015052	0.016933	0.016933	0.015992	0.012230	0.012230	0.027281	0.019755	0.006585	0.000941	0.018815	0.023518	0.029163	0.014111	0.021637	0.008467	0.016933	0.010348	0.046096	0.031985	0.016933	0.011289	0.028222	0.014111	0.015052	0.023518	0.018815	0.010348	0.020696	0.010348	0.012230	0.004704	0.006585	0.000941	0.017874	0.005644	0.009407	0.002822	0.024459	0.003763	0.009407	0.000941	0.056444	0.021637	0.063970	
0.035748	0.029163	0.014111	0.020696	0.011289	0.014111	0.018815	0.014111	0.013170	0.015992	0.015052	0.008467	0.013170	0.011289	0.016933	0.015992	0.008467	0.006585	0.009407	0.009407	0.004704	0.020696	0.048918	0.017874	0.015052	0.018815	0.019755	0.012230	0.003763	0.011289	0.012230	0.015052	0.017874	0.009407	0.002822	0.003763	0.026341	0.018815	0.021637	0.023518	0.014111	0.014111	0.007526	0.010348	0.005644	0.011289	0.004704	0.014111	0.015052	0.006585	0.009407	0.006585	0.021637	0.033866	0.041392	0.017874	0.011289	0.020696	0.015052	0.019755	0.016933	0.036689	0.031044	0.047977	
0.020696	0.019755	0.014111	0.022578	0.014111	0.009407	0.018815	0.009407	0.006585	0.007526	0.011289	0.010348	0.006585	0.006585	0.009407	0.017874	0.028222	0.004704	0.014111	0.016933	0.029163	0.013170	0.025400	0.019755	0.038570	0.030103	0.035748	0.026341	0.006585	0.010348	0.010348	0.046096	0.008467	0.012230	0.008467	0.024459	0.026341	0.013170	0.017874	0.012230	0.017874	0.015052	0.011289	0.013170	0.005644	0.004704	0.012230	0.028222	0.016933	0.006585	0.003763	0.012230	0.024459	0.016933	0.011289	0.017874	0.018815	0.016933	0.010348	0.018815	0.015052	0.009407	0.014111	0.054563	
0.027281	0.012230	0.013170	0.021637	0.004704	0.012230	0.019755	0.006585	0.010348	0.010348	0.015052	0.004704	0.021637	0.021637	0.010348	0.022578	0.030103	0.020696	0.023518	0.019755	0.018815	0.015992	0.008467	0.009407	0.012230	0.031044	0.022578	0.007526	0.000941	0.015052	0.016933	0.026341	0.026341	0.011289	0.013170	0.031044	0.009407	0.031985	0.022578	0.005644	0.015052	0.023518	0.010348	0.019755	0.014111	0.025400	0.004704	0.024459	0.011289	0.009407	0.002822	0.010348	0.000941	0.013170	0.007526	0.009407	0.008467	0.028222	0.001881	0.007526	0.000941	0.040452	0.029163	0.076199	
0.028222	0.032926	0.014111	0.019755	0.010348	0.015992	0.019755	0.007526	0.009407	0.017874	0.011289	0.014111	0.010348	0.021637	0.021637	0.029163	0.011289	0.007526	0.005644	0.009407	0.006585	0.016933	0.034807	0.015052	0.003763	0.020696	0.019755	0.014111	0.003763	0.005644	0.012230	0.009407	0.018815	0.006585	0.006585	0.014111	0.024459	0.038570	0.021637	0.008467	0.009407	0.019755	0.013170	0.007526	0.012230	0.004704	0.008467	0.014111	0.012230	0.003763	0.009407	0.012230	0.020696	0.025400	0.031985	0.024459	0.012230	0.023518	0.013170	0.012230	0.025400	0.044214	0.036689	0.043274	
0.028222	0.013170	0.010348	0.018815	0.016933	0.005644	0.013170	0.015052	0.007526	0.010348	0.010348	0.007526	0.012230	0.004704	0.007526	0.031044	0.026341	0.010348	0.009407	0.015992	0.031985	0.014111	0.036689	0.014111	0.030103	0.025400	0.029163	0.023518	0.009407	0.004704	0.009407	0.031985	0.012230	0.007526	0.005644	0.009407	0.033866	0.016933	0.019755	0.011289	0.015052	0.018815	0.014111	0.009407	0.005644	0.006585	0.004704	0.031044	0.019755	0.012230	0.005644	0.014111	0.032926	0.010348	0.015052	0.017874	0.018815	0.026341	0.015052	0.018815	0.016933	0.008467	0.010348	0.060207	
0.024459	0.020696	0.015992	0.025400	0.004704	0.013170	0.016933	0.008467	0.004704	0.011289	0.010348	0.004704	0.015992	0.022578	0.010348	0.009407	0.038570	0.022578	0.031985	0.022578	0.018815	0.006585	0.012230	0.009407	0.015992	0.031044	0.024459	0.013170	0.000941	0.015992	0.021637	0.019755	0.028222	0.015052	0.008467	0.019755	0.006585	0.040452	0.022578	0.011289	0.009407	0.031044	0.014111	0.014111	0.007526	0.017874	0.013170	0.020696	0.011289	0.020696	0.001881	0.010348	0.000941	0.012230	0.004704	0.006585	0.005644	0.015052	0.003763	0.007526	0.000941	0.061148	0.026341	0.065851	
0.040452	0.020696	0.017874	0.023518	0.016933	0.025400	0.029163	0.007526	0.007526	0.023518	0.012230	0.015052	0.015992	0.019755	0.019755	0.022578	0.006585	0.006585	0.007526	0.010348	0.007526	0.013170	0.037629	0.014111	0.003763	0.016933	0.015992	0.019755	0.004704	0.005644	0.016933	0.008467	0.011289	0.005644	0.005644	0.013170	0.017874	0.023518	0.029163	0.017874	0.008467	0.015992	0.009407	0.018815	0.007526	0.009407	0.006585	0.015992	0.007526	0.005644	0.003763	0.008467	0.024459	0.032926	0.043274	0.016933	0.014111	0.027281	0.015052	0.015052	0.015052	0.036689	0.025400	0.038570	
0.023518	0.015052	0.007526	0.019755	0.012230	0.006585	0.011289	0.008467	0.009407	0.008467	0.006585	0.010348	0.013170	0.006585	0.011289	0.024459	0.031985	0.008467	0.007526	0.018815	0.036689	0.013170	0.023518	0.021637	0.037629	0.027281	0.048918	0.025400	0.012230	0.001881	0.013170	0.029163	0.012230	0.009407	0.001881	0.010348	0.038570	0.011289	0.015052	0.018815	0.015992	0.012230	0.007526	0.016933	0.005644	0.005644	0.017874	0.039511	0.012230	0.005644	0.004704	0.020696	0.031985	0.015992	0.008467	0.015052	0.029163	0.016933	0.007526	0.015052	0.021637	0.007526	0.008467	0.047977	
0.027281	0.015052	0.013170	0.024459	0.006585	0.014111	0.015052	0.002822	0.005644	0.005644	0.005644	0.004704	0.017874	0.024459	0.009407	0.017874	0.036689	0.019755	0.038570	0.024459	0.014111	0.007526	0.015992	0.009407	0.009407	0.024459	0.014111	0.010348	0.000941	0.027281	0.020696	0.015052	0.020696	0.021637	0.014111	0.035748	0.010348	0.020696	0.023518	0.010348	0.013170	0.025400	0.015992	0.015992	0.015992	0.013170	0.014111	0.024459	0.016933	0.015052	0.004704	0.015992	0.000941	0.007526	0.006585	0.006585	0.007526	0.028222	0.008467	0.006585	0.000941	0.062088	0.019755	0.058325	
0.036689	0.027281	0.017874	0.019755	0.017874	0.022578	0.023518	0.007526	0.015992	0.021637	0.022578	0.010348	0.019755	0.029163	0.029163	0.022578	0.011289	0.008467	0.006585	0.005644	0.001881	0.011289	0.026341	0.010348	0.013170	0.020696	0.019755	0.007526	0.002822	0.008467	0.012230	0.005644	0.014111	0.005644	0.004704	0.011289	0.015992	0.027281	0.029163	0.011289	0.016933	0.010348	0.010348	0.006585	0.007526	0.009407	0.004704	0.015992	0.013170	0.005644	0.008467	0.008467	0.023518	0.031985	0.048918	0.022578	0.011289	0.018815	0.015992	0.017874	0.008467	0.024459	0.041392	0.041392	
0.029163	0.011289	0.008467	0.026341	0.021637	0.008467	0.007526	0.009407	0.010348	0.008467	0.010348	0.008467	0.009407	0.004704	0.008467	0.022578	0.017874	0.007526	0.019755	0.014111	0.027281	0.011289	0.035748	0.018815	0.041392	0.026341	0.039511	0.020696	0.007526	0.002822	0.005644	0.035748	0.017874	0.014111	0.006585	0.018815	0.023518	0.017874	0.016933	0.013170	0.015992	0.020696	0.012230	0.019755	0.006585	0.003763	0.011289	0.020696	0.011289	0.005644	0.004704	0.016933	0.034807	0.008467	0.014111	0.014111	0.024459	0.024459	0.014111	0.024459	0.009407	0.011289	0.014111	0.050800	
0.018815	0.027281	0.006585	0.023518	0.006585	0.013170	0.015052	0.003763	0.008467	0.016933	0.007526	0.006585	0.019755	0.029163	0.015052	0.012230	0.032926	0.016933	0.037629	0.019755	0.016933	0.011289	0.012230	0.005644	0.010348	0.033866	0.020696	0.009407	0.000941	0.015052	0.017874	0.021637	0.018815	0.029163	0.006585	0.037629	0.005644	0.039511	0.021637	0.013170	0.016933	0.037629	0.009407	0.012230	0.015052	0.027281	0.009407	0.021637	0.010348	0.010348	0.004704	0.007526	0.000941	0.010348	0.004704	0.006585	0.010348	0.016933	0.004704	0.007526	0.000941	0.047977	0.017874	0.063029	
0.026341	0.023518	0.014111	0.016933	0.017874	0.021637	0.030103	0.014111	0.009407	0.016933	0.015052	0.014111	0.018815	0.018815	0.021637	0.029163	0.010348	0.007526	0.003763	0.008467	0.007526	0.015052	0.035748	0.015992	0.005644	0.024459	0.016933	0.006585	0.001881	0.002822	0.015992	0.008467	0.021637	0.009407	0.003763	0.011289	0.029163	0.027281	0.031985	0.016933	0.005644	0.015992	0.010348	0.010348	0.009407	0.003763	0.011289	0.011289	0.010348	0.005644	0.009407	0.011289	0.022578	0.031044	0.046096	0.019755	0.015992	0.022578	0.009407	0.012230	0.018815	0.031985	0.039511	0.028222	
0.033866	0.009407	0.004704	0.020696	0.019755	0.004704	0.014111	0.007526	0.007526	0.008467	0.007526	0.007526	0.007526	0.003763	0.008467	0.028222	0.030103	0.009407	0.015052	0.022578	0.034807	0.010348	0.026341	0.023518	0.030103	0.038570	0.051740	0.023518	0.003763	0.003763	0.009407	0.049859	0.012230	0.008467	0.006585	0.009407	0.026341	0.015992	0.024459	0.013170	0.009407	0.016933	0.014111	0.011289	0.007526	0.006585	0.007526	0.021637	0.014111	0.008467	0.004704	0.021637	0.029163	0.006585	0.011289	0.010348	0.019755	0.030103	0.011289	0.027281	0.015992	0.009407	0.007526	0.044214	
0.022578	0.023518	0.017874	0.026341	0.001881	0.017874	0.011289	0.004704	0.006585	0.010348	0.006585	0.007526	0.015052	0.029163	0.010348	0.019755	0.030103	0.019755	0.032926	0.027281	0.016933	0.006585	0.007526	0.006585	0.006585	0.035748	0.019755	0.014111	0.000941	0.017874	0.024459	0.011289	0.012230	0.020696	0.010348	0.023518	0.015052	0.029163	0.032926	0.016933	0.015052	0.034807	0.013170	0.021637	0.016933	0.018815	0.016933	0.016933	0.012230	0.012230	0.003763	0.006585	0.000941	0.012230	0.005644	0.004704	0.006585	0.017874	0.002822	0.005644	0.000941	0.061148	0.021637	0.060207	
0.021637	0.016933	0.015052	0.023518	0.020696	0.023518	0.018815	0.013170	0.015992	0.016933	0.021637	0.010348	0.015992	0.028222	0.015992	0.023518	0.012230	0.005644	0.007526	0.009407	0.005644	0.016933	0.032926	0.010348	0.005644	0.014111	0.023518	0.014111	0.002822	0.004704	0.018815	0.006585	0.014111	0.007526	0.004704	0.008467	0.029163	0.031985	0.022578	0.015052	0.009407	0.016933	0.011289	0.004704	0.012230	0.015992	0.007526	0.013170	0.013170	0.005644	0.008467	0.006585	0.028222	0.033866	0.040452	0.024459	0.008467	0.023518	0.016933	0.024459	0.013170	0.016933	0.048918	0.029163	
0.020696	0.012230	0.008467	0.019755	0.015052	0.007526	0.004704	0.008467	0.004704	0.013170	0.011289	0.006585	0.010348	0.008467	0.006585	0.022578	0.039511	0.010348	0.011289	0.022578	0.039511	0.013170	0.036689	0.016933	0.035748	0.021637	0.029163	0.028222	0.008467	0.001881	0.014111	0.038570	0.013170	0.006585	0.003763	0.015992	0.033866	0.012230	0.015052	0.010348	0.021637	0.017874	0.016933	0.016933	0.006585	0.009407	0.004704	0.032926	0.016933	0.008467	0.003763	0.015052	0.031044	0.011289	0.011289	0.012230	0.024459	0.021637	0.021637	0.023518	0.012230	0.005644	0.007526	0.047037	
0.036689	0.017874	0.006585	0.029163	0.004704	0.015052	0.014111	0.003763	0.007526	0.008467	0.003763	0.007526	0.015052	0.032926	0.011289	0.014111	0.042333	0.018815	0.042333	0.015992	0.015992	0.010348	0.010348	0.007526	0.009407	0.030103	0.017874	0.010348	0.000941	0.012230	0.017874	0.016933	0.019755	0.019755	0.012230	0.034807	0.009407	0.031044	0.021637	0.012230	0.008467	0.036689	0.015992	0.017874	0.015992	0.023518	0.014111	0.021637	0.007526	0.012230	0.010348	0.007526	0.000941	0.014111	0.006585	0.003763	0.003763	0.024459	0.001881	0.002822	0.000941	0.064911	0.021637	0.053622	
0.029163	0.025400	0.020696	0.031044	0.019755	0.021637	0.018815	0.008467	0.012230	0.031044	0.017874	0.010348	0.015992	0.030103	0.024459	0.016933	0.005644	0.005644	0.007526	0.012230	0.001881	0.019755	0.032926	0.015992	0.003763	0.017874	0.022578	0.008467	0.001881	0.002822	0.011289	0.011289	0.009407	0.005644	0.008467	0.005644	0.020696	0.036689	0.025400	0.016933	0.008467	0.012230	0.008467	0.010348	0.010348	0.008467	0.007526	0.012230	0.008467	0.005644	0.009407	0.009407	0.015992	0.038570	0.054563	0.024459	0.008467	0.019755	0.016933	0.019755	0.015052	0.018815	0.047037	0.025400	
0.022578	0.007526	0.011289	0.011289	0.017874	0.004704	0.015052	0.004704	0.012230	0.006585	0.012230	0.015052	0.015052	0.006585	0.014111	0.022578	0.027281	0.007526	0.005644	0.017874	0.038570	0.015052	0.042333	0.020696	0.027281	0.030103	0.046096	0.028222	0.003763	0.007526	0.011289	0.043274	0.015992	0.001881	0.003763	0.011289	0.027281	0.018815	0.016933	0.017874	0.020696	0.016933	0.012230	0.015992	0.007526	0.001881	0.011289	0.028222	0.012230	0.008467	0.006585	0.015992	0.028222	0.011289	0.010348	0.010348	0.023518	0.030103	0.019755	0.016933	0.013170	0.004704	0.008467	0.039511	
0.022578	0.021637	0.010348	0.023518	0.003763	0.009407	0.006585	0.005644	0.003763	0.010348	0.008467	0.004704	0.007526	0.023518	0.008467	0.016933	0.036689	0.021637	0.037629	0.015992	0.015992	0.010348	0.014111	0.009407	0.012230	0.027281	0.023518	0.021637	0.000941	0.017874	0.019755	0.015052	0.019755	0.021637	0.012230	0.030103	0.009407	0.033866	0.030103	0.010348	0.012230	0.039511	0.018815	0.019755	0.012230	0.031985	0.011289	0.020696	0.007526	0.019755	0.001881	0.010348	0.000941	0.008467	0.005644	0.005644	0.005644	0.024459	0.003763	0.011289	0.000941	0.052681	0.018815	0.061148	
0.035748	0.023518	0.015052	0.012230	0.019755	0.018815	0.033866	0.012230	0.006585	0.016933	0.026341	0.012230	0.016933	0.022578	0.022578	0.017874	0.009407	0.007526	0.006585	0.006585	0.004704	0.009407	0.034807	0.013170	0.003763	0.015992	0.021637	0.015052	0.001881	0.005644	0.016933	0.006585	0.009407	0.007526	0.007526	0.009407	0.029163	0.029163	0.031985	0.011289	0.013170	0.015992	0.019755	0.005644	0.012230	0.015992	0.009407	0.019755	0.010348	0.004704	0.004704	0.001881	0.019755	0.033866	0.045155	0.027281	0.017874	0.018815	0.012230	0.009407	0.015052	0.022578	0.043274	0.032926	
0.025400	0.011289	0.013170	0.015052	0.017874	0.004704	0.010348	0.010348	0.005644	0.008467	0.009407	0.010348	0.006585	0.002822	0.005644	0.015052	0.031985	0.009407	0.017874	0.014111	0.034807	0.012230	0.032926	0.011289	0.033866	0.045155	0.040452	0.026341	0.007526	0.002822	0.014111	0.039511	0.015052	0.009407	0.004704	0.012230	0.026341	0.011289	0.017874	0.012230	0.017874	0.024459	0.015992	0.021637	0.005644	0.004704	0.007526	0.024459	0.015052	0.014111	0.003763	0.013170	0.019755	0.017874	0.017874	0.011289	0.015052	0.031044	0.017874	0.028222	0.007526	0.008467	0.013170	0.047977	
0.023518	0.028222	0.013170	0.022578	0.005644	0.016933	0.017874	0.003763	0.003763	0.013170	0.012230	0.010348	0.009407	0.025400	0.007526	0.012230	0.029163	0.018815	0.033866	0.016933	0.013170	0.008467	0.015052	0.009407	0.015992	0.038570	0.013170	0.011289	0.000941	0.013170	0.020696	0.010348	0.009407	0.018815	0.011289	0.032926	0.004704	0.053622	0.031985	0.018815	0.009407	0.039511	0.015052	0.019755	0.017874	0.031044	0.018815	0.018815	0.012230	0.006585	0.001881	0.006585	0.000941	0.006585	0.005644	0.005644	0.008467	0.021637	0.001881	0.008467	0.000941	0.053622	0.023518	0.048918	
0.029163	0.013170	0.015052	0.016933	0.017874	0.020696	0.030103	0.003763	0.005644	0.024459	0.016933	0.013170	0.015052	0.021637	0.028222	0.014111	0.005644	0.004704	0.010348	0.003763	0.007526	0.015052	0.046096	0.016933	0.014111	0.014111	0.028222	0.014111	0.000941	0.009407	0.012230	0.015052	0.014111	0.009407	0.006585	0.007526	0.024459	0.028222	0.042333	0.017874	0.006585	0.013170	0.013170	0.009407	0.013170	0.013170	0.009407	0.014111	0.004704	0.005644	0.009407	0.009407	0.017874	0.037629	0.047037	0.020696	0.008467	0.029163	0.015992	0.016933	0.015992	0.015992	0.031044	0.027281	
0.019755	0.010348	0.006585	0.016933	0.019755	0.002822	0.004704	0.005644	0.007526	0.012230	0.011289	0.010348	0.010348	0.005644	0.008467	0.013170	0.025400	0.005644	0.015052	0.021637	0.035748	0.011289	0.035748	0.018815	0.039511	0.037629	0.046096	0.042333	0.006585	0.003763	0.008467	0.040452	0.007526	0.004704	0.010348	0.012230	0.028222	0.017874	0.022578	0.012230	0.015052	0.021637	0.019755	0.017874	0.003763	0.008467	0.006585	0.034807	0.011289	0.014111	0.007526	0.012230	0.027281	0.009407	0.010348	0.013170	0.021637	0.028222	0.016933	0.014111	0.006585	0.008467	0.011289	0.044214	
0.019755	0.016933	0.013170	0.014111	0.006585	0.015052	0.008467	0.004704	0.006585	0.014111	0.008467	0.010348	0.015052	0.028222	0.008467	0.011289	0.039511	0.011289	0.029163	0.031044	0.010348	0.008467	0.015052	0.007526	0.005644	0.039511	0.020696	0.007526	0.000941	0.016933	0.015052	0.016933	0.019755	0.019755	0.010348	0.033866	0.010348	0.036689	0.031044	0.021637	0.014111	0.044214	0.015992	0.019755	0.015992	0.030103	0.015052	0.023518	0.011289	0.009407	0.001881	0.004704	0.000941	0.011289	0.008467	0.005644	0.007526	0.017874	0.002822	0.006585	0.000941	0.048918	0.020696	0.062088	
0.039511	0.027281	0.012230	0.011289	0.009407	0.019755	0.022578	0.005644	0.003763	0.022578	0.015992	0.012230	0.026341	0.013170	0.027281	0.016933	0.007526	0.002822	0.014111	0.003763	0.003763	0.017874	0.031985	0.017874	0.003763	0.023518	0.024459	0.011289	0.002822	0.008467	0.016933	0.011289	0.012230	0.010348	0.003763	0.007526	0.031985	0.029163	0.032926	0.021637	0.004704	0.021637	0.010348	0.011289	0.008467	0.014111	0.012230	0.009407	0.013170	0.003763	0.007526	0.008467	0.018815	0.032926	0.051740	0.020696	0.009407	0.020696	0.014111	0.015052	0.012230	0.028222	0.036689	0.036689	
0.019755	0.020696	0.017874	0.014111	0.016933	0.005644	0.014111	0.007526	0.004704	0.013170	0.010348	0.009407	0.009407	0.003763	0.004704	0.013170	0.030103	0.011289	0.010348	0.012230	0.041392	0.010348	0.030103	0.017874	0.029163	0.031985	0.045155	0.032926	0.006585	0.001881	0.015052	0.042333	0.005644	0.002822	0.002822	0.010348	0.025400	0.015992	0.030103	0.016933	0.014111	0.015992	0.015992	0.018815	0.011289	0.007526	0.015052	0.015992	0.016933	0.014111	0.005644	0.013170	0.031044	0.008467	0.012230	0.012230	0.024459	0.029163	0.018815	0.020696	0.008467	0.006585	0.016933	0.042333	
0.016933	0.022578	0.011289	0.021637	0.004704	0.019755	0.016933	0.007526	0.010348	0.011289	0.008467	0.006585	0.014111	0.015052	0.004704	0.015992	0.031044	0.022578	0.039511	0.021637	0.012230	0.009407	0.011289	0.007526	0.009407	0.035748	0.026341	0.015052	0.000941	0.014111	0.017874	0.021637	0.015052	0.020696	0.013170	0.023518	0.011289	0.045155	0.023518	0.010348	0.007526	0.046096	0.008467	0.028222	0.014111	0.026341	0.019755	0.021637	0.007526	0.013170	0.004704	0.010348	0.000941	0.007526	0.006585	0.004704	0.011289	0.024459	0.006585	0.009407	0.000941	0.048918	0.017874	0.046096	
0.026341	0.014111	0.011289	0.018815	0.018815	0.018815	0.025400	0.015992	0.006585	0.020696	0.026341	0.015052	0.016933	0.016933	0.026341	0.016933	0.007526	0.004704	0.008467	0.008467	0.003763	0.017874	0.045155	0.015052	0.002822	0.020696	0.020696	0.014111	0.003763	0.005644	0.013170	0.007526	0.018815	0.008467	0.005644	0.005644	0.024459	0.031985	0.047037	0.014111	0.013170	0.015052	0.011289	0.010348	0.015052	0.014111	0.013170	0.016933	0.006585	0.007526	0.010348	0.005644	0.017874	0.023518	0.038570	0.024459	0.009407	0.020696	0.011289	0.018815	0.015052	0.025400	0.043274	0.021637	
0.024459	0.010348	0.011289	0.013170	0.016933	0.008467	0.007526	0.001881	0.008467	0.010348	0.007526	0.009407	0.006585	0.001881	0.011289	0.018815	0.020696	0.007526	0.008467	0.028222	0.028222	0.008467	0.037629	0.017874	0.037629	0.040452	0.047037	0.031044	0.013170	0.001881	0.016933	0.037629	0.011289	0.006585	0.005644	0.008467	0.023518	0.013170	0.023518	0.016933	0.015052	0.020696	0.007526	0.026341	0.004704	0.009407	0.015992	0.028222	0.017874	0.008467	0.002822	0.021637	0.024459	0.007526	0.018815	0.011289	0.024459	0.032926	0.012230	0.026341	0.009407	0.004704	0.011289	0.037629	
0.022578	0.008467	0.011289	0.031985	0.003763	0.010348	0.015052	0.003763	0.002822	0.011289	0.003763	0.010348	0.013170	0.029163	0.013170	0.015992	0.028222	0.021637	0.026341	0.016933	0.009407	0.005644	0.011289	0.011289	0.011289	0.035748	0.027281	0.013170	0.000941	0.017874	0.011289	0.017874	0.017874	0.018815	0.015992	0.032926	0.009407	0.038570	0.034807	0.021637	0.014111	0.035748	0.003763	0.020696	0.016933	0.030103	0.016933	0.029163	0.007526	0.015052	0.002822	0.008467	0.000941	0.010348	0.004704	0.001881	0.009407	0.029163	0.003763	0.013170	0.000941	0.055503	0.018815	0.047037	
0.032926	0.015992	0.007526	0.019755	0.015052	0.017874	0.020696	0.010348	0.006585	0.018815	0.019755	0.011289	0.016933	0.019755	0.029163	0.024459	0.005644	0.002822	0.010348	0.004704	0.005644	0.012230	0.030103	0.016933	0.005644	0.017874	0.030103	0.012230	0.003763	0.002822	0.023518	0.008467	0.012230	0.009407	0.008467	0.007526	0.030103	0.031044	0.031985	0.018815	0.010348	0.014111	0.012230	0.001881	0.018815	0.014111	0.014111	0.010348	0.013170	0.005644	0.005644	0.007526	0.024459	0.039511	0.048918	0.019755	0.009407	0.016933	0.013170	0.020696	0.010348	0.024459	0.044214	0.031044	
0.025400	0.013170	0.004704	0.020696	0.014111	0.003763	0.009407	0.006585	0.008467	0.012230	0.005644	0.005644	0.012230	0.002822	0.008467	0.015992	0.031985	0.010348	0.005644	0.027281	0.031044	0.014111	0.039511	0.015992	0.025400	0.036689	0.052681	0.016933	0.008467	0.003763	0.011289	0.042333	0.009407	0.008467	0.002822	0.011289	0.024459	0.015052	0.019755	0.008467	0.019755	0.023518	0.019755	0.012230	0.013170	0.005644	0.005644	0.021637	0.018815	0.015052	0.006585	0.009407	0.026341	0.010348	0.015992	0.008467	0.023518	0.040452	0.025400	0.021637	0.006585	0.002822	0.011289	0.053622	
0.022578	0.023518	0.008467	0.031044	0.008467	0.021637	0.014111	0.002822	0.002822	0.003763	0.007526	0.005644	0.018815	0.023518	0.008467	0.017874	0.034807	0.017874	0.025400	0.017874	0.013170	0.009407	0.015992	0.004704	0.010348	0.038570	0.022578	0.013170	0.000941	0.013170	0.017874	0.007526	0.015052	0.028222	0.009407	0.024459	0.011289	0.048918	0.035748	0.016933	0.016933	0.050800	0.015052	0.020696	0.011289	0.015992	0.006585	0.022578	0.009407	0.020696	0.002822	0.007526	0.000941	0.006585	0.003763	0.003763	0.008467	0.022578	0.002822	0.002822	0.000941	0.058325	0.017874	0.056444	
0.027281	0.018815	0.015992	0.019755	0.014111	0.017874	0.044214	0.014111	0.005644	0.019755	0.015052	0.005644	0.018815	0.019755	0.028222	0.014111	0.007526	0.006585	0.010348	0.009407	0.005644	0.015992	0.049859	0.015052	0.006585	0.021637	0.030103	0.011289	0.001881	0.005644	0.015052	0.005644	0.014111	0.010348	0.004704	0.009407	0.027281	0.033866	0.032926	0.021637	0.008467	0.019755	0.011289	0.008467	0.010348	0.011289	0.011289	0.009407	0.008467	0.005644	0.006585	0.011289	0.023518	0.028222	0.039511	0.019755	0.008467	0.014111	0.010348	0.017874	0.015992	0.021637	0.038570	0.028222	
0.018815	0.008467	0.007526	0.022578	0.013170	0.008467	0.009407	0.010348	0.007526	0.011289	0.012230	0.006585	0.015992	0.008467	0.004704	0.020696	0.023518	0.014111	0.011289	0.021637	0.031985	0.014111	0.031985	0.017874	0.037629	0.047037	0.052681	0.029163	0.007526	0.002822	0.008467	0.051740	0.010348	0.008467	0.001881	0.008467	0.020696	0.011289	0.025400	0.017874	0.010348	0.021637	0.014111	0.020696	0.008467	0.005644	0.007526	0.021637	0.017874	0.014111	0.002822	0.012230	0.031044	0.008467	0.014111	0.004704	0.024459	0.029163	0.018815	0.020696	0.007526	0.005644	0.010348	0.033866	
0.015992	0.016933	0.015992	0.021637	0.006585	0.023518	0.011289	0.003763	0.006585	0.007526	0.003763	0.005644	0.010348	0.031985	0.013170	0.009407	0.029163	0.015992	0.035748	0.015992	0.012230	0.012230	0.010348	0.007526	0.011289	0.036689	0.023518	0.009407	0.000941	0.015992	0.017874	0.015992	0.024459	0.015992	0.015992	0.023518	0.012230	0.051740	0.031985	0.013170	0.017874	0.045155	0.011289	0.023518	0.008467	0.023518	0.016933	0.028222	0.013170	0.010348	0.003763	0.012230	0.000941	0.011289	0.003763	0.006585	0.003763	0.015992	0.000941	0.010348	0.000941	0.055503	0.018815	0.052681	
0.027281	0.015992	0.017874	0.021637	0.011289	0.015052	0.025400	0.007526	0.012230	0.031044	0.016933	0.011289	0.015992	0.016933	0.020696	0.019755	0.005644	0.009407	0.012230	0.004704	0.006585	0.025400	0.048918	0.017874	0.007526	0.009407	0.025400	0.015052	0.003763	0.007526	0.012230	0.007526	0.010348	0.010348	0.008467	0.010348	0.032926	0.019755	0.039511	0.013170	0.009407	0.008467	0.015992	0.005644	0.010348	0.007526	0.013170	0.017874	0.003763	0.005644	0.007526	0.003763	0.019755	0.031985	0.050800	0.024459	0.017874	0.019755	0.013170	0.015992	0.011289	0.022578	0.035748	0.036689	
0.014111	0.009407	0.009407	0.014111	0.023518	0.002822	0.008467	0.006585	0.010348	0.008467	0.010348	0.016933	0.006585	0.003763	0.005644	0.024459	0.019755	0.012230	0.016933	0.021637	0.040452	0.010348	0.026341	0.015052	0.036689	0.037629	0.056444	0.033866	0.005644	0.002822	0.009407	0.045155	0.015992	0.010348	0.003763	0.016933	0.025400	0.011289	0.019755	0.012230	0.019755	0.015052	0.017874	0.018815	0.011289	0.003763	0.015992	0.016933	0.013170	0.008467	0.005644	0.014111	0.028222	0.007526	0.011289	0.007526	0.013170	0.025400	0.019755	0.023518	0.010348	0.011289	0.012230	0.047977	
0.022578	0.014111	0.010348	0.015992	0.003763	0.020696	0.009407	0.006585	0.006585	0.008467	0.015052	0.005644	0.015052	0.026341	0.007526	0.017874	0.038570	0.020696	0.036689	0.021637	0.010348	0.005644	0.008467	0.007526	0.008467	0.031044	0.016933	0.009407	0.000941	0.014111	0.013170	0.013170	0.026341	0.018815	0.011289	0.023518	0.010348	0.035748	0.030103	0.010348	0.017874	0.038570	0.018815	0.029163	0.013170	0.033866	0.014111	0.031985	0.012230	0.014111	0.000941	0.006585	0.000941	0.012230	0.004704	0.003763	0.008467	0.021637	0.002822	0.010348	0.000941	0.066792	0.022578	0.044214	
0.038570	0.019755	0.016933	0.024459	0.017874	0.013170	0.019755	0.016933	0.007526	0.022578	0.019755	0.009407	0.017874	0.014111	0.019755	0.015992	0.005644	0.005644	0.009407	0.004704	0.005644	0.008467	0.043274	0.016933	0.005644	0.015052	0.020696	0.011289	0.004704	0.005644	0.007526	0.010348	0.015052	0.009407	0.011289	0.005644	0.017874	0.029163	0.031985	0.020696	0.008467	0.022578	0.015992	0.006585	0.011289	0.009407	0.016933	0.016933	0.006585	0.005644	0.010348	0.007526	0.026341	0.034807	0.050800	0.029163	0.015992	0.015052	0.013170	0.013170	0.015052	0.021637	0.041392	0.029163	
0.024459	0.010348	0.009407	0.021637	0.017874	0.004704	0.011289	0.006585	0.015052	0.009407	0.013170	0.010348	0.008467	0.005644	0.005644	0.022578	0.021637	0.010348	0.010348	0.025400	0.024459	0.009407	0.034807	0.016933	0.034807	0.031044	0.052681	0.027281	0.011289	0.003763	0.009407	0.059266	0.013170	0.006585	0.004704	0.013170	0.031044	0.010348	0.018815	0.015052	0.024459	0.017874	0.013170	0.014111	0.004704	0.003763	0.007526	0.024459	0.012230	0.012230	0.007526	0.016933	0.024459	0.008467	0.009407	0.008467	0.016933	0.025400	0.017874	0.025400	0.010348	0.004704	0.010348	0.047037	
0.016933	0.015992	0.016933	0.021637	0.004704	0.018815	0.011289	0.004704	0.005644	0.008467	0.003763	0.014111	0.014111	0.031985	0.014111	0.016933	0.032926	0.015052	0.033866	0.015992	0.007526	0.008467	0.009407	0.007526	0.010348	0.033866	0.019755	0.010348	0.000941	0.012230	0.017874	0.015992	0.015992	0.025400	0.015052	0.034807	0.010348	0.036689	0.015992	0.020696	0.019755	0.040452	0.009407	0.027281	0.018815	0.022578	0.010348	0.025400	0.009407	0.014111	0.001881	0.009407	0.000941	0.010348	0.004704	0.001881	0.004704	0.018815	0.004704	0.004704	0.000941	0.061148	0.024459	0.066792	
0.025400	0.015992	0.020696	0.013170	0.018815	0.015052	0.029163	0.007526	0.004704	0.023518	0.018815	0.020696	0.020696	0.014111	0.031044	0.015992	0.007526	0.004704	0.006585	0.004704	0.003763	0.018815	0.041392	0.010348	0.006585	0.011289	0.014111	0.009407	0.002822	0.006585	0.015992	0.009407	0.015052	0.009407	0.007526	0.008467	0.022578	0.027281	0.036689	0.015052	0.007526	0.013170	0.010348	0.006585	0.014111	0.015052	0.014111	0.013170	0.013170	0.002822	0.008467	0.010348	0.015052	0.036689	0.048918	0.027281	0.014111	0.020696	0.015992	0.015992	0.020696	0.027281	0.052681	0.024459	
0.020696	0.011289	0.012230	0.016933	0.009407	0.003763	0.009407	0.010348	0.009407	0.015052	0.010348	0.008467	0.007526	0.001881	0.014111	0.013170	0.027281	0.006585	0.012230	0.014111	0.039511	0.012230	0.029163	0.016933	0.043274	0.028222	0.053622	0.031044	0.006585	0.004704	0.012230	0.036689	0.008467	0.008467	0.004704	0.011289	0.027281	0.014111	0.016933	0.010348	0.013170	0.017874	0.013170	0.015052	0.007526	0.012230	0.006585	0.026341	0.018815	0.013170	0.003763	0.022578	0.023518	0.011289	0.020696	0.007526	0.028222	0.037629	0.024459	0.023518	0.011289	0.007526	0.008467	0.035748	
0.020696	0.024459	0.006585	0.023518	0.003763	0.015052	0.015992	0.004704	0.008467	0.015992	0.002822	0.005644	0.015052	0.020696	0.010348	0.018815	0.035748	0.019755	0.025400	0.018815	0.008467	0.010348	0.013170	0.009407	0.014111	0.026341	0.020696	0.015052	0.000941	0.009407	0.022578	0.012230	0.023518	0.026341	0.015052	0.029163	0.007526	0.044214	0.029163	0.017874	0.015992	0.049859	0.008467	0.027281	0.011289	0.025400	0.011289	0.030103	0.007526	0.014111	0.001881	0.009407	0.000941	0.014111	0.009407	0.001881	0.007526	0.015052	0.005644	0.013170	0.000941	0.048918	0.026341	0.035748	
