>NC_002935
0.000896	0.000896	0.000896	0.000896	0.000896	0.000896	0.000896	0.000896	0.000896	0.000896	0.000896	0.000896	0.000896	0.000896	0.000896	0.000896	0.000896	0.000896	0.000896	0.000896	0.000896	0.000896	0.000896	0.000896	0.000896	0.000896	0.000896	0.000896	0.303763	0.000896	0.000896	0.000896	0.000896	0.000896	0.000896	0.000896	0.000896	0.000896	0.000896	0.000896	0.000896	0.000896	0.000896	0.000896	0.000896	0.000896	0.000896	0.000896	0.000896	0.000896	0.000896	0.000896	0.164875	0.000896	0.000896	0.000896	0.000896	0.000896	0.000896	0.000896	0.534050	0.000896	0.000896	0.000896	
0.000896	0.000896	0.000896	0.000896	0.000896	0.000896	0.000896	0.000896	0.000896	0.000896	0.000896	0.000896	0.000896	0.000896	0.000896	0.000896	0.028674	0.042115	0.037634	0.059140	0.000896	0.000896	0.000896	0.000896	0.000896	0.000896	0.000896	0.000896	0.000896	0.000896	0.000896	0.000896	0.000896	0.000896	0.000896	0.000896	0.000896	0.000896	0.000896	0.000896	0.000896	0.000896	0.000896	0.000896	0.000896	0.000896	0.000896	0.000896	0.174731	0.199821	0.297491	0.167563	0.000896	0.000896	0.000896	0.000896	0.000896	0.000896	0.000896	0.000896	0.000896	0.000896	0.000896	0.000896	
0.053763	0.062724	0.047491	0.041219	0.063620	0.045699	0.031362	0.103047	0.065412	0.091398	0.071685	0.108423	0.034946	0.045699	0.062724	0.085125	0.000896	0.000896	0.000896	0.000896	0.000896	0.000896	0.000896	0.000896	0.000896	0.000896	0.000896	0.000896	0.000896	0.000896	0.000896	0.000896	0.000896	0.000896	0.000896	0.000896	0.000896	0.000896	0.000896	0.000896	0.000896	0.000896	0.000896	0.000896	0.000896	0.000896	0.000896	0.000896	0.000896	0.000896	0.000896	0.000896	0.000896	0.000896	0.000896	0.000896	0.000896	0.000896	0.000896	0.000896	0.000896	0.000896	0.000896	0.000896	
0.012545	0.016129	0.015233	0.012545	0.007168	0.021505	0.025090	0.011649	0.010753	0.025090	0.008961	0.005376	0.006272	0.021505	0.005376	0.010753	0.017921	0.020609	0.018817	0.008961	0.014337	0.016129	0.013441	0.004480	0.006272	0.017025	0.006272	0.004480	0.000896	0.021505	0.031362	0.051971	0.021505	0.009857	0.023297	0.013441	0.004480	0.028674	0.036738	0.024194	0.023297	0.025986	0.008065	0.017025	0.012545	0.029570	0.025090	0.043907	0.006272	0.012545	0.017025	0.001792	0.000896	0.014337	0.025986	0.007168	0.018817	0.031362	0.008065	0.007168	0.000896	0.028674	0.024194	0.034050	
0.021505	0.009857	0.015233	0.011649	0.012545	0.015233	0.019713	0.011649	0.017025	0.023297	0.020609	0.013441	0.011649	0.011649	0.008961	0.004480	0.004480	0.004480	0.011649	0.006272	0.013441	0.025986	0.015233	0.025986	0.029570	0.033154	0.018817	0.019713	0.005376	0.016129	0.013441	0.012545	0.016129	0.014337	0.017025	0.011649	0.020609	0.021505	0.034050	0.023297	0.007168	0.010753	0.004480	0.008961	0.008065	0.007168	0.012545	0.006272	0.005376	0.003584	0.008961	0.002688	0.027778	0.020609	0.031362	0.021505	0.022401	0.025090	0.016129	0.022401	0.025090	0.043907	0.030466	0.041219	
0.010753	0.015233	0.011649	0.009857	0.006272	0.005376	0.005376	0.015233	0.008961	0.018817	0.014337	0.010753	0.008961	0.003584	0.006272	0.013441	0.021505	0.015233	0.018817	0.018817	0.020609	0.020609	0.013441	0.028674	0.019713	0.018817	0.025090	0.036738	0.017025	0.016129	0.017921	0.031362	0.019713	0.014337	0.028674	0.013441	0.023297	0.011649	0.023297	0.034050	0.014337	0.017025	0.011649	0.017025	0.011649	0.009857	0.018817	0.024194	0.013441	0.010753	0.011649	0.014337	0.021505	0.011649	0.014337	0.031362	0.013441	0.015233	0.013441	0.023297	0.001792	0.019713	0.015233	0.027778	
0.016129	0.012545	0.019713	0.017025	0.005376	0.013441	0.024194	0.012545	0.013441	0.028674	0.010753	0.017921	0.003584	0.019713	0.012545	0.020609	0.019713	0.022401	0.017921	0.011649	0.014337	0.012545	0.011649	0.010753	0.014337	0.018817	0.012545	0.010753	0.000896	0.038530	0.025090	0.044803	0.010753	0.014337	0.016129	0.015233	0.004480	0.020609	0.025090	0.019713	0.012545	0.017921	0.009857	0.024194	0.010753	0.025090	0.011649	0.040323	0.010753	0.014337	0.008065	0.006272	0.000896	0.022401	0.017025	0.008961	0.012545	0.026882	0.009857	0.008961	0.000896	0.049283	0.023297	0.023297	
0.017025	0.010753	0.013441	0.016129	0.009857	0.025986	0.014337	0.013441	0.010753	0.017025	0.017025	0.017025	0.013441	0.010753	0.014337	0.011649	0.005376	0.005376	0.007168	0.007168	0.014337	0.011649	0.018817	0.024194	0.015233	0.023297	0.016129	0.023297	0.008065	0.014337	0.016129	0.013441	0.021505	0.012545	0.004480	0.014337	0.023297	0.017921	0.025090	0.025986	0.010753	0.009857	0.013441	0.008961	0.011649	0.014337	0.015233	0.020609	0.001792	0.002688	0.008065	0.003584	0.022401	0.037634	0.038530	0.034050	0.014337	0.020609	0.020609	0.017025	0.025090	0.031362	0.038530	0.034050	
0.011649	0.004480	0.016129	0.013441	0.009857	0.003584	0.006272	0.011649	0.009857	0.009857	0.006272	0.007168	0.008961	0.003584	0.015233	0.013441	0.018817	0.010753	0.015233	0.025090	0.024194	0.009857	0.020609	0.038530	0.022401	0.022401	0.023297	0.028674	0.021505	0.018817	0.025986	0.031362	0.013441	0.011649	0.011649	0.014337	0.026882	0.008065	0.017921	0.017921	0.015233	0.020609	0.014337	0.017025	0.005376	0.012545	0.028674	0.019713	0.019713	0.009857	0.016129	0.012545	0.020609	0.012545	0.011649	0.025986	0.019713	0.021505	0.023297	0.019713	0.018817	0.010753	0.023297	0.026882	
0.015233	0.019713	0.014337	0.014337	0.003584	0.011649	0.012545	0.008961	0.011649	0.024194	0.007168	0.016129	0.007168	0.024194	0.015233	0.018817	0.014337	0.026882	0.020609	0.019713	0.011649	0.008961	0.005376	0.008065	0.016129	0.020609	0.009857	0.009857	0.000896	0.037634	0.021505	0.034050	0.017921	0.009857	0.015233	0.024194	0.008065	0.021505	0.025986	0.018817	0.016129	0.017921	0.011649	0.021505	0.009857	0.034946	0.010753	0.017025	0.012545	0.018817	0.019713	0.003584	0.000896	0.025090	0.013441	0.006272	0.017025	0.034050	0.025090	0.017025	0.000896	0.037634	0.023297	0.029570	
0.016129	0.017921	0.014337	0.011649	0.017025	0.020609	0.017025	0.020609	0.010753	0.025986	0.018817	0.014337	0.012545	0.016129	0.020609	0.012545	0.004480	0.007168	0.007168	0.005376	0.016129	0.018817	0.010753	0.021505	0.017921	0.018817	0.007168	0.013441	0.008065	0.011649	0.014337	0.008065	0.015233	0.018817	0.010753	0.016129	0.017921	0.017921	0.033154	0.027778	0.017025	0.010753	0.009857	0.016129	0.012545	0.017025	0.025090	0.009857	0.007168	0.002688	0.007168	0.001792	0.025986	0.041219	0.037634	0.029570	0.011649	0.019713	0.023297	0.016129	0.011649	0.025986	0.031362	0.030466	
0.012545	0.005376	0.013441	0.011649	0.008961	0.009857	0.010753	0.017025	0.006272	0.008961	0.008961	0.015233	0.003584	0.006272	0.016129	0.008961	0.018817	0.017025	0.027778	0.013441	0.024194	0.017025	0.015233	0.042115	0.033154	0.022401	0.018817	0.024194	0.017025	0.015233	0.027778	0.039427	0.014337	0.015233	0.009857	0.017921	0.023297	0.011649	0.013441	0.026882	0.013441	0.009857	0.017921	0.017921	0.011649	0.008065	0.016129	0.024194	0.016129	0.007168	0.010753	0.010753	0.019713	0.017025	0.012545	0.021505	0.025986	0.025090	0.019713	0.020609	0.009857	0.010753	0.014337	0.025986	
0.008961	0.019713	0.015233	0.017921	0.002688	0.012545	0.019713	0.009857	0.008961	0.018817	0.011649	0.022401	0.006272	0.025986	0.009857	0.011649	0.015233	0.022401	0.021505	0.017025	0.017025	0.018817	0.010753	0.008961	0.007168	0.019713	0.012545	0.012545	0.000896	0.051971	0.014337	0.040323	0.017921	0.014337	0.025986	0.020609	0.006272	0.024194	0.022401	0.013441	0.017921	0.011649	0.012545	0.023297	0.012545	0.026882	0.012545	0.025986	0.008961	0.016129	0.015233	0.001792	0.000896	0.025986	0.010753	0.002688	0.013441	0.028674	0.021505	0.010753	0.000896	0.036738	0.029570	0.031362	
0.015233	0.015233	0.011649	0.008961	0.016129	0.023297	0.020609	0.012545	0.017025	0.026882	0.018817	0.015233	0.016129	0.015233	0.016129	0.009857	0.003584	0.013441	0.008065	0.001792	0.019713	0.017025	0.021505	0.023297	0.017921	0.017921	0.014337	0.013441	0.008961	0.008065	0.010753	0.007168	0.021505	0.006272	0.011649	0.008065	0.018817	0.021505	0.019713	0.018817	0.013441	0.014337	0.015233	0.015233	0.010753	0.019713	0.021505	0.017025	0.005376	0.008065	0.003584	0.003584	0.027778	0.034050	0.046595	0.033154	0.019713	0.016129	0.016129	0.014337	0.021505	0.034050	0.028674	0.025090	
0.015233	0.008065	0.009857	0.012545	0.014337	0.008961	0.008961	0.010753	0.010753	0.007168	0.002688	0.014337	0.005376	0.005376	0.005376	0.006272	0.028674	0.013441	0.024194	0.016129	0.028674	0.017025	0.013441	0.036738	0.034050	0.018817	0.020609	0.034946	0.017025	0.016129	0.022401	0.032258	0.017921	0.011649	0.014337	0.024194	0.025986	0.007168	0.017921	0.024194	0.018817	0.012545	0.014337	0.018817	0.012545	0.008065	0.020609	0.017025	0.015233	0.012545	0.013441	0.016129	0.018817	0.016129	0.013441	0.028674	0.020609	0.021505	0.020609	0.014337	0.009857	0.005376	0.015233	0.028674	
0.015233	0.014337	0.020609	0.026882	0.004480	0.015233	0.019713	0.006272	0.015233	0.020609	0.010753	0.015233	0.006272	0.032258	0.011649	0.018817	0.023297	0.029570	0.020609	0.014337	0.017025	0.011649	0.008065	0.012545	0.014337	0.015233	0.012545	0.011649	0.000896	0.031362	0.028674	0.039427	0.021505	0.017921	0.017025	0.027778	0.005376	0.021505	0.021505	0.011649	0.007168	0.019713	0.008961	0.022401	0.015233	0.026882	0.016129	0.024194	0.012545	0.015233	0.013441	0.003584	0.000896	0.016129	0.010753	0.007168	0.007168	0.033154	0.012545	0.010753	0.000896	0.034946	0.026882	0.021505	
0.011649	0.023297	0.017025	0.020609	0.017921	0.020609	0.025090	0.013441	0.020609	0.027778	0.014337	0.008961	0.013441	0.020609	0.022401	0.016129	0.005376	0.004480	0.008961	0.008961	0.018817	0.012545	0.016129	0.017025	0.011649	0.017921	0.015233	0.015233	0.011649	0.007168	0.010753	0.008065	0.014337	0.007168	0.009857	0.012545	0.025986	0.025090	0.019713	0.017921	0.017921	0.012545	0.008961	0.005376	0.010753	0.013441	0.020609	0.015233	0.007168	0.005376	0.006272	0.004480	0.032258	0.026882	0.040323	0.025986	0.022401	0.024194	0.025986	0.010753	0.021505	0.030466	0.034946	0.017025	
0.009857	0.006272	0.007168	0.015233	0.008961	0.009857	0.015233	0.006272	0.011649	0.008065	0.011649	0.010753	0.007168	0.011649	0.014337	0.013441	0.028674	0.025986	0.023297	0.017025	0.025986	0.010753	0.020609	0.027778	0.031362	0.020609	0.020609	0.028674	0.019713	0.007168	0.023297	0.024194	0.023297	0.008961	0.016129	0.024194	0.030466	0.014337	0.016129	0.021505	0.019713	0.017025	0.013441	0.014337	0.008961	0.008065	0.011649	0.011649	0.012545	0.018817	0.012545	0.013441	0.019713	0.014337	0.012545	0.025090	0.033154	0.019713	0.016129	0.019713	0.003584	0.016129	0.017025	0.019713	
0.017025	0.011649	0.017025	0.028674	0.005376	0.014337	0.029570	0.010753	0.009857	0.025986	0.012545	0.010753	0.008961	0.036738	0.008065	0.016129	0.026882	0.024194	0.011649	0.022401	0.020609	0.010753	0.008065	0.009857	0.006272	0.028674	0.011649	0.017921	0.000896	0.033154	0.015233	0.031362	0.017025	0.019713	0.027778	0.031362	0.006272	0.018817	0.028674	0.011649	0.010753	0.021505	0.010753	0.018817	0.017025	0.021505	0.014337	0.020609	0.008065	0.015233	0.013441	0.002688	0.000896	0.017025	0.016129	0.008961	0.004480	0.035842	0.013441	0.012545	0.000896	0.032258	0.016129	0.019713	
0.019713	0.023297	0.013441	0.012545	0.017025	0.017921	0.016129	0.019713	0.009857	0.025090	0.021505	0.013441	0.019713	0.020609	0.025090	0.019713	0.007168	0.010753	0.007168	0.008065	0.017921	0.015233	0.016129	0.011649	0.021505	0.017921	0.027778	0.015233	0.008065	0.012545	0.009857	0.010753	0.011649	0.006272	0.007168	0.006272	0.030466	0.022401	0.030466	0.028674	0.017921	0.008065	0.012545	0.009857	0.010753	0.010753	0.025986	0.012545	0.007168	0.005376	0.010753	0.004480	0.027778	0.030466	0.044803	0.020609	0.010753	0.014337	0.015233	0.013441	0.016129	0.026882	0.029570	0.015233	
0.012545	0.012545	0.013441	0.007168	0.010753	0.011649	0.009857	0.013441	0.006272	0.009857	0.012545	0.009857	0.004480	0.001792	0.016129	0.008961	0.035842	0.014337	0.023297	0.019713	0.020609	0.018817	0.017921	0.028674	0.042115	0.025986	0.024194	0.015233	0.016129	0.010753	0.023297	0.030466	0.017025	0.008065	0.014337	0.020609	0.020609	0.012545	0.008961	0.023297	0.018817	0.015233	0.025090	0.017921	0.006272	0.006272	0.019713	0.019713	0.014337	0.008961	0.014337	0.017025	0.024194	0.010753	0.010753	0.025090	0.018817	0.024194	0.022401	0.025090	0.012545	0.013441	0.018817	0.013441	
0.017921	0.019713	0.020609	0.021505	0.002688	0.014337	0.020609	0.006272	0.012545	0.029570	0.010753	0.012545	0.015233	0.034050	0.005376	0.009857	0.017025	0.023297	0.016129	0.019713	0.023297	0.013441	0.008065	0.008961	0.012545	0.016129	0.012545	0.006272	0.000896	0.037634	0.018817	0.033154	0.025986	0.010753	0.019713	0.029570	0.005376	0.027778	0.025986	0.016129	0.017025	0.026882	0.012545	0.027778	0.013441	0.020609	0.011649	0.022401	0.006272	0.018817	0.009857	0.004480	0.000896	0.016129	0.012545	0.002688	0.016129	0.033154	0.012545	0.016129	0.000896	0.040323	0.015233	0.016129	
0.015233	0.012545	0.024194	0.015233	0.021505	0.014337	0.018817	0.017921	0.015233	0.022401	0.018817	0.009857	0.012545	0.020609	0.023297	0.018817	0.010753	0.010753	0.006272	0.004480	0.017025	0.016129	0.018817	0.019713	0.017025	0.025090	0.014337	0.010753	0.006272	0.008961	0.008961	0.009857	0.017921	0.009857	0.016129	0.014337	0.026882	0.023297	0.028674	0.026882	0.014337	0.008065	0.014337	0.011649	0.007168	0.011649	0.025090	0.018817	0.008961	0.008065	0.008065	0.005376	0.036738	0.015233	0.052867	0.027778	0.013441	0.018817	0.008961	0.009857	0.017921	0.024194	0.019713	0.019713	
0.011649	0.012545	0.018817	0.009857	0.013441	0.009857	0.007168	0.010753	0.013441	0.013441	0.013441	0.014337	0.012545	0.003584	0.010753	0.012545	0.027778	0.021505	0.032258	0.020609	0.026882	0.007168	0.014337	0.020609	0.041219	0.025090	0.026882	0.025986	0.019713	0.011649	0.025090	0.035842	0.015233	0.008065	0.019713	0.017025	0.017921	0.006272	0.017921	0.032258	0.017921	0.011649	0.017025	0.009857	0.007168	0.008961	0.013441	0.012545	0.016129	0.007168	0.010753	0.009857	0.021505	0.012545	0.013441	0.017921	0.022401	0.018817	0.015233	0.020609	0.013441	0.011649	0.021505	0.020609	
0.017921	0.014337	0.023297	0.015233	0.005376	0.017921	0.016129	0.009857	0.015233	0.038530	0.011649	0.016129	0.008065	0.025090	0.011649	0.012545	0.022401	0.028674	0.010753	0.017921	0.017025	0.008065	0.004480	0.006272	0.012545	0.015233	0.009857	0.015233	0.000896	0.030466	0.025090	0.025090	0.020609	0.023297	0.021505	0.029570	0.006272	0.017025	0.031362	0.014337	0.012545	0.022401	0.008065	0.029570	0.008961	0.028674	0.013441	0.019713	0.009857	0.017921	0.015233	0.009857	0.000896	0.016129	0.011649	0.007168	0.007168	0.040323	0.016129	0.007168	0.000896	0.037634	0.019713	0.023297	
0.021505	0.021505	0.015233	0.012545	0.025090	0.019713	0.027778	0.011649	0.008961	0.025986	0.025090	0.010753	0.011649	0.021505	0.022401	0.017025	0.008961	0.011649	0.003584	0.005376	0.018817	0.014337	0.017025	0.008961	0.014337	0.017025	0.019713	0.012545	0.009857	0.004480	0.013441	0.009857	0.011649	0.010753	0.013441	0.011649	0.027778	0.020609	0.039427	0.028674	0.014337	0.012545	0.010753	0.008065	0.017025	0.016129	0.016129	0.018817	0.002688	0.003584	0.006272	0.006272	0.034946	0.025986	0.040323	0.020609	0.013441	0.014337	0.021505	0.020609	0.016129	0.019713	0.027778	0.017025	
0.016129	0.008065	0.008961	0.011649	0.014337	0.008065	0.015233	0.009857	0.010753	0.012545	0.009857	0.005376	0.005376	0.007168	0.014337	0.008961	0.025090	0.026882	0.027778	0.026882	0.026882	0.017025	0.017921	0.018817	0.033154	0.033154	0.033154	0.025090	0.015233	0.005376	0.023297	0.025986	0.012545	0.010753	0.014337	0.013441	0.024194	0.013441	0.013441	0.018817	0.024194	0.017025	0.017025	0.018817	0.008961	0.009857	0.024194	0.008961	0.009857	0.011649	0.014337	0.018817	0.025090	0.006272	0.014337	0.016129	0.026882	0.018817	0.019713	0.014337	0.008961	0.009857	0.015233	0.028674	
0.014337	0.012545	0.015233	0.021505	0.005376	0.021505	0.021505	0.008961	0.009857	0.033154	0.012545	0.009857	0.011649	0.041219	0.007168	0.010753	0.021505	0.023297	0.026882	0.018817	0.017025	0.010753	0.008961	0.008065	0.006272	0.032258	0.005376	0.017025	0.000896	0.025986	0.018817	0.017921	0.019713	0.022401	0.017025	0.035842	0.008961	0.022401	0.034946	0.015233	0.012545	0.029570	0.008961	0.028674	0.010753	0.020609	0.013441	0.018817	0.012545	0.017025	0.006272	0.002688	0.000896	0.017025	0.008065	0.006272	0.006272	0.036738	0.020609	0.013441	0.000896	0.033154	0.019713	0.018817	
0.020609	0.016129	0.015233	0.016129	0.019713	0.019713	0.022401	0.013441	0.009857	0.023297	0.018817	0.013441	0.018817	0.018817	0.029570	0.011649	0.004480	0.008065	0.009857	0.009857	0.016129	0.014337	0.027778	0.013441	0.017025	0.020609	0.017025	0.018817	0.010753	0.010753	0.007168	0.009857	0.010753	0.006272	0.008961	0.008961	0.037634	0.023297	0.032258	0.038530	0.017025	0.011649	0.008961	0.009857	0.012545	0.014337	0.022401	0.019713	0.009857	0.003584	0.005376	0.005376	0.033154	0.021505	0.042115	0.024194	0.009857	0.016129	0.020609	0.012545	0.009857	0.020609	0.025090	0.010753	
0.008065	0.010753	0.017025	0.009857	0.010753	0.007168	0.011649	0.004480	0.009857	0.012545	0.009857	0.007168	0.006272	0.006272	0.012545	0.015233	0.038530	0.017921	0.027778	0.022401	0.028674	0.012545	0.019713	0.017921	0.043907	0.034050	0.020609	0.025986	0.018817	0.009857	0.034050	0.026882	0.017921	0.009857	0.010753	0.015233	0.028674	0.007168	0.014337	0.021505	0.020609	0.010753	0.016129	0.017921	0.009857	0.007168	0.021505	0.016129	0.019713	0.010753	0.013441	0.008065	0.026882	0.012545	0.009857	0.015233	0.027778	0.016129	0.020609	0.019713	0.004480	0.009857	0.018817	0.018817	
0.014337	0.025986	0.014337	0.029570	0.003584	0.024194	0.017921	0.003584	0.012545	0.029570	0.010753	0.016129	0.011649	0.026882	0.008065	0.008961	0.020609	0.025090	0.029570	0.019713	0.020609	0.007168	0.007168	0.004480	0.011649	0.021505	0.012545	0.009857	0.000896	0.028674	0.011649	0.017921	0.025986	0.023297	0.020609	0.032258	0.006272	0.020609	0.033154	0.013441	0.013441	0.021505	0.008065	0.024194	0.011649	0.026882	0.015233	0.017025	0.006272	0.015233	0.014337	0.003584	0.000896	0.014337	0.009857	0.008065	0.010753	0.049283	0.018817	0.008065	0.000896	0.037634	0.017921	0.020609	
0.017025	0.021505	0.015233	0.013441	0.022401	0.019713	0.028674	0.018817	0.022401	0.018817	0.021505	0.016129	0.025986	0.021505	0.021505	0.016129	0.007168	0.013441	0.006272	0.004480	0.022401	0.009857	0.017921	0.016129	0.010753	0.021505	0.021505	0.014337	0.007168	0.005376	0.012545	0.004480	0.012545	0.014337	0.013441	0.008065	0.034050	0.022401	0.040323	0.025090	0.011649	0.014337	0.013441	0.010753	0.013441	0.008961	0.021505	0.014337	0.006272	0.006272	0.006272	0.006272	0.043011	0.023297	0.031362	0.022401	0.017025	0.017921	0.008065	0.009857	0.010753	0.016129	0.022401	0.015233	
0.016129	0.008065	0.008961	0.009857	0.020609	0.008961	0.011649	0.014337	0.013441	0.011649	0.009857	0.006272	0.007168	0.006272	0.009857	0.008961	0.033154	0.025986	0.035842	0.026882	0.024194	0.014337	0.017025	0.019713	0.037634	0.025090	0.026882	0.028674	0.016129	0.008961	0.033154	0.024194	0.013441	0.010753	0.015233	0.022401	0.020609	0.010753	0.015233	0.025986	0.013441	0.013441	0.016129	0.021505	0.008065	0.002688	0.017921	0.022401	0.019713	0.011649	0.014337	0.011649	0.017921	0.009857	0.008065	0.016129	0.026882	0.017921	0.020609	0.012545	0.003584	0.012545	0.019713	0.014337	
0.017921	0.020609	0.017921	0.025986	0.004480	0.020609	0.025090	0.006272	0.012545	0.034946	0.017921	0.008961	0.013441	0.037634	0.010753	0.008961	0.016129	0.025986	0.018817	0.022401	0.019713	0.011649	0.009857	0.002688	0.011649	0.025986	0.006272	0.008065	0.000896	0.028674	0.023297	0.023297	0.015233	0.024194	0.024194	0.027778	0.006272	0.025090	0.027778	0.008961	0.014337	0.030466	0.010753	0.017921	0.010753	0.025986	0.015233	0.017025	0.008961	0.009857	0.011649	0.004480	0.000896	0.017025	0.008961	0.003584	0.008961	0.043011	0.016129	0.012545	0.000896	0.021505	0.022401	0.025090	
0.013441	0.020609	0.011649	0.012545	0.024194	0.022401	0.020609	0.013441	0.014337	0.025090	0.018817	0.014337	0.015233	0.032258	0.017921	0.015233	0.007168	0.011649	0.008065	0.004480	0.019713	0.017025	0.027778	0.009857	0.012545	0.021505	0.022401	0.015233	0.006272	0.006272	0.003584	0.005376	0.012545	0.012545	0.011649	0.010753	0.043011	0.029570	0.024194	0.037634	0.011649	0.011649	0.012545	0.015233	0.011649	0.010753	0.017921	0.007168	0.003584	0.006272	0.009857	0.006272	0.040323	0.014337	0.038530	0.020609	0.015233	0.022401	0.020609	0.013441	0.014337	0.016129	0.021505	0.022401	
0.010753	0.007168	0.010753	0.008065	0.017921	0.011649	0.009857	0.011649	0.011649	0.007168	0.011649	0.010753	0.002688	0.004480	0.013441	0.013441	0.041219	0.026882	0.031362	0.027778	0.028674	0.010753	0.017921	0.025986	0.041219	0.017921	0.027778	0.024194	0.009857	0.013441	0.030466	0.027778	0.012545	0.007168	0.011649	0.022401	0.028674	0.008961	0.018817	0.024194	0.009857	0.017025	0.017025	0.030466	0.007168	0.007168	0.019713	0.024194	0.009857	0.013441	0.016129	0.008065	0.024194	0.008065	0.011649	0.021505	0.024194	0.011649	0.013441	0.011649	0.007168	0.008065	0.015233	0.019713	
0.012545	0.025090	0.017025	0.019713	0.006272	0.022401	0.017921	0.008065	0.012545	0.033154	0.013441	0.010753	0.013441	0.031362	0.015233	0.006272	0.017921	0.031362	0.018817	0.031362	0.024194	0.005376	0.007168	0.002688	0.017921	0.020609	0.011649	0.008065	0.000896	0.037634	0.021505	0.023297	0.018817	0.013441	0.024194	0.030466	0.006272	0.022401	0.017921	0.007168	0.008961	0.023297	0.008961	0.028674	0.011649	0.025986	0.018817	0.020609	0.008065	0.006272	0.008961	0.003584	0.000896	0.014337	0.015233	0.002688	0.008065	0.037634	0.018817	0.014337	0.000896	0.037634	0.030466	0.016129	
0.019713	0.013441	0.017025	0.007168	0.025986	0.021505	0.017921	0.010753	0.017025	0.021505	0.017025	0.013441	0.022401	0.017025	0.031362	0.014337	0.011649	0.012545	0.008961	0.004480	0.013441	0.016129	0.017921	0.017025	0.017921	0.014337	0.015233	0.010753	0.003584	0.003584	0.007168	0.006272	0.011649	0.017921	0.010753	0.007168	0.027778	0.027778	0.033154	0.025986	0.011649	0.015233	0.017025	0.008961	0.006272	0.009857	0.028674	0.017025	0.006272	0.006272	0.008961	0.005376	0.041219	0.034050	0.034050	0.023297	0.017921	0.029570	0.020609	0.017921	0.008961	0.017921	0.019713	0.019713	
0.014337	0.013441	0.008961	0.012545	0.016129	0.009857	0.013441	0.010753	0.008961	0.012545	0.016129	0.008065	0.003584	0.002688	0.008065	0.009857	0.036738	0.015233	0.028674	0.027778	0.040323	0.013441	0.022401	0.023297	0.034946	0.014337	0.031362	0.022401	0.013441	0.008065	0.028674	0.026882	0.017921	0.009857	0.012545	0.024194	0.029570	0.015233	0.014337	0.021505	0.019713	0.017025	0.012545	0.020609	0.009857	0.004480	0.011649	0.025090	0.010753	0.010753	0.008065	0.011649	0.017921	0.009857	0.009857	0.010753	0.032258	0.010753	0.024194	0.019713	0.009857	0.007168	0.016129	0.024194	
0.012545	0.018817	0.019713	0.028674	0.005376	0.017921	0.021505	0.004480	0.010753	0.025090	0.012545	0.009857	0.009857	0.043907	0.009857	0.012545	0.021505	0.029570	0.019713	0.033154	0.023297	0.009857	0.009857	0.005376	0.009857	0.025986	0.011649	0.012545	0.000896	0.026882	0.017921	0.020609	0.017025	0.018817	0.025090	0.034946	0.008961	0.016129	0.024194	0.005376	0.014337	0.032258	0.015233	0.022401	0.014337	0.028674	0.014337	0.013441	0.007168	0.015233	0.010753	0.003584	0.000896	0.011649	0.006272	0.003584	0.005376	0.025090	0.017025	0.017025	0.000896	0.042115	0.023297	0.019713	
0.021505	0.011649	0.015233	0.009857	0.019713	0.023297	0.025986	0.013441	0.008961	0.019713	0.028674	0.017921	0.023297	0.029570	0.027778	0.019713	0.010753	0.007168	0.011649	0.008961	0.016129	0.013441	0.018817	0.007168	0.016129	0.017921	0.018817	0.008961	0.003584	0.006272	0.003584	0.005376	0.010753	0.008065	0.008065	0.013441	0.041219	0.014337	0.025090	0.027778	0.018817	0.010753	0.017025	0.009857	0.012545	0.013441	0.022401	0.013441	0.005376	0.004480	0.007168	0.008961	0.041219	0.018817	0.043907	0.037634	0.012545	0.018817	0.018817	0.015233	0.016129	0.015233	0.022401	0.012545	
0.019713	0.014337	0.007168	0.007168	0.010753	0.008961	0.005376	0.006272	0.007168	0.011649	0.010753	0.012545	0.006272	0.006272	0.014337	0.014337	0.037634	0.013441	0.032258	0.034946	0.033154	0.009857	0.013441	0.013441	0.030466	0.025090	0.017025	0.041219	0.018817	0.008065	0.026882	0.032258	0.014337	0.014337	0.008065	0.019713	0.025090	0.004480	0.014337	0.023297	0.019713	0.017921	0.016129	0.029570	0.005376	0.008961	0.017025	0.020609	0.017921	0.008961	0.013441	0.015233	0.019713	0.007168	0.020609	0.017025	0.028674	0.016129	0.017025	0.014337	0.007168	0.010753	0.008065	0.025090	
0.016129	0.025986	0.017921	0.029570	0.006272	0.019713	0.017921	0.007168	0.009857	0.033154	0.008065	0.009857	0.008065	0.037634	0.017025	0.014337	0.020609	0.029570	0.014337	0.024194	0.017921	0.006272	0.005376	0.000896	0.008961	0.019713	0.013441	0.011649	0.000896	0.024194	0.017025	0.017921	0.020609	0.016129	0.023297	0.025986	0.003584	0.028674	0.028674	0.009857	0.016129	0.024194	0.007168	0.013441	0.019713	0.034946	0.019713	0.023297	0.006272	0.015233	0.008961	0.007168	0.000896	0.018817	0.009857	0.004480	0.006272	0.033154	0.016129	0.010753	0.000896	0.051075	0.022401	0.017921	
0.015233	0.020609	0.018817	0.008961	0.025090	0.019713	0.025090	0.017025	0.010753	0.021505	0.017025	0.015233	0.017921	0.025986	0.035842	0.007168	0.008065	0.008961	0.008065	0.003584	0.016129	0.020609	0.022401	0.014337	0.017921	0.015233	0.015233	0.013441	0.005376	0.003584	0.009857	0.003584	0.008065	0.014337	0.009857	0.008961	0.042115	0.026882	0.027778	0.013441	0.013441	0.008065	0.015233	0.008065	0.008961	0.009857	0.014337	0.012545	0.007168	0.008065	0.009857	0.004480	0.036738	0.028674	0.048387	0.034050	0.019713	0.023297	0.015233	0.017921	0.012545	0.020609	0.024194	0.016129	
0.009857	0.009857	0.008961	0.009857	0.017025	0.008065	0.017025	0.009857	0.011649	0.017921	0.007168	0.009857	0.007168	0.001792	0.008961	0.008065	0.033154	0.022401	0.031362	0.033154	0.035842	0.012545	0.023297	0.024194	0.038530	0.027778	0.027778	0.029570	0.017921	0.004480	0.026882	0.029570	0.020609	0.012545	0.017921	0.010753	0.024194	0.007168	0.016129	0.020609	0.012545	0.012545	0.016129	0.021505	0.008065	0.008065	0.019713	0.018817	0.011649	0.008065	0.010753	0.014337	0.013441	0.015233	0.010753	0.020609	0.025986	0.017025	0.025986	0.015233	0.004480	0.011649	0.006272	0.017025	
0.014337	0.022401	0.015233	0.023297	0.004480	0.028674	0.015233	0.004480	0.017025	0.032258	0.010753	0.008961	0.005376	0.033154	0.013441	0.016129	0.015233	0.028674	0.024194	0.022401	0.020609	0.012545	0.008065	0.001792	0.014337	0.025986	0.014337	0.012545	0.000896	0.032258	0.015233	0.026882	0.017921	0.017921	0.019713	0.033154	0.007168	0.021505	0.030466	0.016129	0.012545	0.028674	0.013441	0.022401	0.013441	0.025090	0.016129	0.021505	0.006272	0.009857	0.010753	0.010753	0.000896	0.011649	0.010753	0.002688	0.004480	0.030466	0.014337	0.012545	0.000896	0.043011	0.011649	0.017921	
0.012545	0.013441	0.015233	0.012545	0.018817	0.025090	0.020609	0.014337	0.016129	0.025090	0.018817	0.009857	0.018817	0.022401	0.026882	0.021505	0.006272	0.010753	0.011649	0.004480	0.018817	0.018817	0.019713	0.017025	0.011649	0.025090	0.016129	0.011649	0.006272	0.003584	0.007168	0.008065	0.014337	0.008961	0.013441	0.011649	0.034946	0.029570	0.033154	0.019713	0.017921	0.017025	0.011649	0.006272	0.008961	0.016129	0.017025	0.014337	0.004480	0.004480	0.008961	0.002688	0.034946	0.023297	0.051075	0.024194	0.008961	0.017025	0.021505	0.008961	0.014337	0.017025	0.032258	0.018817	
0.006272	0.006272	0.011649	0.013441	0.012545	0.008065	0.010753	0.006272	0.013441	0.014337	0.010753	0.010753	0.005376	0.005376	0.014337	0.006272	0.036738	0.013441	0.031362	0.025986	0.037634	0.014337	0.018817	0.025986	0.036738	0.026882	0.031362	0.029570	0.019713	0.008961	0.022401	0.024194	0.012545	0.008065	0.011649	0.022401	0.025986	0.012545	0.020609	0.025090	0.018817	0.018817	0.014337	0.016129	0.007168	0.003584	0.012545	0.013441	0.013441	0.012545	0.010753	0.011649	0.020609	0.006272	0.010753	0.021505	0.026882	0.022401	0.022401	0.011649	0.005376	0.015233	0.021505	0.020609	
0.015233	0.018817	0.012545	0.022401	0.001792	0.017921	0.013441	0.007168	0.011649	0.032258	0.011649	0.009857	0.004480	0.041219	0.011649	0.016129	0.023297	0.032258	0.017921	0.023297	0.017025	0.011649	0.009857	0.002688	0.015233	0.025090	0.008065	0.012545	0.000896	0.035842	0.021505	0.020609	0.021505	0.022401	0.027778	0.024194	0.006272	0.038530	0.026882	0.010753	0.012545	0.031362	0.015233	0.019713	0.013441	0.025090	0.011649	0.017921	0.008065	0.014337	0.008961	0.006272	0.000896	0.019713	0.009857	0.002688	0.006272	0.037634	0.018817	0.008065	0.000896	0.034946	0.016129	0.012545	
0.016129	0.020609	0.019713	0.011649	0.022401	0.021505	0.025090	0.018817	0.011649	0.020609	0.017025	0.017921	0.010753	0.021505	0.027778	0.016129	0.005376	0.008065	0.006272	0.006272	0.024194	0.017025	0.030466	0.016129	0.012545	0.019713	0.016129	0.011649	0.006272	0.004480	0.006272	0.006272	0.014337	0.010753	0.008961	0.011649	0.039427	0.024194	0.027778	0.034946	0.012545	0.014337	0.018817	0.008065	0.008961	0.010753	0.016129	0.014337	0.005376	0.000896	0.008961	0.004480	0.046595	0.025986	0.040323	0.024194	0.020609	0.012545	0.013441	0.014337	0.012545	0.017921	0.020609	0.016129	
0.015233	0.008961	0.009857	0.007168	0.013441	0.008961	0.005376	0.012545	0.013441	0.008065	0.010753	0.011649	0.006272	0.003584	0.013441	0.010753	0.043011	0.025986	0.041219	0.022401	0.033154	0.016129	0.019713	0.019713	0.033154	0.028674	0.029570	0.032258	0.017025	0.011649	0.028674	0.036738	0.017921	0.008065	0.015233	0.016129	0.021505	0.008065	0.010753	0.026882	0.012545	0.017921	0.015233	0.019713	0.007168	0.007168	0.017025	0.020609	0.008961	0.008065	0.010753	0.010753	0.019713	0.006272	0.010753	0.017921	0.018817	0.014337	0.019713	0.017921	0.007168	0.010753	0.016129	0.018817	
0.013441	0.026882	0.013441	0.031362	0.003584	0.025986	0.017921	0.003584	0.013441	0.028674	0.021505	0.013441	0.005376	0.032258	0.008065	0.010753	0.020609	0.025986	0.024194	0.017025	0.017921	0.010753	0.008065	0.002688	0.009857	0.025090	0.006272	0.005376	0.000896	0.033154	0.021505	0.021505	0.010753	0.017921	0.021505	0.027778	0.004480	0.029570	0.025986	0.008961	0.016129	0.024194	0.010753	0.024194	0.017921	0.034050	0.011649	0.017921	0.008065	0.009857	0.017025	0.002688	0.000896	0.018817	0.008961	0.004480	0.016129	0.034946	0.016129	0.008065	0.000896	0.047491	0.025090	0.013441	
0.016129	0.009857	0.017921	0.008961	0.020609	0.026882	0.019713	0.013441	0.022401	0.025986	0.014337	0.013441	0.012545	0.020609	0.029570	0.016129	0.007168	0.006272	0.007168	0.006272	0.020609	0.025090	0.021505	0.017921	0.013441	0.017025	0.021505	0.008961	0.008065	0.005376	0.004480	0.001792	0.012545	0.016129	0.016129	0.010753	0.035842	0.024194	0.032258	0.020609	0.017025	0.017025	0.010753	0.009857	0.009857	0.008961	0.017921	0.014337	0.006272	0.007168	0.006272	0.005376	0.035842	0.033154	0.043907	0.034050	0.010753	0.022401	0.025986	0.007168	0.014337	0.014337	0.022401	0.012545	
0.015233	0.009857	0.008961	0.008065	0.014337	0.004480	0.012545	0.008065	0.014337	0.008961	0.008065	0.016129	0.003584	0.005376	0.011649	0.010753	0.039427	0.017921	0.032258	0.023297	0.034050	0.017921	0.025986	0.031362	0.026882	0.018817	0.039427	0.032258	0.018817	0.008961	0.025090	0.033154	0.014337	0.015233	0.015233	0.018817	0.023297	0.016129	0.017025	0.025986	0.019713	0.019713	0.015233	0.017921	0.007168	0.003584	0.014337	0.014337	0.010753	0.008065	0.016129	0.009857	0.013441	0.013441	0.008961	0.013441	0.021505	0.017025	0.017025	0.018817	0.010753	0.005376	0.012545	0.016129	
0.014337	0.026882	0.015233	0.023297	0.003584	0.024194	0.014337	0.008961	0.014337	0.028674	0.014337	0.015233	0.006272	0.026882	0.008961	0.017921	0.019713	0.028674	0.020609	0.016129	0.021505	0.013441	0.012545	0.004480	0.010753	0.033154	0.012545	0.008065	0.000896	0.034050	0.024194	0.019713	0.017921	0.019713	0.013441	0.031362	0.008961	0.028674	0.017025	0.009857	0.014337	0.031362	0.010753	0.023297	0.009857	0.030466	0.024194	0.020609	0.002688	0.015233	0.013441	0.008961	0.000896	0.009857	0.009857	0.002688	0.011649	0.027778	0.014337	0.009857	0.000896	0.038530	0.014337	0.020609	
0.016129	0.019713	0.012545	0.006272	0.027778	0.022401	0.023297	0.017025	0.013441	0.025090	0.013441	0.010753	0.017025	0.021505	0.025090	0.016129	0.005376	0.014337	0.008961	0.006272	0.016129	0.021505	0.023297	0.015233	0.012545	0.019713	0.008961	0.012545	0.004480	0.006272	0.008961	0.006272	0.016129	0.014337	0.008961	0.011649	0.027778	0.032258	0.032258	0.028674	0.016129	0.008961	0.013441	0.013441	0.016129	0.008065	0.017921	0.014337	0.003584	0.005376	0.005376	0.003584	0.040323	0.029570	0.037634	0.022401	0.018817	0.022401	0.022401	0.008065	0.017025	0.012545	0.022401	0.026882	
0.009857	0.009857	0.009857	0.011649	0.017921	0.010753	0.010753	0.014337	0.006272	0.007168	0.008065	0.014337	0.006272	0.006272	0.010753	0.004480	0.029570	0.027778	0.025090	0.029570	0.034946	0.016129	0.026882	0.027778	0.031362	0.035842	0.025986	0.023297	0.015233	0.011649	0.023297	0.033154	0.017025	0.011649	0.017025	0.015233	0.022401	0.015233	0.017025	0.021505	0.022401	0.016129	0.010753	0.008961	0.008961	0.005376	0.021505	0.008961	0.016129	0.012545	0.009857	0.016129	0.016129	0.007168	0.013441	0.011649	0.025986	0.017025	0.019713	0.011649	0.009857	0.014337	0.015233	0.024194	
0.008961	0.016129	0.011649	0.035842	0.005376	0.027778	0.018817	0.009857	0.011649	0.020609	0.010753	0.018817	0.009857	0.034946	0.011649	0.016129	0.020609	0.022401	0.025986	0.022401	0.017921	0.016129	0.008961	0.006272	0.010753	0.028674	0.016129	0.012545	0.000896	0.026882	0.013441	0.034050	0.017921	0.016129	0.023297	0.028674	0.004480	0.029570	0.030466	0.011649	0.006272	0.027778	0.008961	0.021505	0.008961	0.023297	0.013441	0.012545	0.006272	0.014337	0.016129	0.003584	0.000896	0.018817	0.015233	0.002688	0.004480	0.035842	0.016129	0.014337	0.000896	0.037634	0.015233	0.017025	
0.015233	0.016129	0.011649	0.010753	0.017025	0.014337	0.017921	0.019713	0.010753	0.032258	0.023297	0.010753	0.022401	0.020609	0.031362	0.016129	0.004480	0.009857	0.007168	0.007168	0.024194	0.015233	0.037634	0.015233	0.016129	0.027778	0.018817	0.010753	0.009857	0.006272	0.006272	0.008065	0.012545	0.004480	0.009857	0.006272	0.035842	0.019713	0.034946	0.022401	0.009857	0.017921	0.012545	0.011649	0.015233	0.017025	0.022401	0.012545	0.003584	0.004480	0.008961	0.003584	0.032258	0.023297	0.043011	0.024194	0.010753	0.017025	0.014337	0.011649	0.021505	0.018817	0.027778	0.011649	
0.006272	0.012545	0.010753	0.006272	0.010753	0.005376	0.008961	0.009857	0.008961	0.008961	0.011649	0.008065	0.003584	0.007168	0.009857	0.007168	0.036738	0.022401	0.022401	0.027778	0.029570	0.007168	0.022401	0.013441	0.041219	0.024194	0.041219	0.026882	0.019713	0.011649	0.019713	0.030466	0.009857	0.013441	0.010753	0.013441	0.026882	0.013441	0.017921	0.036738	0.017025	0.021505	0.017025	0.013441	0.008961	0.005376	0.009857	0.020609	0.023297	0.017025	0.012545	0.016129	0.023297	0.006272	0.015233	0.017921	0.028674	0.022401	0.025986	0.010753	0.011649	0.012545	0.010753	0.013441	
0.017025	0.018817	0.025090	0.015233	0.002688	0.025986	0.025986	0.010753	0.010753	0.020609	0.011649	0.013441	0.009857	0.034050	0.008065	0.011649	0.019713	0.041219	0.012545	0.017025	0.012545	0.006272	0.008961	0.004480	0.010753	0.026882	0.015233	0.011649	0.000896	0.028674	0.028674	0.019713	0.022401	0.024194	0.023297	0.025986	0.006272	0.029570	0.025986	0.015233	0.018817	0.036738	0.009857	0.030466	0.007168	0.021505	0.013441	0.017025	0.006272	0.017921	0.010753	0.008961	0.000896	0.019713	0.009857	0.006272	0.001792	0.025090	0.012545	0.010753	0.000896	0.032258	0.019713	0.018817	
