>NC_009668
0.001259	0.001259	0.001259	0.001259	0.001259	0.001259	0.001259	0.001259	0.001259	0.001259	0.001259	0.001259	0.001259	0.001259	0.001259	0.001259	0.001259	0.001259	0.001259	0.001259	0.001259	0.001259	0.001259	0.001259	0.001259	0.001259	0.001259	0.001259	0.180101	0.001259	0.001259	0.001259	0.001259	0.001259	0.001259	0.001259	0.001259	0.001259	0.001259	0.001259	0.001259	0.001259	0.001259	0.001259	0.001259	0.001259	0.001259	0.001259	0.001259	0.001259	0.001259	0.001259	0.552897	0.001259	0.001259	0.001259	0.001259	0.001259	0.001259	0.001259	0.270781	0.001259	0.001259	0.001259	
0.001259	0.001259	0.001259	0.001259	0.001259	0.001259	0.001259	0.001259	0.001259	0.001259	0.001259	0.001259	0.001259	0.001259	0.001259	0.001259	0.105793	0.074307	0.226700	0.149874	0.001259	0.001259	0.001259	0.001259	0.001259	0.001259	0.001259	0.001259	0.001259	0.001259	0.001259	0.001259	0.001259	0.001259	0.001259	0.001259	0.001259	0.001259	0.001259	0.001259	0.001259	0.001259	0.001259	0.001259	0.001259	0.001259	0.001259	0.001259	0.089421	0.105793	0.096977	0.161209	0.001259	0.001259	0.001259	0.001259	0.001259	0.001259	0.001259	0.001259	0.001259	0.001259	0.001259	0.001259	
0.045340	0.050378	0.046599	0.055416	0.031486	0.035264	0.045340	0.070529	0.090680	0.081864	0.074307	0.079345	0.030227	0.062972	0.095718	0.124685	0.001259	0.001259	0.001259	0.001259	0.001259	0.001259	0.001259	0.001259	0.001259	0.001259	0.001259	0.001259	0.001259	0.001259	0.001259	0.001259	0.001259	0.001259	0.001259	0.001259	0.001259	0.001259	0.001259	0.001259	0.001259	0.001259	0.001259	0.001259	0.001259	0.001259	0.001259	0.001259	0.001259	0.001259	0.001259	0.001259	0.001259	0.001259	0.001259	0.001259	0.001259	0.001259	0.001259	0.001259	0.001259	0.001259	0.001259	0.001259	
0.011335	0.013854	0.013854	0.010076	0.003778	0.017632	0.017632	0.015113	0.012594	0.027708	0.005038	0.005038	0.010076	0.022670	0.008816	0.017632	0.010076	0.007557	0.012594	0.005038	0.007557	0.011335	0.013854	0.006297	0.012594	0.022670	0.010076	0.003778	0.001259	0.022670	0.022670	0.027708	0.032746	0.020151	0.018892	0.022670	0.005038	0.032746	0.027708	0.020151	0.011335	0.054156	0.005038	0.007557	0.006297	0.027708	0.008816	0.040302	0.005038	0.013854	0.008816	0.006297	0.001259	0.026448	0.023929	0.015113	0.025189	0.049118	0.013854	0.011335	0.001259	0.041562	0.035264	0.050378	
0.010076	0.026448	0.010076	0.012594	0.011335	0.020151	0.016373	0.007557	0.017632	0.015113	0.011335	0.010076	0.010076	0.012594	0.010076	0.011335	0.003778	0.005038	0.005038	0.003778	0.020151	0.021411	0.028967	0.017632	0.012594	0.030227	0.028967	0.011335	0.007557	0.021411	0.013854	0.013854	0.015113	0.023929	0.010076	0.012594	0.037783	0.039043	0.041562	0.035264	0.003778	0.013854	0.006297	0.010076	0.010076	0.003778	0.007557	0.006297	0.001259	0.002519	0.007557	0.007557	0.021411	0.030227	0.040302	0.022670	0.021411	0.025189	0.017632	0.011335	0.008816	0.056675	0.037783	0.032746	
0.008816	0.008816	0.007557	0.005038	0.007557	0.011335	0.021411	0.017632	0.010076	0.011335	0.006297	0.005038	0.005038	0.010076	0.012594	0.008816	0.022670	0.013854	0.032746	0.021411	0.021411	0.018892	0.039043	0.031486	0.035264	0.031486	0.036524	0.023929	0.010076	0.013854	0.035264	0.023929	0.018892	0.008816	0.007557	0.020151	0.023929	0.011335	0.034005	0.015113	0.015113	0.021411	0.015113	0.012594	0.005038	0.007557	0.015113	0.015113	0.007557	0.008816	0.011335	0.008816	0.022670	0.017632	0.022670	0.031486	0.020151	0.013854	0.016373	0.018892	0.007557	0.011335	0.031486	0.013854	
0.007557	0.025189	0.011335	0.013854	0.003778	0.021411	0.006297	0.008816	0.007557	0.031486	0.008816	0.011335	0.005038	0.016373	0.016373	0.017632	0.010076	0.016373	0.034005	0.015113	0.011335	0.021411	0.017632	0.008816	0.016373	0.055416	0.031486	0.013854	0.001259	0.018892	0.020151	0.055416	0.011335	0.025189	0.017632	0.026448	0.006297	0.022670	0.022670	0.026448	0.016373	0.036524	0.011335	0.010076	0.007557	0.023929	0.008816	0.020151	0.006297	0.012594	0.002519	0.006297	0.001259	0.025189	0.010076	0.006297	0.016373	0.052897	0.008816	0.016373	0.001259	0.031486	0.003778	0.025189	
0.010076	0.010076	0.008816	0.006297	0.016373	0.027708	0.020151	0.015113	0.018892	0.023929	0.012594	0.010076	0.010076	0.022670	0.020151	0.008816	0.001259	0.007557	0.008816	0.005038	0.015113	0.023929	0.036524	0.015113	0.008816	0.018892	0.008816	0.020151	0.005038	0.012594	0.023929	0.008816	0.017632	0.012594	0.013854	0.012594	0.034005	0.055416	0.054156	0.032746	0.008816	0.022670	0.012594	0.016373	0.005038	0.017632	0.012594	0.016373	0.002519	0.002519	0.008816	0.001259	0.020151	0.022670	0.026448	0.021411	0.010076	0.015113	0.017632	0.006297	0.006297	0.041562	0.039043	0.031486	
0.006297	0.008816	0.010076	0.006297	0.008816	0.008816	0.008816	0.006297	0.007557	0.011335	0.010076	0.011335	0.002519	0.003778	0.008816	0.010076	0.021411	0.012594	0.035264	0.016373	0.035264	0.022670	0.027708	0.044081	0.035264	0.037783	0.035264	0.028967	0.006297	0.018892	0.032746	0.026448	0.017632	0.005038	0.006297	0.017632	0.022670	0.011335	0.027708	0.018892	0.011335	0.012594	0.015113	0.012594	0.006297	0.008816	0.007557	0.030227	0.003778	0.010076	0.002519	0.010076	0.030227	0.013854	0.028967	0.021411	0.022670	0.021411	0.022670	0.028967	0.007557	0.016373	0.021411	0.020151	
0.010076	0.017632	0.008816	0.012594	0.002519	0.018892	0.011335	0.003778	0.008816	0.021411	0.011335	0.012594	0.006297	0.021411	0.015113	0.007557	0.015113	0.023929	0.037783	0.020151	0.016373	0.016373	0.013854	0.010076	0.020151	0.039043	0.018892	0.015113	0.001259	0.022670	0.022670	0.044081	0.025189	0.017632	0.010076	0.023929	0.005038	0.025189	0.032746	0.020151	0.010076	0.041562	0.015113	0.016373	0.015113	0.028967	0.012594	0.025189	0.003778	0.007557	0.005038	0.006297	0.001259	0.022670	0.012594	0.011335	0.016373	0.030227	0.013854	0.010076	0.001259	0.040302	0.010076	0.035264	
0.017632	0.013854	0.017632	0.005038	0.015113	0.031486	0.008816	0.011335	0.018892	0.021411	0.016373	0.005038	0.016373	0.016373	0.016373	0.013854	0.001259	0.006297	0.010076	0.007557	0.016373	0.017632	0.027708	0.021411	0.018892	0.023929	0.013854	0.013854	0.002519	0.013854	0.008816	0.020151	0.017632	0.015113	0.012594	0.010076	0.021411	0.037783	0.047859	0.025189	0.017632	0.025189	0.006297	0.010076	0.007557	0.016373	0.016373	0.013854	0.010076	0.002519	0.005038	0.006297	0.023929	0.028967	0.047859	0.012594	0.016373	0.018892	0.012594	0.012594	0.006297	0.039043	0.042821	0.023929	
0.017632	0.005038	0.012594	0.011335	0.007557	0.007557	0.011335	0.011335	0.013854	0.007557	0.011335	0.012594	0.003778	0.008816	0.007557	0.008816	0.023929	0.016373	0.022670	0.013854	0.027708	0.016373	0.032746	0.039043	0.047859	0.039043	0.028967	0.016373	0.006297	0.015113	0.020151	0.028967	0.023929	0.021411	0.008816	0.017632	0.015113	0.021411	0.027708	0.025189	0.017632	0.018892	0.007557	0.005038	0.008816	0.007557	0.008816	0.016373	0.006297	0.005038	0.007557	0.013854	0.023929	0.018892	0.015113	0.027708	0.023929	0.021411	0.020151	0.018892	0.008816	0.011335	0.021411	0.030227	
0.010076	0.023929	0.018892	0.018892	0.002519	0.022670	0.017632	0.005038	0.013854	0.018892	0.007557	0.011335	0.013854	0.016373	0.008816	0.017632	0.018892	0.017632	0.027708	0.010076	0.018892	0.013854	0.016373	0.015113	0.011335	0.032746	0.028967	0.013854	0.001259	0.042821	0.015113	0.044081	0.020151	0.025189	0.016373	0.041562	0.003778	0.032746	0.036524	0.013854	0.008816	0.036524	0.008816	0.013854	0.003778	0.018892	0.016373	0.013854	0.003778	0.012594	0.002519	0.008816	0.001259	0.023929	0.010076	0.007557	0.008816	0.018892	0.016373	0.013854	0.001259	0.040302	0.013854	0.028967	
0.016373	0.010076	0.012594	0.013854	0.013854	0.023929	0.031486	0.010076	0.021411	0.020151	0.011335	0.012594	0.020151	0.026448	0.021411	0.011335	0.001259	0.006297	0.013854	0.005038	0.017632	0.023929	0.035264	0.016373	0.011335	0.036524	0.018892	0.013854	0.003778	0.015113	0.015113	0.007557	0.015113	0.005038	0.016373	0.006297	0.017632	0.034005	0.039043	0.016373	0.015113	0.025189	0.007557	0.013854	0.007557	0.012594	0.016373	0.016373	0.008816	0.003778	0.005038	0.002519	0.026448	0.044081	0.032746	0.015113	0.012594	0.016373	0.015113	0.010076	0.012594	0.027708	0.034005	0.030227	
0.013854	0.007557	0.010076	0.010076	0.010076	0.002519	0.003778	0.008816	0.010076	0.013854	0.015113	0.008816	0.006297	0.002519	0.012594	0.006297	0.023929	0.016373	0.017632	0.017632	0.031486	0.011335	0.039043	0.044081	0.050378	0.030227	0.041562	0.016373	0.006297	0.011335	0.016373	0.023929	0.025189	0.013854	0.008816	0.012594	0.036524	0.015113	0.020151	0.026448	0.011335	0.018892	0.011335	0.011335	0.007557	0.006297	0.012594	0.023929	0.010076	0.007557	0.015113	0.011335	0.025189	0.016373	0.021411	0.018892	0.030227	0.027708	0.015113	0.013854	0.006297	0.008816	0.020151	0.030227	
0.012594	0.022670	0.017632	0.020151	0.005038	0.011335	0.020151	0.008816	0.011335	0.030227	0.008816	0.001259	0.012594	0.021411	0.007557	0.010076	0.023929	0.013854	0.045340	0.020151	0.007557	0.010076	0.015113	0.012594	0.020151	0.028967	0.017632	0.017632	0.001259	0.028967	0.027708	0.040302	0.026448	0.021411	0.034005	0.020151	0.003778	0.032746	0.031486	0.022670	0.006297	0.036524	0.015113	0.025189	0.008816	0.021411	0.003778	0.016373	0.002519	0.012594	0.003778	0.007557	0.001259	0.015113	0.005038	0.007557	0.012594	0.027708	0.011335	0.010076	0.001259	0.047859	0.013854	0.021411	
0.021411	0.016373	0.017632	0.010076	0.011335	0.016373	0.030227	0.012594	0.037783	0.036524	0.015113	0.011335	0.012594	0.020151	0.026448	0.008816	0.002519	0.006297	0.007557	0.001259	0.010076	0.015113	0.028967	0.015113	0.017632	0.021411	0.021411	0.011335	0.007557	0.015113	0.013854	0.015113	0.010076	0.022670	0.012594	0.005038	0.036524	0.035264	0.037783	0.013854	0.013854	0.017632	0.010076	0.011335	0.010076	0.015113	0.018892	0.010076	0.007557	0.005038	0.006297	0.005038	0.010076	0.044081	0.052897	0.012594	0.012594	0.017632	0.015113	0.007557	0.005038	0.028967	0.040302	0.013854	
0.011335	0.007557	0.015113	0.007557	0.011335	0.011335	0.010076	0.017632	0.013854	0.011335	0.013854	0.005038	0.002519	0.003778	0.005038	0.010076	0.027708	0.008816	0.020151	0.011335	0.040302	0.013854	0.026448	0.030227	0.049118	0.037783	0.027708	0.035264	0.006297	0.006297	0.021411	0.020151	0.020151	0.017632	0.012594	0.031486	0.023929	0.013854	0.027708	0.027708	0.013854	0.018892	0.012594	0.016373	0.006297	0.006297	0.015113	0.013854	0.006297	0.008816	0.006297	0.013854	0.032746	0.010076	0.020151	0.016373	0.034005	0.035264	0.016373	0.013854	0.003778	0.010076	0.015113	0.018892	
0.018892	0.011335	0.016373	0.018892	0.002519	0.016373	0.013854	0.010076	0.010076	0.021411	0.011335	0.011335	0.011335	0.026448	0.006297	0.020151	0.010076	0.016373	0.054156	0.027708	0.010076	0.011335	0.018892	0.008816	0.015113	0.030227	0.018892	0.020151	0.001259	0.023929	0.030227	0.036524	0.023929	0.023929	0.032746	0.030227	0.008816	0.023929	0.052897	0.017632	0.015113	0.025189	0.012594	0.017632	0.012594	0.020151	0.013854	0.023929	0.003778	0.005038	0.003778	0.006297	0.001259	0.010076	0.005038	0.010076	0.008816	0.022670	0.016373	0.008816	0.001259	0.027708	0.013854	0.020151	
0.022670	0.008816	0.011335	0.013854	0.006297	0.015113	0.026448	0.008816	0.025189	0.040302	0.026448	0.015113	0.010076	0.022670	0.039043	0.011335	0.003778	0.003778	0.011335	0.003778	0.012594	0.005038	0.031486	0.012594	0.026448	0.030227	0.021411	0.012594	0.003778	0.016373	0.020151	0.006297	0.013854	0.012594	0.008816	0.013854	0.022670	0.030227	0.031486	0.015113	0.011335	0.025189	0.015113	0.007557	0.008816	0.016373	0.016373	0.016373	0.006297	0.002519	0.016373	0.001259	0.020151	0.031486	0.032746	0.013854	0.015113	0.027708	0.012594	0.008816	0.011335	0.020151	0.044081	0.025189	
0.016373	0.006297	0.008816	0.015113	0.006297	0.006297	0.007557	0.007557	0.015113	0.012594	0.010076	0.010076	0.002519	0.002519	0.007557	0.020151	0.022670	0.013854	0.012594	0.012594	0.021411	0.007557	0.028967	0.023929	0.039043	0.028967	0.035264	0.018892	0.005038	0.011335	0.010076	0.023929	0.026448	0.015113	0.011335	0.025189	0.027708	0.025189	0.042821	0.027708	0.022670	0.023929	0.011335	0.017632	0.002519	0.012594	0.012594	0.016373	0.007557	0.005038	0.003778	0.017632	0.026448	0.010076	0.022670	0.016373	0.036524	0.027708	0.022670	0.032746	0.007557	0.011335	0.016373	0.023929	
0.023929	0.015113	0.018892	0.015113	0.002519	0.018892	0.016373	0.002519	0.005038	0.017632	0.008816	0.005038	0.016373	0.027708	0.015113	0.011335	0.013854	0.016373	0.034005	0.017632	0.017632	0.008816	0.015113	0.007557	0.018892	0.032746	0.030227	0.020151	0.001259	0.021411	0.023929	0.028967	0.025189	0.034005	0.017632	0.036524	0.001259	0.039043	0.040302	0.012594	0.011335	0.039043	0.007557	0.021411	0.007557	0.035264	0.012594	0.023929	0.002519	0.003778	0.002519	0.008816	0.001259	0.025189	0.006297	0.005038	0.007557	0.017632	0.005038	0.016373	0.001259	0.040302	0.016373	0.026448	
0.023929	0.018892	0.013854	0.008816	0.016373	0.020151	0.025189	0.007557	0.017632	0.032746	0.010076	0.012594	0.020151	0.020151	0.025189	0.012594	0.002519	0.002519	0.012594	0.005038	0.021411	0.012594	0.042821	0.015113	0.011335	0.022670	0.030227	0.013854	0.003778	0.006297	0.008816	0.008816	0.008816	0.016373	0.012594	0.005038	0.020151	0.030227	0.035264	0.021411	0.013854	0.017632	0.010076	0.010076	0.005038	0.031486	0.013854	0.012594	0.006297	0.005038	0.011335	0.003778	0.022670	0.025189	0.055416	0.021411	0.013854	0.031486	0.013854	0.008816	0.005038	0.027708	0.035264	0.022670	
0.007557	0.015113	0.011335	0.007557	0.008816	0.011335	0.013854	0.008816	0.012594	0.013854	0.017632	0.006297	0.003778	0.006297	0.007557	0.005038	0.025189	0.016373	0.015113	0.023929	0.021411	0.012594	0.031486	0.022670	0.056675	0.040302	0.042821	0.018892	0.006297	0.005038	0.025189	0.028967	0.020151	0.015113	0.006297	0.015113	0.023929	0.017632	0.031486	0.031486	0.013854	0.018892	0.012594	0.018892	0.005038	0.007557	0.015113	0.017632	0.007557	0.007557	0.006297	0.012594	0.032746	0.011335	0.025189	0.016373	0.020151	0.016373	0.021411	0.025189	0.003778	0.008816	0.018892	0.025189	
0.017632	0.010076	0.020151	0.012594	0.002519	0.018892	0.023929	0.008816	0.008816	0.015113	0.008816	0.006297	0.005038	0.030227	0.006297	0.017632	0.012594	0.020151	0.028967	0.025189	0.016373	0.012594	0.018892	0.005038	0.011335	0.031486	0.034005	0.025189	0.001259	0.016373	0.032746	0.028967	0.025189	0.018892	0.026448	0.032746	0.005038	0.028967	0.040302	0.015113	0.013854	0.042821	0.011335	0.026448	0.008816	0.034005	0.008816	0.017632	0.002519	0.003778	0.003778	0.008816	0.001259	0.013854	0.005038	0.007557	0.002519	0.037783	0.015113	0.011335	0.001259	0.035264	0.012594	0.027708	
0.025189	0.008816	0.013854	0.010076	0.016373	0.017632	0.013854	0.005038	0.015113	0.035264	0.012594	0.016373	0.022670	0.025189	0.022670	0.008816	0.006297	0.006297	0.003778	0.008816	0.018892	0.015113	0.031486	0.008816	0.013854	0.039043	0.016373	0.018892	0.002519	0.006297	0.018892	0.008816	0.010076	0.006297	0.006297	0.013854	0.026448	0.036524	0.039043	0.025189	0.012594	0.022670	0.020151	0.013854	0.005038	0.030227	0.017632	0.016373	0.005038	0.005038	0.005038	0.001259	0.026448	0.031486	0.044081	0.013854	0.015113	0.022670	0.013854	0.008816	0.011335	0.025189	0.040302	0.015113	
0.015113	0.011335	0.007557	0.012594	0.006297	0.007557	0.003778	0.008816	0.008816	0.006297	0.010076	0.003778	0.003778	0.005038	0.012594	0.012594	0.031486	0.012594	0.023929	0.020151	0.032746	0.005038	0.036524	0.026448	0.050378	0.026448	0.027708	0.023929	0.007557	0.005038	0.015113	0.025189	0.011335	0.011335	0.008816	0.025189	0.047859	0.013854	0.027708	0.030227	0.015113	0.022670	0.013854	0.011335	0.010076	0.005038	0.025189	0.017632	0.011335	0.012594	0.002519	0.015113	0.026448	0.008816	0.023929	0.027708	0.034005	0.031486	0.013854	0.020151	0.010076	0.007557	0.016373	0.015113	
0.011335	0.023929	0.021411	0.012594	0.002519	0.016373	0.021411	0.007557	0.008816	0.018892	0.006297	0.008816	0.013854	0.032746	0.010076	0.016373	0.025189	0.018892	0.037783	0.031486	0.013854	0.006297	0.011335	0.003778	0.011335	0.027708	0.025189	0.027708	0.001259	0.021411	0.036524	0.034005	0.027708	0.027708	0.028967	0.023929	0.006297	0.026448	0.045340	0.008816	0.005038	0.032746	0.006297	0.021411	0.006297	0.026448	0.008816	0.017632	0.005038	0.011335	0.006297	0.008816	0.001259	0.008816	0.006297	0.006297	0.008816	0.031486	0.015113	0.013854	0.001259	0.041562	0.003778	0.023929	
0.017632	0.022670	0.018892	0.010076	0.016373	0.022670	0.032746	0.010076	0.022670	0.035264	0.021411	0.015113	0.015113	0.022670	0.027708	0.011335	0.006297	0.002519	0.008816	0.006297	0.013854	0.011335	0.026448	0.006297	0.010076	0.036524	0.023929	0.013854	0.003778	0.005038	0.012594	0.005038	0.012594	0.005038	0.008816	0.007557	0.025189	0.035264	0.034005	0.016373	0.017632	0.015113	0.012594	0.007557	0.011335	0.021411	0.018892	0.020151	0.003778	0.005038	0.010076	0.003778	0.021411	0.032746	0.055416	0.012594	0.012594	0.016373	0.018892	0.011335	0.006297	0.026448	0.047859	0.011335	
0.012594	0.003778	0.008816	0.015113	0.015113	0.002519	0.011335	0.006297	0.011335	0.015113	0.015113	0.005038	0.005038	0.002519	0.012594	0.007557	0.023929	0.018892	0.010076	0.023929	0.032746	0.017632	0.020151	0.031486	0.056675	0.031486	0.031486	0.028967	0.005038	0.002519	0.013854	0.023929	0.016373	0.010076	0.010076	0.026448	0.031486	0.021411	0.023929	0.026448	0.018892	0.022670	0.018892	0.016373	0.007557	0.007557	0.012594	0.020151	0.011335	0.006297	0.007557	0.011335	0.023929	0.006297	0.028967	0.016373	0.018892	0.034005	0.028967	0.025189	0.002519	0.007557	0.015113	0.022670	
0.007557	0.015113	0.026448	0.015113	0.003778	0.017632	0.015113	0.002519	0.006297	0.017632	0.010076	0.002519	0.015113	0.034005	0.008816	0.018892	0.017632	0.026448	0.044081	0.015113	0.015113	0.011335	0.018892	0.002519	0.011335	0.032746	0.020151	0.020151	0.001259	0.021411	0.027708	0.030227	0.026448	0.017632	0.028967	0.032746	0.006297	0.040302	0.044081	0.012594	0.016373	0.047859	0.010076	0.020151	0.006297	0.031486	0.012594	0.025189	0.002519	0.007557	0.003778	0.006297	0.001259	0.007557	0.008816	0.002519	0.001259	0.030227	0.006297	0.016373	0.001259	0.046599	0.008816	0.017632	
0.013854	0.012594	0.016373	0.011335	0.016373	0.017632	0.028967	0.003778	0.028967	0.035264	0.023929	0.015113	0.011335	0.020151	0.028967	0.008816	0.003778	0.005038	0.011335	0.006297	0.012594	0.016373	0.032746	0.015113	0.018892	0.021411	0.028967	0.017632	0.001259	0.002519	0.011335	0.005038	0.018892	0.006297	0.003778	0.006297	0.034005	0.036524	0.036524	0.021411	0.016373	0.013854	0.008816	0.007557	0.011335	0.020151	0.016373	0.011335	0.006297	0.006297	0.007557	0.003778	0.030227	0.045340	0.036524	0.021411	0.013854	0.022670	0.012594	0.008816	0.006297	0.035264	0.039043	0.011335	
0.016373	0.005038	0.010076	0.011335	0.006297	0.010076	0.005038	0.008816	0.011335	0.010076	0.012594	0.005038	0.002519	0.003778	0.008816	0.012594	0.026448	0.018892	0.028967	0.018892	0.034005	0.015113	0.027708	0.039043	0.047859	0.036524	0.023929	0.026448	0.005038	0.006297	0.025189	0.025189	0.025189	0.013854	0.010076	0.028967	0.034005	0.012594	0.028967	0.017632	0.020151	0.026448	0.010076	0.017632	0.007557	0.007557	0.016373	0.017632	0.011335	0.005038	0.002519	0.011335	0.025189	0.015113	0.017632	0.020151	0.034005	0.026448	0.017632	0.017632	0.005038	0.001259	0.012594	0.017632	
0.016373	0.023929	0.020151	0.018892	0.002519	0.008816	0.023929	0.007557	0.003778	0.034005	0.007557	0.006297	0.013854	0.034005	0.011335	0.011335	0.021411	0.015113	0.037783	0.025189	0.017632	0.013854	0.013854	0.007557	0.015113	0.025189	0.018892	0.020151	0.001259	0.018892	0.027708	0.037783	0.032746	0.018892	0.021411	0.040302	0.007557	0.037783	0.035264	0.018892	0.007557	0.023929	0.007557	0.025189	0.008816	0.027708	0.013854	0.016373	0.002519	0.007557	0.002519	0.007557	0.001259	0.006297	0.005038	0.006297	0.006297	0.035264	0.011335	0.010076	0.001259	0.042821	0.011335	0.017632	
0.017632	0.026448	0.020151	0.008816	0.015113	0.022670	0.018892	0.008816	0.018892	0.040302	0.013854	0.008816	0.017632	0.030227	0.031486	0.012594	0.005038	0.006297	0.013854	0.003778	0.011335	0.012594	0.035264	0.007557	0.010076	0.025189	0.030227	0.012594	0.006297	0.006297	0.017632	0.010076	0.011335	0.007557	0.005038	0.008816	0.031486	0.044081	0.026448	0.016373	0.013854	0.017632	0.008816	0.005038	0.007557	0.023929	0.016373	0.013854	0.008816	0.002519	0.012594	0.001259	0.018892	0.021411	0.060453	0.022670	0.015113	0.023929	0.010076	0.015113	0.007557	0.026448	0.032746	0.016373	
0.012594	0.005038	0.011335	0.013854	0.012594	0.007557	0.008816	0.013854	0.015113	0.012594	0.018892	0.005038	0.002519	0.002519	0.007557	0.010076	0.020151	0.017632	0.018892	0.020151	0.021411	0.013854	0.037783	0.027708	0.044081	0.034005	0.035264	0.027708	0.002519	0.006297	0.017632	0.028967	0.016373	0.006297	0.007557	0.027708	0.036524	0.017632	0.025189	0.027708	0.021411	0.018892	0.012594	0.010076	0.007557	0.008816	0.007557	0.017632	0.008816	0.003778	0.003778	0.022670	0.032746	0.011335	0.017632	0.025189	0.045340	0.018892	0.020151	0.013854	0.002519	0.007557	0.013854	0.028967	
0.007557	0.011335	0.018892	0.020151	0.003778	0.013854	0.010076	0.005038	0.006297	0.016373	0.008816	0.010076	0.016373	0.031486	0.015113	0.021411	0.021411	0.025189	0.035264	0.021411	0.007557	0.017632	0.020151	0.005038	0.008816	0.031486	0.028967	0.020151	0.001259	0.025189	0.037783	0.030227	0.025189	0.035264	0.022670	0.042821	0.007557	0.027708	0.032746	0.016373	0.026448	0.036524	0.006297	0.017632	0.007557	0.030227	0.002519	0.016373	0.001259	0.007557	0.001259	0.005038	0.001259	0.006297	0.011335	0.006297	0.006297	0.022670	0.005038	0.012594	0.001259	0.056675	0.006297	0.021411	
0.022670	0.011335	0.010076	0.011335	0.017632	0.022670	0.028967	0.010076	0.018892	0.034005	0.013854	0.011335	0.013854	0.026448	0.037783	0.011335	0.006297	0.001259	0.006297	0.006297	0.015113	0.013854	0.027708	0.008816	0.012594	0.028967	0.022670	0.010076	0.005038	0.006297	0.013854	0.007557	0.015113	0.012594	0.015113	0.005038	0.028967	0.028967	0.032746	0.016373	0.013854	0.015113	0.010076	0.010076	0.010076	0.020151	0.022670	0.007557	0.007557	0.005038	0.007557	0.006297	0.025189	0.036524	0.066751	0.015113	0.012594	0.020151	0.021411	0.007557	0.003778	0.030227	0.039043	0.016373	
0.016373	0.007557	0.011335	0.016373	0.012594	0.002519	0.008816	0.006297	0.012594	0.011335	0.012594	0.002519	0.002519	0.006297	0.010076	0.010076	0.023929	0.005038	0.023929	0.034005	0.030227	0.010076	0.031486	0.030227	0.064232	0.037783	0.041562	0.012594	0.005038	0.003778	0.012594	0.028967	0.023929	0.006297	0.006297	0.021411	0.032746	0.013854	0.022670	0.028967	0.021411	0.023929	0.008816	0.013854	0.003778	0.006297	0.011335	0.017632	0.011335	0.003778	0.006297	0.011335	0.030227	0.012594	0.020151	0.020151	0.037783	0.030227	0.020151	0.025189	0.005038	0.007557	0.010076	0.020151	
0.016373	0.023929	0.020151	0.015113	0.003778	0.008816	0.007557	0.002519	0.005038	0.022670	0.013854	0.006297	0.018892	0.034005	0.015113	0.015113	0.011335	0.021411	0.057935	0.015113	0.017632	0.006297	0.008816	0.006297	0.015113	0.028967	0.018892	0.020151	0.001259	0.021411	0.031486	0.031486	0.034005	0.027708	0.036524	0.037783	0.006297	0.040302	0.040302	0.016373	0.008816	0.037783	0.011335	0.025189	0.011335	0.025189	0.007557	0.010076	0.002519	0.006297	0.002519	0.005038	0.001259	0.008816	0.008816	0.005038	0.007557	0.022670	0.005038	0.008816	0.001259	0.041562	0.013854	0.020151	
0.018892	0.016373	0.018892	0.010076	0.021411	0.034005	0.016373	0.007557	0.041562	0.046599	0.018892	0.010076	0.015113	0.026448	0.022670	0.008816	0.001259	0.005038	0.016373	0.006297	0.012594	0.010076	0.032746	0.008816	0.013854	0.020151	0.016373	0.015113	0.005038	0.006297	0.013854	0.005038	0.012594	0.015113	0.006297	0.002519	0.030227	0.028967	0.042821	0.010076	0.008816	0.022670	0.007557	0.010076	0.008816	0.015113	0.021411	0.015113	0.006297	0.003778	0.018892	0.003778	0.027708	0.034005	0.047859	0.012594	0.016373	0.018892	0.022670	0.010076	0.006297	0.025189	0.034005	0.011335	
0.013854	0.007557	0.007557	0.010076	0.018892	0.005038	0.007557	0.008816	0.025189	0.017632	0.011335	0.006297	0.003778	0.005038	0.005038	0.008816	0.021411	0.017632	0.020151	0.032746	0.030227	0.017632	0.035264	0.023929	0.055416	0.026448	0.034005	0.023929	0.005038	0.005038	0.016373	0.012594	0.027708	0.020151	0.007557	0.025189	0.032746	0.021411	0.021411	0.032746	0.020151	0.013854	0.010076	0.021411	0.008816	0.007557	0.015113	0.013854	0.006297	0.006297	0.006297	0.016373	0.027708	0.011335	0.016373	0.017632	0.036524	0.030227	0.011335	0.013854	0.002519	0.010076	0.011335	0.016373	
0.008816	0.017632	0.021411	0.021411	0.001259	0.023929	0.025189	0.001259	0.008816	0.016373	0.006297	0.010076	0.020151	0.030227	0.012594	0.021411	0.015113	0.023929	0.044081	0.026448	0.026448	0.012594	0.010076	0.006297	0.022670	0.026448	0.016373	0.015113	0.001259	0.023929	0.026448	0.031486	0.034005	0.036524	0.021411	0.045340	0.005038	0.030227	0.042821	0.010076	0.013854	0.034005	0.007557	0.011335	0.010076	0.030227	0.006297	0.018892	0.001259	0.007557	0.006297	0.005038	0.001259	0.007557	0.010076	0.008816	0.010076	0.016373	0.007557	0.013854	0.001259	0.039043	0.003778	0.007557	
0.018892	0.015113	0.013854	0.011335	0.025189	0.028967	0.026448	0.005038	0.022670	0.025189	0.030227	0.015113	0.012594	0.032746	0.041562	0.011335	0.006297	0.005038	0.012594	0.010076	0.015113	0.016373	0.032746	0.010076	0.017632	0.031486	0.028967	0.010076	0.003778	0.005038	0.016373	0.001259	0.017632	0.013854	0.015113	0.008816	0.036524	0.026448	0.020151	0.010076	0.007557	0.017632	0.006297	0.006297	0.006297	0.025189	0.008816	0.010076	0.007557	0.002519	0.017632	0.005038	0.026448	0.030227	0.051637	0.015113	0.007557	0.013854	0.018892	0.008816	0.011335	0.018892	0.032746	0.016373	
0.016373	0.008816	0.008816	0.016373	0.008816	0.005038	0.011335	0.011335	0.018892	0.012594	0.018892	0.008816	0.007557	0.006297	0.010076	0.011335	0.030227	0.018892	0.018892	0.035264	0.031486	0.011335	0.036524	0.022670	0.054156	0.016373	0.030227	0.030227	0.001259	0.005038	0.010076	0.023929	0.008816	0.011335	0.010076	0.025189	0.026448	0.017632	0.026448	0.017632	0.031486	0.020151	0.012594	0.020151	0.006297	0.006297	0.015113	0.012594	0.007557	0.012594	0.005038	0.008816	0.037783	0.003778	0.018892	0.021411	0.034005	0.022670	0.020151	0.022670	0.003778	0.005038	0.008816	0.021411	
0.012594	0.017632	0.018892	0.013854	0.002519	0.025189	0.016373	0.007557	0.002519	0.021411	0.012594	0.006297	0.027708	0.026448	0.010076	0.021411	0.013854	0.023929	0.042821	0.023929	0.012594	0.013854	0.007557	0.003778	0.015113	0.034005	0.027708	0.016373	0.001259	0.017632	0.030227	0.023929	0.035264	0.036524	0.021411	0.045340	0.007557	0.028967	0.025189	0.010076	0.021411	0.032746	0.007557	0.020151	0.008816	0.045340	0.008816	0.018892	0.003778	0.008816	0.003778	0.002519	0.001259	0.007557	0.008816	0.005038	0.005038	0.023929	0.007557	0.007557	0.001259	0.044081	0.008816	0.015113	
0.020151	0.012594	0.020151	0.012594	0.016373	0.034005	0.031486	0.005038	0.016373	0.039043	0.021411	0.010076	0.013854	0.036524	0.028967	0.006297	0.005038	0.003778	0.012594	0.002519	0.012594	0.013854	0.040302	0.008816	0.011335	0.023929	0.011335	0.011335	0.002519	0.008816	0.008816	0.006297	0.011335	0.011335	0.011335	0.010076	0.037783	0.026448	0.031486	0.016373	0.018892	0.022670	0.008816	0.005038	0.008816	0.016373	0.012594	0.012594	0.006297	0.005038	0.023929	0.003778	0.037783	0.041562	0.046599	0.007557	0.010076	0.023929	0.013854	0.010076	0.006297	0.015113	0.044081	0.013854	
0.008816	0.005038	0.011335	0.017632	0.016373	0.003778	0.006297	0.006297	0.026448	0.018892	0.011335	0.011335	0.002519	0.002519	0.011335	0.012594	0.026448	0.028967	0.017632	0.031486	0.025189	0.011335	0.047859	0.031486	0.047859	0.030227	0.040302	0.031486	0.003778	0.002519	0.008816	0.022670	0.011335	0.013854	0.006297	0.025189	0.031486	0.016373	0.035264	0.026448	0.013854	0.012594	0.015113	0.013854	0.002519	0.003778	0.012594	0.017632	0.007557	0.005038	0.003778	0.015113	0.030227	0.011335	0.017632	0.017632	0.037783	0.022670	0.015113	0.018892	0.003778	0.006297	0.008816	0.020151	
0.008816	0.011335	0.012594	0.021411	0.003778	0.021411	0.021411	0.006297	0.006297	0.017632	0.010076	0.005038	0.016373	0.034005	0.016373	0.022670	0.013854	0.021411	0.040302	0.027708	0.011335	0.010076	0.017632	0.003778	0.025189	0.030227	0.023929	0.027708	0.001259	0.027708	0.025189	0.027708	0.026448	0.030227	0.027708	0.041562	0.003778	0.034005	0.022670	0.023929	0.015113	0.034005	0.012594	0.020151	0.015113	0.025189	0.011335	0.023929	0.001259	0.002519	0.002519	0.006297	0.001259	0.005038	0.006297	0.002519	0.008816	0.022670	0.003778	0.006297	0.001259	0.046599	0.012594	0.012594	
0.017632	0.007557	0.012594	0.012594	0.013854	0.020151	0.023929	0.007557	0.017632	0.026448	0.028967	0.010076	0.015113	0.030227	0.037783	0.013854	0.002519	0.002519	0.010076	0.005038	0.010076	0.016373	0.036524	0.007557	0.015113	0.031486	0.013854	0.007557	0.005038	0.008816	0.015113	0.007557	0.016373	0.018892	0.008816	0.011335	0.032746	0.025189	0.035264	0.011335	0.011335	0.015113	0.011335	0.012594	0.006297	0.016373	0.022670	0.013854	0.008816	0.001259	0.017632	0.006297	0.031486	0.028967	0.055416	0.017632	0.023929	0.018892	0.015113	0.007557	0.011335	0.021411	0.042821	0.011335	
0.012594	0.008816	0.011335	0.012594	0.012594	0.003778	0.011335	0.002519	0.007557	0.018892	0.015113	0.007557	0.008816	0.006297	0.012594	0.007557	0.030227	0.013854	0.016373	0.027708	0.030227	0.010076	0.025189	0.025189	0.046599	0.039043	0.045340	0.020151	0.002519	0.005038	0.015113	0.021411	0.018892	0.007557	0.010076	0.031486	0.026448	0.012594	0.035264	0.017632	0.018892	0.026448	0.013854	0.010076	0.007557	0.007557	0.010076	0.012594	0.011335	0.007557	0.006297	0.012594	0.023929	0.005038	0.025189	0.022670	0.034005	0.023929	0.028967	0.031486	0.003778	0.005038	0.017632	0.020151	
0.008816	0.022670	0.027708	0.013854	0.001259	0.015113	0.013854	0.007557	0.007557	0.020151	0.010076	0.006297	0.022670	0.035264	0.015113	0.011335	0.021411	0.013854	0.035264	0.022670	0.011335	0.011335	0.005038	0.003778	0.020151	0.026448	0.034005	0.016373	0.001259	0.023929	0.021411	0.021411	0.023929	0.020151	0.027708	0.035264	0.010076	0.042821	0.034005	0.021411	0.018892	0.046599	0.012594	0.025189	0.015113	0.028967	0.007557	0.017632	0.002519	0.008816	0.003778	0.007557	0.001259	0.012594	0.003778	0.006297	0.006297	0.030227	0.005038	0.013854	0.001259	0.042821	0.008816	0.008816	
0.021411	0.013854	0.008816	0.012594	0.016373	0.015113	0.030227	0.003778	0.016373	0.039043	0.028967	0.010076	0.006297	0.027708	0.035264	0.010076	0.003778	0.005038	0.011335	0.003778	0.012594	0.020151	0.039043	0.010076	0.008816	0.025189	0.013854	0.008816	0.003778	0.006297	0.015113	0.013854	0.018892	0.012594	0.013854	0.007557	0.034005	0.022670	0.046599	0.020151	0.022670	0.020151	0.008816	0.010076	0.008816	0.020151	0.020151	0.012594	0.012594	0.001259	0.021411	0.005038	0.017632	0.036524	0.054156	0.022670	0.016373	0.020151	0.008816	0.007557	0.005038	0.012594	0.036524	0.005038	
0.018892	0.013854	0.008816	0.015113	0.011335	0.005038	0.010076	0.006297	0.018892	0.008816	0.017632	0.010076	0.006297	0.007557	0.006297	0.008816	0.026448	0.012594	0.018892	0.022670	0.039043	0.011335	0.026448	0.017632	0.079345	0.026448	0.039043	0.025189	0.005038	0.005038	0.017632	0.028967	0.018892	0.011335	0.007557	0.026448	0.035264	0.022670	0.023929	0.022670	0.013854	0.023929	0.008816	0.013854	0.003778	0.007557	0.016373	0.008816	0.007557	0.005038	0.002519	0.008816	0.026448	0.010076	0.015113	0.015113	0.040302	0.027708	0.021411	0.017632	0.010076	0.005038	0.008816	0.017632	
0.011335	0.013854	0.026448	0.020151	0.005038	0.017632	0.013854	0.006297	0.006297	0.018892	0.005038	0.007557	0.013854	0.032746	0.018892	0.007557	0.018892	0.022670	0.049118	0.021411	0.021411	0.007557	0.015113	0.005038	0.011335	0.025189	0.028967	0.010076	0.001259	0.013854	0.020151	0.026448	0.030227	0.044081	0.031486	0.046599	0.007557	0.035264	0.025189	0.018892	0.015113	0.041562	0.012594	0.017632	0.003778	0.032746	0.013854	0.016373	0.005038	0.010076	0.005038	0.005038	0.001259	0.011335	0.007557	0.005038	0.006297	0.025189	0.008816	0.008816	0.001259	0.040302	0.011335	0.011335	
0.016373	0.012594	0.021411	0.015113	0.021411	0.027708	0.034005	0.007557	0.028967	0.036524	0.021411	0.025189	0.022670	0.034005	0.026448	0.010076	0.010076	0.005038	0.010076	0.010076	0.016373	0.013854	0.035264	0.006297	0.015113	0.025189	0.012594	0.008816	0.003778	0.008816	0.013854	0.008816	0.012594	0.010076	0.008816	0.007557	0.034005	0.030227	0.031486	0.015113	0.012594	0.013854	0.010076	0.018892	0.005038	0.016373	0.012594	0.010076	0.006297	0.001259	0.006297	0.006297	0.021411	0.036524	0.047859	0.013854	0.011335	0.023929	0.018892	0.010076	0.002519	0.018892	0.034005	0.006297	
0.013854	0.007557	0.007557	0.016373	0.010076	0.005038	0.008816	0.005038	0.016373	0.007557	0.012594	0.010076	0.007557	0.002519	0.012594	0.016373	0.021411	0.022670	0.023929	0.025189	0.028967	0.008816	0.034005	0.036524	0.050378	0.032746	0.034005	0.031486	0.005038	0.005038	0.013854	0.018892	0.018892	0.018892	0.007557	0.022670	0.031486	0.013854	0.032746	0.021411	0.013854	0.025189	0.011335	0.012594	0.008816	0.012594	0.021411	0.020151	0.006297	0.005038	0.003778	0.018892	0.030227	0.007557	0.023929	0.016373	0.036524	0.021411	0.012594	0.016373	0.007557	0.005038	0.010076	0.012594	
0.010076	0.017632	0.018892	0.013854	0.003778	0.020151	0.020151	0.010076	0.008816	0.020151	0.006297	0.007557	0.025189	0.034005	0.010076	0.013854	0.018892	0.021411	0.034005	0.026448	0.006297	0.011335	0.011335	0.006297	0.025189	0.032746	0.022670	0.018892	0.001259	0.023929	0.026448	0.027708	0.020151	0.026448	0.027708	0.042821	0.011335	0.034005	0.022670	0.018892	0.010076	0.031486	0.006297	0.022670	0.013854	0.028967	0.006297	0.021411	0.006297	0.008816	0.007557	0.006297	0.001259	0.017632	0.003778	0.002519	0.008816	0.026448	0.011335	0.011335	0.001259	0.040302	0.008816	0.017632	
0.012594	0.010076	0.017632	0.015113	0.022670	0.016373	0.031486	0.003778	0.026448	0.023929	0.023929	0.013854	0.013854	0.028967	0.030227	0.016373	0.005038	0.005038	0.011335	0.001259	0.011335	0.021411	0.041562	0.008816	0.010076	0.016373	0.020151	0.011335	0.007557	0.006297	0.018892	0.005038	0.020151	0.011335	0.008816	0.012594	0.027708	0.035264	0.034005	0.013854	0.010076	0.016373	0.005038	0.015113	0.008816	0.017632	0.016373	0.017632	0.011335	0.006297	0.021411	0.002519	0.023929	0.032746	0.056675	0.013854	0.015113	0.012594	0.015113	0.008816	0.006297	0.025189	0.035264	0.013854	
0.020151	0.010076	0.005038	0.013854	0.016373	0.005038	0.006297	0.005038	0.021411	0.016373	0.016373	0.005038	0.006297	0.002519	0.013854	0.008816	0.022670	0.016373	0.016373	0.030227	0.037783	0.010076	0.031486	0.026448	0.055416	0.046599	0.037783	0.023929	0.002519	0.007557	0.011335	0.018892	0.015113	0.010076	0.007557	0.028967	0.020151	0.011335	0.020151	0.017632	0.011335	0.022670	0.012594	0.017632	0.003778	0.006297	0.018892	0.020151	0.010076	0.011335	0.002519	0.012594	0.037783	0.008816	0.012594	0.018892	0.030227	0.023929	0.023929	0.022670	0.010076	0.005038	0.010076	0.027708	
0.010076	0.020151	0.023929	0.013854	0.005038	0.025189	0.012594	0.005038	0.005038	0.015113	0.006297	0.005038	0.020151	0.027708	0.017632	0.020151	0.011335	0.022670	0.050378	0.027708	0.010076	0.008816	0.013854	0.002519	0.011335	0.034005	0.008816	0.016373	0.001259	0.012594	0.026448	0.027708	0.022670	0.030227	0.026448	0.039043	0.008816	0.054156	0.031486	0.015113	0.016373	0.049118	0.005038	0.020151	0.006297	0.032746	0.010076	0.020151	0.003778	0.007557	0.003778	0.007557	0.001259	0.012594	0.002519	0.005038	0.008816	0.026448	0.007557	0.011335	0.001259	0.045340	0.016373	0.012594	
