>NC_009648
0.000395	0.000395	0.000395	0.000395	0.000395	0.000395	0.000395	0.000395	0.000395	0.000395	0.000395	0.000395	0.000395	0.000395	0.000395	0.000395	0.000395	0.000395	0.000395	0.000395	0.000395	0.000395	0.000395	0.000395	0.000395	0.000395	0.000395	0.000395	0.101976	0.000395	0.000395	0.000395	0.000395	0.000395	0.000395	0.000395	0.000395	0.000395	0.000395	0.000395	0.000395	0.000395	0.000395	0.000395	0.000395	0.000395	0.000395	0.000395	0.000395	0.000395	0.000395	0.000395	0.328458	0.000395	0.000395	0.000395	0.000395	0.000395	0.000395	0.000395	0.570751	0.000395	0.000395	0.000395	
0.000395	0.000395	0.000395	0.000395	0.000395	0.000395	0.000395	0.000395	0.000395	0.000395	0.000395	0.000395	0.000395	0.000395	0.000395	0.000395	0.038340	0.044269	0.160079	0.086957	0.000395	0.000395	0.000395	0.000395	0.000395	0.000395	0.000395	0.000395	0.000395	0.000395	0.000395	0.000395	0.000395	0.000395	0.000395	0.000395	0.000395	0.000395	0.000395	0.000395	0.000395	0.000395	0.000395	0.000395	0.000395	0.000395	0.000395	0.000395	0.160870	0.196838	0.138340	0.177470	0.000395	0.000395	0.000395	0.000395	0.000395	0.000395	0.000395	0.000395	0.000395	0.000395	0.000395	0.000395	
0.045455	0.060870	0.026087	0.067589	0.062846	0.034783	0.045059	0.099209	0.052174	0.105534	0.077470	0.064032	0.026482	0.036364	0.062846	0.139526	0.000395	0.000395	0.000395	0.000395	0.000395	0.000395	0.000395	0.000395	0.000395	0.000395	0.000395	0.000395	0.000395	0.000395	0.000395	0.000395	0.000395	0.000395	0.000395	0.000395	0.000395	0.000395	0.000395	0.000395	0.000395	0.000395	0.000395	0.000395	0.000395	0.000395	0.000395	0.000395	0.000395	0.000395	0.000395	0.000395	0.000395	0.000395	0.000395	0.000395	0.000395	0.000395	0.000395	0.000395	0.000395	0.000395	0.000395	0.000395	
0.013043	0.011067	0.009881	0.012648	0.004743	0.019763	0.024111	0.013439	0.004743	0.016601	0.003953	0.001976	0.011067	0.020158	0.023715	0.013834	0.007115	0.011858	0.035968	0.009091	0.014229	0.011067	0.007115	0.003557	0.007905	0.024901	0.010672	0.002767	0.000395	0.041107	0.027668	0.031225	0.021344	0.012253	0.009091	0.010672	0.005929	0.028458	0.052569	0.019763	0.011858	0.050988	0.010672	0.005138	0.008696	0.019763	0.019763	0.016996	0.005929	0.010277	0.007115	0.004348	0.000395	0.015415	0.015810	0.005929	0.014229	0.033597	0.013834	0.002372	0.000395	0.040711	0.024901	0.074704	
0.013439	0.017391	0.011462	0.005138	0.009486	0.019368	0.011462	0.005138	0.007115	0.028063	0.019368	0.007510	0.006324	0.011858	0.008696	0.009881	0.003557	0.004743	0.011858	0.005138	0.012648	0.021739	0.022530	0.017787	0.013439	0.035573	0.027668	0.022925	0.005534	0.013834	0.013439	0.009881	0.005138	0.013439	0.011462	0.008696	0.016996	0.047036	0.042688	0.019368	0.007115	0.019368	0.006719	0.005929	0.001186	0.005534	0.002767	0.002767	0.003953	0.006324	0.006324	0.003953	0.034387	0.034387	0.032806	0.020158	0.020553	0.036364	0.024506	0.014625	0.035178	0.044269	0.029249	0.028063	
0.004743	0.005138	0.007905	0.008300	0.013043	0.006719	0.011858	0.010277	0.008300	0.013043	0.009881	0.009881	0.004348	0.004348	0.007115	0.007115	0.018577	0.009091	0.016601	0.029249	0.041107	0.018577	0.027668	0.035178	0.020553	0.037945	0.023320	0.027668	0.005534	0.008696	0.011462	0.036759	0.007510	0.013439	0.005534	0.021739	0.030830	0.015415	0.038735	0.034387	0.012648	0.027273	0.020553	0.017787	0.010672	0.007115	0.010277	0.022925	0.016601	0.009486	0.005534	0.016601	0.028854	0.011462	0.016601	0.018577	0.009881	0.018972	0.013043	0.012253	0.008696	0.006719	0.009091	0.026087	
0.014625	0.010277	0.007510	0.015020	0.005138	0.010277	0.014625	0.007115	0.006719	0.015415	0.005929	0.007510	0.012253	0.024506	0.018972	0.020158	0.009091	0.024506	0.060474	0.019763	0.012253	0.020553	0.011067	0.008300	0.011067	0.053755	0.016996	0.013043	0.000395	0.031225	0.039130	0.027668	0.009486	0.014625	0.012253	0.015020	0.007115	0.026482	0.032806	0.030830	0.009091	0.029249	0.006719	0.021739	0.011067	0.020553	0.017787	0.018182	0.011067	0.007905	0.006324	0.003953	0.000395	0.014229	0.005929	0.006324	0.005534	0.022925	0.005138	0.004348	0.000395	0.033202	0.015020	0.044269	
0.011067	0.016206	0.008696	0.008300	0.008300	0.026087	0.015415	0.007510	0.015810	0.043083	0.016601	0.011067	0.014229	0.020553	0.009091	0.009881	0.003162	0.005138	0.012648	0.003953	0.013043	0.019368	0.023320	0.015810	0.014625	0.022134	0.019368	0.008300	0.007905	0.010672	0.022134	0.011858	0.006324	0.007115	0.008696	0.010277	0.018182	0.046245	0.037945	0.018972	0.007905	0.009486	0.010277	0.007115	0.009486	0.014229	0.013439	0.009486	0.008300	0.005138	0.007115	0.003557	0.025692	0.032411	0.036759	0.014625	0.017787	0.032016	0.024506	0.016601	0.027668	0.036364	0.022925	0.023320	
0.010672	0.008696	0.003557	0.005929	0.011858	0.007115	0.006324	0.008300	0.011067	0.012253	0.008300	0.005534	0.007905	0.003953	0.005929	0.008300	0.014625	0.014229	0.016206	0.020158	0.031225	0.016996	0.033597	0.042292	0.022530	0.035178	0.028854	0.026877	0.003953	0.006324	0.016206	0.030435	0.014229	0.012648	0.008696	0.020553	0.029249	0.018972	0.029249	0.029249	0.012648	0.022925	0.016601	0.018577	0.008300	0.005534	0.008696	0.020553	0.020158	0.013439	0.007115	0.018577	0.027668	0.013439	0.016996	0.023715	0.018972	0.013043	0.023715	0.011858	0.010277	0.005929	0.007905	0.030435	
0.018182	0.013043	0.011462	0.016996	0.002767	0.015415	0.019763	0.011067	0.005138	0.011067	0.010672	0.008696	0.014229	0.023320	0.012648	0.015020	0.015810	0.018972	0.048617	0.016601	0.016601	0.017391	0.013043	0.009486	0.009091	0.034387	0.025296	0.017391	0.000395	0.047826	0.033202	0.022134	0.011858	0.017391	0.012648	0.023320	0.005138	0.026877	0.024901	0.026482	0.013834	0.033597	0.009486	0.020553	0.015810	0.020553	0.011067	0.015415	0.009486	0.010672	0.003162	0.007115	0.000395	0.011462	0.005534	0.004348	0.008696	0.013439	0.009091	0.007510	0.000395	0.035968	0.010672	0.042688	
0.013439	0.016206	0.013439	0.012253	0.009091	0.024506	0.014625	0.011858	0.015415	0.033597	0.016601	0.010277	0.015810	0.022530	0.013043	0.012648	0.003557	0.004348	0.013439	0.003557	0.013043	0.021344	0.021739	0.015020	0.010672	0.025692	0.020158	0.006719	0.010277	0.016601	0.015020	0.009486	0.010672	0.010277	0.008696	0.007115	0.009091	0.032806	0.034783	0.015810	0.011858	0.024111	0.009486	0.009091	0.008696	0.022530	0.013439	0.009486	0.009881	0.007115	0.010277	0.003557	0.022925	0.047036	0.036364	0.021344	0.011858	0.026877	0.015415	0.013439	0.020158	0.030830	0.022925	0.021344	
0.013043	0.006324	0.007510	0.010672	0.010277	0.007510	0.008696	0.011462	0.010672	0.012253	0.013043	0.009881	0.003557	0.003953	0.007115	0.011858	0.020553	0.009091	0.011067	0.013439	0.044664	0.017787	0.029249	0.033992	0.028854	0.033202	0.023715	0.021739	0.009091	0.014625	0.011067	0.029249	0.011067	0.014229	0.007115	0.017391	0.030040	0.019368	0.032016	0.028854	0.011462	0.018972	0.019368	0.011858	0.008696	0.005138	0.005138	0.020553	0.016996	0.012253	0.008300	0.017391	0.030040	0.016206	0.019763	0.026482	0.016601	0.017391	0.015020	0.015415	0.009091	0.007115	0.009091	0.027668	
0.021739	0.013439	0.008300	0.018182	0.003557	0.014229	0.018972	0.005138	0.005138	0.011858	0.009486	0.007510	0.010672	0.025692	0.009881	0.012648	0.013439	0.031225	0.047431	0.022925	0.015810	0.022530	0.014625	0.007905	0.008696	0.035178	0.032016	0.013834	0.000395	0.038735	0.039921	0.021739	0.015020	0.018182	0.013834	0.020553	0.008300	0.024901	0.032016	0.016601	0.008300	0.033597	0.011462	0.017787	0.009881	0.018577	0.011067	0.019368	0.009486	0.011858	0.002767	0.006324	0.000395	0.018182	0.007510	0.004743	0.006719	0.013439	0.005534	0.006719	0.000395	0.030830	0.009881	0.048221	
0.011462	0.022925	0.013834	0.011462	0.009881	0.031225	0.024506	0.009091	0.015415	0.031225	0.016601	0.009091	0.014625	0.023320	0.019368	0.010672	0.003162	0.005929	0.012648	0.006324	0.009486	0.024111	0.029644	0.016601	0.010277	0.033597	0.018182	0.011067	0.005138	0.011858	0.007905	0.009486	0.007115	0.008300	0.006719	0.006719	0.012253	0.033202	0.033202	0.015415	0.007905	0.026087	0.014229	0.010277	0.011462	0.015020	0.008300	0.011067	0.005929	0.004348	0.007115	0.003953	0.022925	0.046640	0.032411	0.011858	0.012648	0.028458	0.017391	0.012253	0.025692	0.033992	0.021344	0.020949	
0.009881	0.003953	0.004743	0.009091	0.014625	0.006324	0.008696	0.011858	0.007905	0.008696	0.013043	0.010672	0.006719	0.003557	0.006719	0.011462	0.015415	0.007905	0.012253	0.018972	0.040711	0.011067	0.040316	0.043083	0.024506	0.037549	0.028063	0.029644	0.005138	0.007115	0.012253	0.028458	0.010277	0.011858	0.005138	0.018972	0.038340	0.014625	0.034783	0.031621	0.014625	0.017391	0.016996	0.017391	0.012253	0.005534	0.007115	0.017787	0.019763	0.011858	0.006719	0.018577	0.022134	0.013439	0.021739	0.026877	0.016996	0.015810	0.015415	0.008696	0.008300	0.009091	0.008300	0.026482	
0.016601	0.015020	0.009486	0.014229	0.003162	0.009091	0.017391	0.005929	0.003557	0.014229	0.005929	0.005138	0.011067	0.024901	0.015810	0.013834	0.009091	0.024901	0.059684	0.022134	0.018182	0.012253	0.010672	0.004348	0.009486	0.050593	0.029644	0.015810	0.000395	0.037549	0.050593	0.024901	0.016206	0.013834	0.012648	0.021344	0.005929	0.025296	0.027273	0.020949	0.007510	0.036759	0.008696	0.020553	0.015415	0.018182	0.014229	0.018577	0.011462	0.010277	0.005534	0.005138	0.000395	0.012253	0.008696	0.003953	0.009881	0.009881	0.009091	0.005534	0.000395	0.035178	0.013439	0.035178	
0.016601	0.013043	0.013834	0.009881	0.010277	0.028063	0.018182	0.007510	0.013834	0.042292	0.020949	0.010277	0.016601	0.024506	0.014625	0.007115	0.003557	0.006324	0.014229	0.003557	0.011462	0.015020	0.022925	0.009486	0.010672	0.027668	0.018577	0.007115	0.003953	0.008300	0.015415	0.007510	0.005534	0.008300	0.008696	0.007905	0.020949	0.044269	0.028854	0.017391	0.012648	0.020949	0.011067	0.008696	0.010277	0.015810	0.010277	0.010672	0.007905	0.006719	0.009091	0.003557	0.023320	0.032806	0.041107	0.018577	0.020949	0.039526	0.017787	0.015810	0.023320	0.025692	0.024506	0.018972	
0.007115	0.007905	0.005929	0.012648	0.012253	0.003162	0.009486	0.009486	0.009881	0.013439	0.014229	0.008300	0.003953	0.002767	0.004743	0.013439	0.024111	0.009486	0.013043	0.019368	0.040316	0.011858	0.032411	0.035573	0.026877	0.037945	0.024111	0.022134	0.004348	0.005929	0.012648	0.030040	0.016206	0.014625	0.005929	0.021344	0.040711	0.018182	0.039921	0.031621	0.016206	0.022925	0.015020	0.014229	0.007510	0.006324	0.004743	0.023320	0.018182	0.010277	0.005138	0.020553	0.026877	0.011858	0.018182	0.017391	0.019763	0.015810	0.015020	0.014229	0.008300	0.005534	0.007115	0.023320	
0.020158	0.012253	0.013439	0.019763	0.002372	0.012253	0.019368	0.008300	0.005138	0.010672	0.005138	0.009091	0.018182	0.023320	0.017391	0.015020	0.008696	0.027273	0.060474	0.023715	0.018972	0.009486	0.014625	0.001976	0.013043	0.041502	0.030435	0.015020	0.000395	0.028458	0.043083	0.022134	0.015810	0.016206	0.014625	0.026087	0.007115	0.030830	0.032806	0.019368	0.007905	0.035968	0.005138	0.019368	0.011067	0.017391	0.012253	0.018182	0.009881	0.005929	0.003953	0.004348	0.000395	0.011067	0.007115	0.001976	0.006324	0.014229	0.005534	0.003162	0.000395	0.033202	0.015415	0.041107	
0.014625	0.017787	0.012648	0.009486	0.012648	0.022925	0.017787	0.008300	0.020949	0.040316	0.022925	0.008300	0.019368	0.026482	0.015810	0.012253	0.003557	0.007510	0.015020	0.002767	0.014625	0.015415	0.023715	0.009881	0.010672	0.031621	0.018972	0.012648	0.004743	0.009091	0.010277	0.007510	0.007510	0.008300	0.009486	0.007115	0.014625	0.040316	0.029644	0.017787	0.010672	0.019368	0.011462	0.004743	0.011858	0.011858	0.011067	0.011858	0.005929	0.005929	0.012253	0.005929	0.020949	0.027273	0.036759	0.017391	0.016601	0.035968	0.023320	0.012253	0.022134	0.034783	0.023715	0.015810	
0.006719	0.007905	0.005534	0.011462	0.014625	0.007510	0.009486	0.007905	0.015810	0.013043	0.009091	0.011462	0.005929	0.003162	0.004743	0.011462	0.024901	0.009091	0.012648	0.016206	0.040316	0.012253	0.026087	0.027273	0.033202	0.030040	0.025296	0.019368	0.007115	0.003557	0.015020	0.027668	0.016206	0.014229	0.006324	0.022134	0.041502	0.015810	0.037945	0.032016	0.018182	0.018972	0.019763	0.019763	0.007115	0.003162	0.008696	0.018972	0.018972	0.011067	0.006719	0.021344	0.034783	0.009881	0.016206	0.021344	0.019763	0.013834	0.015415	0.011858	0.006324	0.004743	0.006719	0.029644	
0.021739	0.013043	0.008696	0.023320	0.002372	0.012253	0.020949	0.006719	0.007115	0.012253	0.004743	0.007115	0.014229	0.027273	0.016206	0.013439	0.008300	0.028854	0.076680	0.017391	0.019763	0.009881	0.012648	0.003162	0.007510	0.046245	0.023715	0.012253	0.000395	0.026087	0.046640	0.015415	0.024901	0.017391	0.016206	0.028458	0.005929	0.024506	0.029249	0.016206	0.007510	0.033202	0.009091	0.019763	0.008300	0.024111	0.013043	0.016996	0.011067	0.008300	0.003953	0.003162	0.000395	0.006324	0.005534	0.002372	0.007905	0.012253	0.008300	0.006719	0.000395	0.036759	0.012648	0.037945	
0.018577	0.018577	0.020158	0.008696	0.010672	0.024506	0.022925	0.009486	0.018182	0.045455	0.025692	0.016206	0.023320	0.022530	0.018577	0.007905	0.002372	0.005929	0.014625	0.005534	0.005534	0.014229	0.026087	0.007115	0.009486	0.024506	0.022134	0.012253	0.005138	0.005534	0.015020	0.002767	0.006719	0.008300	0.007905	0.007115	0.016996	0.034387	0.035968	0.016601	0.009091	0.018577	0.009486	0.008696	0.010672	0.015020	0.010277	0.009881	0.007115	0.005138	0.009881	0.001186	0.022134	0.029249	0.046640	0.016206	0.017391	0.035573	0.021739	0.013834	0.019763	0.022925	0.025296	0.015810	
0.012253	0.004743	0.007510	0.010277	0.012253	0.005929	0.007115	0.012648	0.015020	0.011858	0.016206	0.009486	0.005929	0.001976	0.003953	0.010672	0.017787	0.008696	0.011858	0.016996	0.037154	0.011067	0.029249	0.024901	0.030830	0.044664	0.024901	0.031225	0.007115	0.004348	0.010672	0.027273	0.009486	0.016206	0.008300	0.020158	0.040711	0.015415	0.036364	0.031621	0.016601	0.021344	0.020553	0.020553	0.011858	0.006324	0.008300	0.024506	0.023320	0.009881	0.005534	0.020158	0.032411	0.005929	0.011067	0.016601	0.020158	0.018577	0.018182	0.012253	0.010277	0.002372	0.005534	0.018182	
0.015020	0.013834	0.010277	0.023715	0.003557	0.010277	0.020949	0.004743	0.008300	0.013834	0.005138	0.005929	0.012253	0.028854	0.014229	0.012253	0.009881	0.026877	0.066008	0.019763	0.013834	0.011067	0.008300	0.005138	0.005929	0.040316	0.024506	0.013043	0.000395	0.028063	0.043083	0.014229	0.016206	0.020158	0.015810	0.030435	0.007905	0.031621	0.035968	0.020949	0.009486	0.037549	0.007510	0.025296	0.014229	0.020949	0.013043	0.025296	0.015810	0.011067	0.003557	0.004743	0.000395	0.005534	0.005534	0.003557	0.004743	0.011462	0.007115	0.005138	0.000395	0.033597	0.012648	0.033992	
0.014229	0.020158	0.016996	0.005534	0.009091	0.033597	0.022925	0.006324	0.018182	0.042292	0.024506	0.010672	0.020553	0.027668	0.018577	0.011858	0.001186	0.005138	0.016601	0.002767	0.010277	0.011067	0.029249	0.007905	0.016601	0.027273	0.020158	0.006719	0.004348	0.006324	0.017787	0.005929	0.008300	0.006324	0.009091	0.004743	0.018182	0.037549	0.036759	0.010672	0.008300	0.019763	0.010672	0.005534	0.009091	0.016996	0.014625	0.008696	0.008300	0.008696	0.006719	0.003557	0.028854	0.021739	0.041107	0.019763	0.012253	0.035573	0.020158	0.015020	0.020949	0.022134	0.025296	0.017391	
0.007510	0.004348	0.007115	0.013043	0.011462	0.005534	0.010672	0.012648	0.011858	0.013834	0.015020	0.008696	0.001976	0.000791	0.004743	0.009091	0.024506	0.013043	0.009881	0.018972	0.032411	0.011067	0.037154	0.023320	0.031621	0.038340	0.038735	0.021344	0.004743	0.005138	0.007115	0.027668	0.012253	0.013834	0.007115	0.022134	0.037945	0.017787	0.035968	0.033202	0.014229	0.023320	0.020553	0.017391	0.007115	0.003557	0.008300	0.018972	0.024506	0.010672	0.005138	0.014625	0.033202	0.007905	0.013043	0.018972	0.018972	0.017787	0.018577	0.020949	0.004743	0.003953	0.007510	0.027668	
0.024111	0.013439	0.009091	0.022134	0.001976	0.013834	0.021344	0.004743	0.004743	0.014625	0.003162	0.006719	0.015810	0.025296	0.014229	0.013439	0.007905	0.026087	0.063241	0.017787	0.018182	0.007510	0.013439	0.003162	0.008696	0.045850	0.028458	0.013834	0.000395	0.029644	0.041502	0.016601	0.016601	0.013834	0.013834	0.032411	0.006324	0.027273	0.037154	0.022530	0.012648	0.047036	0.009091	0.024111	0.016206	0.024506	0.009881	0.017787	0.005929	0.007905	0.001581	0.003162	0.000395	0.006719	0.002767	0.003557	0.006719	0.010672	0.006719	0.003557	0.000395	0.037154	0.012648	0.033202	
0.012648	0.014229	0.018577	0.009091	0.009091	0.026087	0.019763	0.006324	0.015020	0.039526	0.022530	0.010672	0.018182	0.023320	0.022134	0.011858	0.001186	0.007510	0.014625	0.003557	0.007905	0.016601	0.022530	0.008300	0.013043	0.028063	0.024506	0.009091	0.005534	0.008300	0.014229	0.005929	0.009881	0.007510	0.008300	0.007115	0.017391	0.041502	0.045850	0.013439	0.005534	0.018182	0.017787	0.005929	0.009486	0.016601	0.013043	0.009091	0.006719	0.009881	0.010672	0.005534	0.029249	0.032806	0.040711	0.013834	0.015415	0.030830	0.022134	0.009881	0.017391	0.028063	0.024111	0.011462	
0.009881	0.009486	0.002372	0.008696	0.014229	0.004348	0.009486	0.011067	0.013043	0.015020	0.015020	0.009091	0.005534	0.001976	0.006719	0.011067	0.022134	0.007115	0.013043	0.021344	0.046640	0.011858	0.035178	0.023320	0.031225	0.039921	0.031225	0.026482	0.007115	0.002372	0.009486	0.022925	0.013439	0.012253	0.005929	0.017391	0.037945	0.017787	0.032806	0.028063	0.020158	0.026087	0.021344	0.019368	0.006719	0.004743	0.005534	0.018577	0.014625	0.010672	0.004348	0.020949	0.027668	0.013043	0.016601	0.018972	0.018972	0.020949	0.019763	0.013834	0.007905	0.003953	0.004743	0.021739	
0.018577	0.011067	0.006719	0.023715	0.003162	0.014229	0.017391	0.004743	0.002767	0.009881	0.005534	0.007510	0.020158	0.021739	0.016996	0.009486	0.007905	0.031225	0.066403	0.020949	0.015415	0.015415	0.012253	0.003953	0.007905	0.049802	0.025692	0.010672	0.000395	0.023715	0.042688	0.014625	0.015415	0.019368	0.016601	0.032016	0.007905	0.035178	0.032411	0.026482	0.005929	0.051383	0.005534	0.024506	0.013834	0.020553	0.014625	0.019763	0.009486	0.007510	0.004743	0.005534	0.000395	0.007905	0.002767	0.001976	0.003557	0.012253	0.005138	0.005534	0.000395	0.029644	0.009486	0.034783	
0.012253	0.015810	0.013043	0.010277	0.012253	0.030435	0.017391	0.009091	0.016996	0.046245	0.021344	0.009881	0.022530	0.032411	0.019763	0.007510	0.002372	0.005534	0.016996	0.001976	0.014229	0.020949	0.029249	0.008300	0.009486	0.026482	0.022530	0.006324	0.004743	0.009881	0.018182	0.004348	0.002372	0.005534	0.006719	0.005534	0.025692	0.036759	0.045455	0.015415	0.007905	0.018577	0.011067	0.004348	0.008300	0.013043	0.016996	0.009881	0.008300	0.008696	0.014625	0.003162	0.021739	0.025296	0.039130	0.009486	0.020553	0.027273	0.023715	0.012253	0.015810	0.027668	0.020553	0.014625	
0.009486	0.003953	0.002372	0.009486	0.016996	0.003557	0.007510	0.007510	0.008696	0.016996	0.015020	0.010672	0.003953	0.001581	0.007115	0.008300	0.028458	0.006324	0.013834	0.025296	0.043083	0.013834	0.030435	0.026087	0.029249	0.043083	0.033992	0.024901	0.005929	0.003557	0.009486	0.023320	0.011067	0.014625	0.008300	0.020949	0.035968	0.020553	0.036759	0.025296	0.015810	0.026482	0.019368	0.016996	0.004743	0.006324	0.003557	0.018182	0.015415	0.009881	0.005929	0.020158	0.037945	0.011858	0.016206	0.016996	0.022134	0.016996	0.019763	0.016601	0.005534	0.005138	0.006719	0.018972	
0.016996	0.012648	0.009881	0.024901	0.003162	0.011858	0.014229	0.005534	0.005138	0.014229	0.003953	0.007115	0.016996	0.029644	0.010672	0.018577	0.010277	0.037549	0.065613	0.020553	0.022530	0.009091	0.013834	0.004348	0.010672	0.039526	0.027668	0.013043	0.000395	0.028063	0.037154	0.010277	0.016601	0.016206	0.013439	0.029644	0.006719	0.034387	0.036364	0.026087	0.007905	0.045059	0.008696	0.026482	0.012253	0.028063	0.009091	0.019763	0.006719	0.007510	0.002767	0.003162	0.000395	0.007510	0.005929	0.002767	0.003557	0.015810	0.004743	0.002767	0.000395	0.031621	0.011462	0.025296	
0.011462	0.020949	0.011462	0.006719	0.011462	0.032806	0.024506	0.005138	0.013043	0.047826	0.020949	0.009881	0.021344	0.025692	0.021344	0.009881	0.001186	0.009486	0.020158	0.001976	0.012648	0.011462	0.032411	0.006324	0.011462	0.031621	0.021344	0.005929	0.004348	0.011462	0.018182	0.004743	0.004743	0.007905	0.009091	0.005534	0.018577	0.041502	0.039130	0.015415	0.006719	0.020553	0.010277	0.007510	0.011462	0.018182	0.015020	0.004743	0.005138	0.007510	0.015020	0.002372	0.023320	0.036759	0.043083	0.014229	0.012253	0.026087	0.022134	0.007905	0.018182	0.021739	0.021344	0.012648	
0.005929	0.004348	0.002767	0.009486	0.014625	0.004743	0.010672	0.015810	0.011067	0.021739	0.012648	0.010277	0.004348	0.004348	0.002372	0.005534	0.020949	0.009091	0.013439	0.022530	0.042688	0.011067	0.036364	0.032411	0.032016	0.039526	0.037549	0.030040	0.003953	0.004348	0.006719	0.026087	0.010277	0.014625	0.003953	0.014625	0.043478	0.013834	0.038735	0.030040	0.013834	0.024901	0.020158	0.015810	0.006324	0.003953	0.002767	0.018182	0.015810	0.013834	0.002767	0.022925	0.028458	0.012648	0.015415	0.020553	0.022530	0.015810	0.024506	0.013043	0.005138	0.001976	0.007510	0.017391	
0.015810	0.011067	0.009486	0.016601	0.002767	0.012648	0.022134	0.004348	0.004348	0.011067	0.004743	0.002767	0.015020	0.029249	0.009486	0.015810	0.011067	0.028458	0.067984	0.021739	0.016206	0.011462	0.013439	0.001186	0.008696	0.045059	0.032806	0.014625	0.000395	0.027273	0.052964	0.018182	0.021344	0.020553	0.013043	0.024506	0.006719	0.036759	0.038340	0.020158	0.010672	0.045059	0.008300	0.030830	0.013834	0.022530	0.008300	0.024506	0.009091	0.005534	0.002767	0.002372	0.000395	0.006324	0.005534	0.002372	0.005138	0.008300	0.003162	0.002767	0.000395	0.031621	0.009881	0.025296	
0.013043	0.017787	0.017391	0.009091	0.008300	0.031621	0.019763	0.005929	0.016996	0.049802	0.019368	0.007115	0.015810	0.031225	0.014625	0.003557	0.002372	0.007510	0.013834	0.002372	0.013439	0.013043	0.033992	0.006719	0.010277	0.033992	0.023320	0.011858	0.002767	0.006324	0.013439	0.005534	0.005929	0.005534	0.012648	0.004743	0.016206	0.037549	0.038340	0.017391	0.008300	0.018577	0.015810	0.006324	0.011858	0.014229	0.015415	0.009486	0.006324	0.006324	0.012253	0.004743	0.026877	0.026482	0.041107	0.016206	0.016996	0.029644	0.023715	0.010277	0.018972	0.025692	0.024901	0.014229	
0.009091	0.005929	0.003162	0.009486	0.013043	0.004348	0.009486	0.010277	0.018577	0.017787	0.011858	0.007905	0.003557	0.003557	0.003953	0.009881	0.024111	0.008696	0.012253	0.019763	0.043874	0.012253	0.026482	0.026087	0.028063	0.040316	0.037154	0.027668	0.003557	0.003557	0.007510	0.031621	0.011462	0.012648	0.005534	0.022925	0.042292	0.018577	0.038340	0.032806	0.020949	0.028854	0.015020	0.017391	0.007510	0.002767	0.005534	0.019763	0.015810	0.007510	0.006719	0.019368	0.034783	0.005929	0.016206	0.020553	0.014625	0.022925	0.015810	0.015020	0.006324	0.003162	0.006719	0.016601	
0.018577	0.015810	0.007115	0.018972	0.002372	0.011462	0.015020	0.005929	0.005138	0.011858	0.003953	0.006719	0.014229	0.028063	0.013043	0.016206	0.007115	0.029644	0.072332	0.024901	0.015415	0.011462	0.011067	0.003162	0.007905	0.041897	0.026482	0.014229	0.000395	0.031621	0.039921	0.017787	0.021344	0.016601	0.015020	0.029249	0.007905	0.041107	0.037154	0.023715	0.011067	0.033992	0.006719	0.028063	0.013439	0.028063	0.008300	0.018182	0.005138	0.006719	0.005929	0.003162	0.000395	0.006324	0.002372	0.003953	0.004743	0.013439	0.002372	0.003162	0.000395	0.034387	0.011067	0.032016	
0.012648	0.016996	0.015415	0.007115	0.011858	0.035178	0.017787	0.003953	0.020949	0.050198	0.020553	0.008696	0.013439	0.034783	0.013834	0.014229	0.003162	0.003557	0.015415	0.003953	0.012253	0.016996	0.030830	0.010277	0.013043	0.022925	0.022134	0.007510	0.005534	0.008696	0.018577	0.003953	0.006324	0.009091	0.010277	0.003162	0.015415	0.041107	0.031225	0.013439	0.006719	0.018972	0.008696	0.005138	0.011067	0.017787	0.017391	0.005929	0.007115	0.007115	0.011067	0.003162	0.029644	0.032806	0.040316	0.019368	0.017391	0.028458	0.016601	0.009881	0.020158	0.024901	0.025692	0.013439	
0.007905	0.006719	0.003557	0.011067	0.011858	0.007115	0.008300	0.009486	0.013043	0.013439	0.015810	0.009881	0.002767	0.002767	0.005138	0.006719	0.023320	0.011462	0.008696	0.025692	0.044664	0.013439	0.033597	0.034387	0.030040	0.039130	0.030435	0.020553	0.008300	0.003557	0.006719	0.028458	0.015415	0.016601	0.005929	0.020158	0.042688	0.015020	0.036364	0.026482	0.013043	0.027668	0.015020	0.012253	0.005929	0.004348	0.003557	0.017391	0.016206	0.011462	0.005534	0.016996	0.036759	0.009881	0.021344	0.018182	0.026482	0.015020	0.015810	0.018182	0.006719	0.003162	0.004348	0.023320	
0.022134	0.012253	0.008696	0.019763	0.005138	0.015415	0.020553	0.005138	0.005138	0.009091	0.002767	0.006719	0.014229	0.030830	0.011067	0.017787	0.007905	0.034783	0.067589	0.025692	0.019763	0.012648	0.010672	0.002372	0.010277	0.047826	0.026482	0.015020	0.000395	0.030435	0.040711	0.016996	0.017391	0.018577	0.016206	0.030435	0.007905	0.032411	0.033992	0.020949	0.007115	0.033202	0.008696	0.028063	0.013043	0.022925	0.007115	0.017787	0.005929	0.009881	0.003557	0.004348	0.000395	0.005534	0.003557	0.004348	0.003162	0.009091	0.003953	0.003557	0.000395	0.035968	0.009091	0.030435	
0.010672	0.020158	0.015020	0.007510	0.012648	0.036364	0.019368	0.007115	0.016601	0.047826	0.022925	0.008696	0.022530	0.026482	0.018972	0.012253	0.003953	0.006719	0.017787	0.004743	0.011067	0.013439	0.031621	0.009881	0.013834	0.028458	0.018577	0.007905	0.005138	0.008696	0.015810	0.003162	0.004743	0.009881	0.007115	0.003953	0.017787	0.034783	0.031621	0.015020	0.010672	0.016206	0.011858	0.003162	0.010672	0.015810	0.015020	0.011858	0.004743	0.008696	0.010672	0.003953	0.024901	0.041107	0.040316	0.013834	0.011858	0.029249	0.016206	0.010672	0.021344	0.026877	0.022925	0.011858	
0.007115	0.005138	0.004743	0.007115	0.016996	0.007510	0.009091	0.011858	0.015810	0.015415	0.012253	0.007115	0.005138	0.002767	0.003953	0.008300	0.020553	0.007905	0.012648	0.025296	0.042688	0.015415	0.033992	0.033597	0.031621	0.041502	0.026087	0.023715	0.004743	0.003557	0.009486	0.028063	0.011858	0.011462	0.006719	0.022925	0.037154	0.014625	0.035178	0.034783	0.010672	0.022530	0.021344	0.015020	0.005929	0.002767	0.003557	0.018182	0.022134	0.009091	0.007115	0.021344	0.034387	0.007115	0.016601	0.019763	0.020553	0.018577	0.019368	0.014229	0.006719	0.003953	0.005534	0.022925	
0.018972	0.013834	0.009881	0.018972	0.003162	0.010672	0.017391	0.002372	0.004743	0.013439	0.007115	0.005929	0.015415	0.028063	0.015020	0.018182	0.011067	0.035573	0.058893	0.025692	0.021344	0.013439	0.008696	0.001186	0.009881	0.047431	0.024901	0.012648	0.000395	0.032806	0.047036	0.019763	0.014229	0.018972	0.014625	0.030830	0.009486	0.032411	0.032016	0.024111	0.007510	0.033992	0.006719	0.030830	0.010277	0.024111	0.006719	0.018972	0.009881	0.007510	0.002767	0.002372	0.000395	0.005534	0.004348	0.002767	0.004348	0.011462	0.004348	0.002372	0.000395	0.035178	0.008696	0.033202	
0.011462	0.019763	0.013439	0.009486	0.010277	0.033597	0.025296	0.006719	0.012253	0.040711	0.027668	0.005534	0.020158	0.029249	0.018972	0.009486	0.002372	0.009881	0.018972	0.003162	0.007115	0.018182	0.028854	0.007905	0.011462	0.026877	0.015020	0.009091	0.003953	0.007510	0.016601	0.002372	0.006324	0.007115	0.009881	0.003162	0.018182	0.041897	0.031225	0.015020	0.010672	0.018182	0.009486	0.004743	0.009091	0.017391	0.015415	0.009881	0.005138	0.004348	0.013043	0.003953	0.026482	0.033992	0.043083	0.016601	0.010277	0.038735	0.021344	0.007115	0.020949	0.025692	0.030435	0.013043	
0.008300	0.007905	0.003162	0.005929	0.014229	0.003162	0.013439	0.010277	0.009486	0.021739	0.012253	0.011858	0.005138	0.002767	0.005534	0.006324	0.019763	0.011067	0.011858	0.019368	0.041502	0.013439	0.041502	0.031225	0.028458	0.036364	0.037549	0.026087	0.004348	0.002372	0.007905	0.031621	0.014229	0.007510	0.007115	0.015810	0.034783	0.016996	0.042688	0.030040	0.016601	0.022530	0.018182	0.016206	0.005138	0.004348	0.003162	0.013834	0.018182	0.009881	0.005929	0.020158	0.031225	0.009486	0.018972	0.020158	0.016206	0.026087	0.023715	0.015415	0.006324	0.001581	0.007115	0.019763	
0.020553	0.011858	0.007510	0.020553	0.004348	0.011462	0.018577	0.001976	0.004348	0.011067	0.005929	0.006719	0.015020	0.022925	0.012648	0.010672	0.006719	0.026877	0.062451	0.025692	0.017391	0.013439	0.010277	0.001976	0.013834	0.052964	0.029644	0.020158	0.000395	0.032411	0.042688	0.016206	0.012253	0.018182	0.013834	0.026482	0.009486	0.041107	0.040316	0.015810	0.006324	0.049802	0.006719	0.028854	0.012253	0.027668	0.010277	0.019368	0.008696	0.006324	0.003557	0.002372	0.000395	0.004348	0.004348	0.001976	0.003162	0.012648	0.003953	0.003953	0.000395	0.030830	0.007115	0.033202	
0.011067	0.016996	0.013834	0.006324	0.006719	0.032016	0.019763	0.004743	0.011067	0.049012	0.019763	0.007510	0.018577	0.026482	0.021739	0.008300	0.001186	0.004743	0.019763	0.005929	0.011858	0.016996	0.033202	0.008300	0.010277	0.029249	0.027273	0.006719	0.002767	0.004348	0.011858	0.002767	0.007905	0.005534	0.009881	0.004348	0.019763	0.050198	0.042292	0.014229	0.008300	0.021739	0.011462	0.004743	0.011858	0.020949	0.016206	0.010672	0.004743	0.006324	0.014229	0.002767	0.019368	0.034387	0.043478	0.016601	0.016601	0.028854	0.018972	0.008300	0.017787	0.023715	0.023320	0.014625	
0.009881	0.003953	0.004743	0.006324	0.011858	0.004348	0.005534	0.011858	0.012648	0.019368	0.014229	0.011462	0.004743	0.002767	0.003162	0.008696	0.022134	0.008696	0.007510	0.019368	0.047826	0.015810	0.041897	0.028063	0.030830	0.045850	0.033202	0.028854	0.005138	0.003162	0.009881	0.025692	0.011462	0.013439	0.005138	0.016206	0.043083	0.016206	0.043874	0.025692	0.018182	0.024111	0.019368	0.015810	0.005534	0.004743	0.003557	0.013439	0.017787	0.008696	0.006324	0.018182	0.038735	0.005929	0.015020	0.015810	0.018182	0.018577	0.022134	0.014229	0.007905	0.003953	0.003162	0.021344	
0.021344	0.008300	0.009091	0.022530	0.001581	0.011462	0.016601	0.005138	0.005534	0.008300	0.003953	0.005929	0.014625	0.023320	0.009486	0.012648	0.010277	0.037154	0.071146	0.022925	0.015810	0.011462	0.012253	0.002767	0.011067	0.045850	0.033202	0.016206	0.000395	0.027273	0.038735	0.015020	0.023320	0.020553	0.009091	0.026877	0.009486	0.043874	0.034387	0.020158	0.010277	0.038735	0.007510	0.032411	0.014229	0.024506	0.012648	0.018972	0.006719	0.007905	0.003953	0.004743	0.000395	0.006324	0.005534	0.002372	0.002372	0.007510	0.005534	0.004348	0.000395	0.033597	0.011462	0.023715	
0.016206	0.018577	0.016601	0.010277	0.008696	0.036364	0.020553	0.008300	0.016206	0.047826	0.022134	0.007115	0.016601	0.033202	0.016601	0.010672	0.001186	0.009486	0.014625	0.001976	0.015415	0.020158	0.028854	0.008696	0.011067	0.024506	0.024111	0.009091	0.003557	0.004348	0.018972	0.003557	0.006719	0.009486	0.008696	0.004348	0.018182	0.035178	0.038340	0.008696	0.005929	0.022134	0.015415	0.006719	0.010277	0.019368	0.021344	0.007905	0.005929	0.008300	0.012253	0.003162	0.032016	0.033597	0.030830	0.012253	0.013834	0.027668	0.021739	0.009091	0.018577	0.019763	0.022134	0.009881	
0.010672	0.005534	0.005534	0.008300	0.018972	0.004743	0.012253	0.009881	0.013834	0.015415	0.016601	0.006324	0.004743	0.002372	0.004743	0.007905	0.028458	0.011462	0.009486	0.024901	0.050988	0.013834	0.037945	0.022530	0.029249	0.033202	0.028854	0.027273	0.004348	0.002372	0.009091	0.022134	0.009486	0.011067	0.004743	0.021739	0.036364	0.015020	0.040316	0.030435	0.020553	0.022530	0.020553	0.019763	0.007905	0.003162	0.006324	0.014625	0.018577	0.013834	0.003953	0.012648	0.028063	0.008696	0.020158	0.019763	0.025692	0.015415	0.022134	0.015810	0.005138	0.003953	0.003953	0.018972	
0.021739	0.014625	0.006324	0.024506	0.004743	0.014625	0.015810	0.006719	0.004743	0.011462	0.003162	0.004348	0.014229	0.028854	0.013043	0.011462	0.007115	0.032411	0.073518	0.021344	0.015020	0.009486	0.015415	0.002372	0.012648	0.048221	0.031225	0.018577	0.000395	0.029644	0.037154	0.015415	0.020553	0.018182	0.014625	0.035968	0.007115	0.034387	0.025296	0.019763	0.011858	0.037945	0.008300	0.030040	0.015020	0.022134	0.013439	0.018577	0.006719	0.006719	0.003953	0.004743	0.000395	0.005138	0.002767	0.003557	0.003162	0.011462	0.007510	0.001976	0.000395	0.031225	0.009486	0.022530	
0.010672	0.019763	0.016601	0.009091	0.009091	0.032016	0.024901	0.005929	0.012253	0.054150	0.022530	0.009486	0.018577	0.032016	0.022530	0.013439	0.003557	0.009486	0.011462	0.002767	0.009486	0.013439	0.032016	0.008696	0.008696	0.024111	0.018182	0.008300	0.003557	0.006719	0.017787	0.004348	0.008696	0.008696	0.010672	0.004348	0.013043	0.043083	0.033992	0.018972	0.007905	0.022925	0.013834	0.005534	0.010672	0.016996	0.016206	0.011067	0.007510	0.007905	0.011858	0.002767	0.027273	0.032806	0.039130	0.012648	0.013834	0.033992	0.017391	0.007905	0.015415	0.019368	0.024506	0.008696	
0.009486	0.007115	0.005534	0.008300	0.016996	0.006719	0.009486	0.012648	0.015810	0.010277	0.014229	0.010277	0.005138	0.002767	0.003162	0.007905	0.019368	0.006719	0.008696	0.024111	0.040316	0.016601	0.041107	0.023320	0.036364	0.031621	0.039921	0.022134	0.006324	0.003162	0.006324	0.030435	0.011462	0.010672	0.006324	0.014229	0.038340	0.014625	0.044269	0.037945	0.016206	0.019763	0.017391	0.018577	0.004743	0.004348	0.002767	0.019368	0.014229	0.011067	0.003953	0.018972	0.033202	0.007905	0.017787	0.016206	0.028063	0.021344	0.021344	0.010277	0.003953	0.003162	0.006324	0.024111	
0.016996	0.011858	0.008300	0.017391	0.003953	0.009486	0.016206	0.005929	0.005534	0.007510	0.003557	0.007905	0.013043	0.034783	0.008696	0.009091	0.009881	0.027668	0.065217	0.026087	0.015415	0.013439	0.013439	0.003557	0.014229	0.049802	0.033597	0.015020	0.000395	0.032411	0.042292	0.015020	0.022134	0.026087	0.016206	0.032016	0.007905	0.034783	0.025296	0.015020	0.011067	0.045455	0.007905	0.028458	0.012648	0.023715	0.009091	0.015810	0.008696	0.007115	0.002767	0.001581	0.000395	0.007510	0.003557	0.001976	0.003557	0.009486	0.003162	0.002372	0.000395	0.031621	0.011067	0.038735	
0.015810	0.015020	0.018182	0.008696	0.009881	0.029644	0.022925	0.010277	0.017391	0.044269	0.024111	0.006719	0.020553	0.032016	0.016206	0.008300	0.002372	0.005534	0.018972	0.000791	0.008300	0.016601	0.029249	0.011067	0.010672	0.023320	0.018972	0.005534	0.004743	0.006324	0.010277	0.005138	0.009486	0.011462	0.007115	0.006324	0.016996	0.044664	0.039130	0.011462	0.011067	0.018577	0.012253	0.006324	0.010277	0.017391	0.018577	0.007510	0.007510	0.003953	0.011462	0.003557	0.027273	0.035178	0.041107	0.018972	0.015020	0.033597	0.013439	0.009091	0.018577	0.023715	0.024901	0.011462	
0.008300	0.008696	0.005534	0.012648	0.016601	0.003557	0.008696	0.007115	0.013439	0.015415	0.014229	0.012648	0.005534	0.002372	0.002767	0.008696	0.024111	0.007905	0.006324	0.024111	0.051779	0.013834	0.033992	0.026482	0.034387	0.043083	0.029644	0.025296	0.006324	0.003953	0.009091	0.032411	0.011067	0.016996	0.007115	0.018972	0.033202	0.016996	0.042292	0.027273	0.012648	0.019763	0.016996	0.019368	0.007115	0.003162	0.004743	0.012648	0.017787	0.011858	0.007115	0.017391	0.037945	0.008696	0.016601	0.016206	0.019368	0.018182	0.018182	0.014229	0.004348	0.003557	0.005534	0.018972	
0.016601	0.013043	0.007905	0.023715	0.003557	0.018182	0.019368	0.004348	0.005138	0.010277	0.005534	0.005138	0.017391	0.029644	0.011858	0.014229	0.005534	0.028458	0.076680	0.028854	0.016601	0.013439	0.010277	0.002767	0.011462	0.048617	0.027668	0.013834	0.000395	0.027668	0.035178	0.013834	0.020158	0.020553	0.011858	0.027273	0.007905	0.039130	0.026877	0.022530	0.009486	0.037549	0.007115	0.024901	0.013439	0.026087	0.013043	0.018972	0.006719	0.007510	0.003162	0.005929	0.000395	0.008300	0.001581	0.002767	0.006719	0.006324	0.004743	0.004348	0.000395	0.037945	0.007115	0.027273	
