>NC_003062
0.000726	0.000726	0.000726	0.000726	0.000726	0.000726	0.000726	0.000726	0.000726	0.000726	0.000726	0.000726	0.000726	0.000726	0.000726	0.000726	0.000726	0.000726	0.000726	0.000726	0.000726	0.000726	0.000726	0.000726	0.000726	0.000726	0.000726	0.000726	0.111837	0.000726	0.000726	0.000726	0.000726	0.000726	0.000726	0.000726	0.000726	0.000726	0.000726	0.000726	0.000726	0.000726	0.000726	0.000726	0.000726	0.000726	0.000726	0.000726	0.000726	0.000726	0.000726	0.000726	0.616558	0.000726	0.000726	0.000726	0.000726	0.000726	0.000726	0.000726	0.273784	0.000726	0.000726	0.000726	
0.000726	0.000726	0.000726	0.000726	0.000726	0.000726	0.000726	0.000726	0.000726	0.000726	0.000726	0.000726	0.000726	0.000726	0.000726	0.000726	0.117647	0.092229	0.294118	0.114742	0.000726	0.000726	0.000726	0.000726	0.000726	0.000726	0.000726	0.000726	0.000726	0.000726	0.000726	0.000726	0.000726	0.000726	0.000726	0.000726	0.000726	0.000726	0.000726	0.000726	0.000726	0.000726	0.000726	0.000726	0.000726	0.000726	0.000726	0.000726	0.073348	0.106028	0.077705	0.129993	0.000726	0.000726	0.000726	0.000726	0.000726	0.000726	0.000726	0.000726	0.000726	0.000726	0.000726	0.000726	
0.059550	0.033406	0.044299	0.055192	0.037037	0.045025	0.050109	0.067538	0.083515	0.115468	0.107480	0.066812	0.028322	0.034132	0.066812	0.116921	0.000726	0.000726	0.000726	0.000726	0.000726	0.000726	0.000726	0.000726	0.000726	0.000726	0.000726	0.000726	0.000726	0.000726	0.000726	0.000726	0.000726	0.000726	0.000726	0.000726	0.000726	0.000726	0.000726	0.000726	0.000726	0.000726	0.000726	0.000726	0.000726	0.000726	0.000726	0.000726	0.000726	0.000726	0.000726	0.000726	0.000726	0.000726	0.000726	0.000726	0.000726	0.000726	0.000726	0.000726	0.000726	0.000726	0.000726	0.000726	
0.015251	0.014524	0.020334	0.011619	0.003631	0.013072	0.015251	0.003631	0.006536	0.028322	0.008715	0.002905	0.010893	0.020334	0.013798	0.012346	0.007262	0.014524	0.010893	0.006536	0.010893	0.012346	0.018155	0.005810	0.008715	0.029775	0.010167	0.003631	0.000726	0.025418	0.014524	0.029049	0.027596	0.018882	0.027596	0.011619	0.005084	0.054466	0.037763	0.020334	0.013798	0.071895	0.013798	0.010167	0.006536	0.026870	0.012346	0.023239	0.007988	0.010167	0.006536	0.005810	0.000726	0.015251	0.014524	0.005810	0.008715	0.038489	0.013798	0.007988	0.000726	0.046478	0.027596	0.044299	
0.018882	0.019608	0.012346	0.007262	0.006536	0.021786	0.021786	0.007988	0.012346	0.031227	0.014524	0.007262	0.005810	0.015977	0.007988	0.005810	0.002179	0.005084	0.009441	0.003631	0.013072	0.032680	0.035585	0.013798	0.013072	0.034858	0.027596	0.010167	0.002179	0.008715	0.016703	0.007988	0.009441	0.012346	0.008715	0.007262	0.027596	0.076979	0.045752	0.018155	0.005810	0.025418	0.005084	0.010167	0.003631	0.011619	0.006536	0.002905	0.004357	0.004357	0.005084	0.005084	0.015977	0.039216	0.043573	0.020334	0.012346	0.027596	0.016703	0.011619	0.005084	0.050835	0.036311	0.016703	
0.006536	0.005084	0.010167	0.013072	0.009441	0.010167	0.013072	0.008715	0.008715	0.013072	0.008715	0.005084	0.001452	0.005810	0.007262	0.008715	0.016703	0.010893	0.023239	0.012346	0.023965	0.023965	0.072622	0.050109	0.031954	0.034132	0.052288	0.028322	0.003631	0.013072	0.017429	0.026144	0.014524	0.005810	0.008715	0.014524	0.018882	0.026870	0.041394	0.031954	0.013798	0.029049	0.010167	0.010893	0.006536	0.010167	0.007988	0.014524	0.003631	0.002905	0.002179	0.007988	0.022513	0.011619	0.023239	0.029775	0.013798	0.024691	0.010893	0.018155	0.002905	0.007262	0.008715	0.014524	
0.009441	0.013072	0.010893	0.007988	0.002905	0.012346	0.007262	0.002179	0.010893	0.022513	0.006536	0.004357	0.005810	0.015977	0.013072	0.013072	0.009441	0.018155	0.028322	0.018882	0.010893	0.023239	0.026144	0.012346	0.023239	0.076979	0.026870	0.023239	0.000726	0.026144	0.029775	0.063907	0.026144	0.012346	0.009441	0.020334	0.009441	0.039942	0.034132	0.017429	0.010893	0.053740	0.006536	0.010893	0.007988	0.024691	0.008715	0.021060	0.002179	0.004357	0.003631	0.004357	0.000726	0.023965	0.005084	0.006536	0.007262	0.018882	0.005084	0.010167	0.000726	0.029049	0.008715	0.025418	
0.017429	0.012346	0.012346	0.005084	0.004357	0.021060	0.018155	0.004357	0.008715	0.026144	0.013072	0.004357	0.008715	0.018882	0.015977	0.007988	0.006536	0.004357	0.010893	0.002179	0.013072	0.033406	0.038489	0.014524	0.008715	0.034858	0.021786	0.007262	0.002905	0.010893	0.017429	0.007262	0.014524	0.020334	0.009441	0.007988	0.029775	0.061002	0.052288	0.029049	0.009441	0.022513	0.006536	0.006536	0.005810	0.020334	0.010893	0.011619	0.005810	0.002905	0.005084	0.001452	0.014524	0.030501	0.037763	0.013072	0.007262	0.024691	0.017429	0.010893	0.012346	0.037037	0.055919	0.018155	
0.018882	0.008715	0.011619	0.005084	0.006536	0.007262	0.011619	0.014524	0.012346	0.013072	0.008715	0.003631	0.001452	0.001452	0.004357	0.009441	0.018882	0.013072	0.014524	0.015251	0.031954	0.019608	0.056645	0.037763	0.056645	0.025418	0.034132	0.030501	0.005084	0.012346	0.013798	0.029775	0.007988	0.008715	0.005810	0.011619	0.029049	0.019608	0.030501	0.029049	0.012346	0.014524	0.013072	0.018882	0.002905	0.005810	0.009441	0.010893	0.010167	0.008715	0.002905	0.007988	0.026870	0.016703	0.020334	0.023239	0.030501	0.023965	0.031227	0.014524	0.004357	0.008715	0.013072	0.018882	
0.010167	0.018155	0.015251	0.012346	0.002179	0.015251	0.018155	0.003631	0.005084	0.015977	0.008715	0.005084	0.005810	0.018155	0.007262	0.008715	0.009441	0.019608	0.042847	0.022513	0.011619	0.015977	0.025418	0.010167	0.014524	0.047204	0.039216	0.018155	0.000726	0.029049	0.027596	0.047204	0.020334	0.029775	0.025418	0.036311	0.002179	0.032680	0.028322	0.013798	0.013798	0.044299	0.010893	0.018155	0.010893	0.034858	0.006536	0.015251	0.002179	0.005084	0.002179	0.004357	0.000726	0.014524	0.005084	0.007988	0.005810	0.018882	0.004357	0.011619	0.000726	0.042121	0.007262	0.018882	
0.013798	0.009441	0.011619	0.007262	0.008715	0.026144	0.029775	0.007988	0.018882	0.040668	0.020334	0.005810	0.015251	0.024691	0.026144	0.009441	0.002905	0.001452	0.010167	0.002179	0.014524	0.022513	0.029049	0.012346	0.010893	0.030501	0.026144	0.009441	0.002179	0.012346	0.012346	0.008715	0.014524	0.008715	0.012346	0.003631	0.017429	0.044299	0.047204	0.017429	0.013798	0.029049	0.010893	0.009441	0.007988	0.019608	0.013072	0.012346	0.003631	0.002179	0.009441	0.002905	0.018882	0.037763	0.053014	0.014524	0.008715	0.023239	0.010167	0.006536	0.002179	0.034132	0.031954	0.021786	
0.013798	0.004357	0.007988	0.008715	0.004357	0.003631	0.005810	0.007988	0.015977	0.010893	0.006536	0.010167	0.002179	0.002179	0.002905	0.008715	0.014524	0.012346	0.015977	0.016703	0.024691	0.025418	0.038489	0.042121	0.047930	0.041394	0.039942	0.029775	0.004357	0.012346	0.007262	0.028322	0.018155	0.010893	0.007988	0.015251	0.029049	0.015977	0.039942	0.038489	0.018882	0.026870	0.012346	0.009441	0.002905	0.003631	0.006536	0.018155	0.007988	0.003631	0.004357	0.011619	0.021060	0.011619	0.031227	0.026870	0.021786	0.032680	0.019608	0.009441	0.005810	0.010167	0.010167	0.026144	
0.010167	0.015251	0.017429	0.011619	0.003631	0.015977	0.008715	0.002905	0.003631	0.021786	0.004357	0.006536	0.009441	0.020334	0.011619	0.010893	0.013072	0.019608	0.027596	0.018882	0.010167	0.012346	0.021060	0.013072	0.021060	0.041394	0.032680	0.020334	0.000726	0.037763	0.023239	0.053740	0.024691	0.022513	0.026144	0.031227	0.006536	0.045752	0.045752	0.013798	0.012346	0.041394	0.011619	0.013072	0.008715	0.026144	0.008715	0.015251	0.001452	0.004357	0.002179	0.007262	0.000726	0.015251	0.006536	0.005810	0.003631	0.015977	0.003631	0.003631	0.000726	0.045752	0.009441	0.025418	
0.013072	0.013072	0.014524	0.008715	0.005810	0.027596	0.021786	0.006536	0.012346	0.033406	0.015251	0.012346	0.008715	0.026144	0.025418	0.008715	0.002905	0.006536	0.010167	0.001452	0.011619	0.016703	0.043573	0.017429	0.012346	0.034132	0.023239	0.012346	0.002905	0.014524	0.012346	0.005810	0.013798	0.010893	0.010167	0.005810	0.025418	0.046478	0.034132	0.014524	0.012346	0.023965	0.007262	0.008715	0.002179	0.018882	0.012346	0.010167	0.005810	0.003631	0.007988	0.002179	0.013798	0.058097	0.040668	0.017429	0.014524	0.018882	0.009441	0.010167	0.004357	0.045025	0.040668	0.015251	
0.011619	0.009441	0.006536	0.007988	0.013798	0.007262	0.007262	0.005810	0.011619	0.011619	0.015977	0.003631	0.002179	0.002905	0.002905	0.010167	0.015251	0.012346	0.012346	0.016703	0.028322	0.019608	0.053740	0.047204	0.042847	0.029775	0.039216	0.028322	0.004357	0.007988	0.010893	0.032680	0.015977	0.005810	0.007262	0.022513	0.034132	0.013798	0.027596	0.034858	0.013072	0.022513	0.009441	0.010167	0.003631	0.006536	0.010167	0.023239	0.003631	0.003631	0.000726	0.010167	0.035585	0.012346	0.025418	0.031227	0.029049	0.021060	0.023239	0.017429	0.005084	0.010893	0.006536	0.017429	
0.007988	0.017429	0.009441	0.011619	0.001452	0.015977	0.010893	0.002905	0.003631	0.014524	0.005810	0.002905	0.013798	0.022513	0.013072	0.007988	0.015251	0.023239	0.048656	0.024691	0.011619	0.015251	0.015977	0.010167	0.018882	0.044299	0.029775	0.021060	0.000726	0.038489	0.028322	0.051561	0.021786	0.021786	0.018882	0.034132	0.005810	0.032680	0.033406	0.013072	0.013798	0.039216	0.013072	0.021786	0.010167	0.029049	0.007262	0.013072	0.002905	0.004357	0.002905	0.005084	0.000726	0.013072	0.010167	0.004357	0.005084	0.019608	0.003631	0.002179	0.000726	0.040668	0.011619	0.030501	
0.017429	0.011619	0.010893	0.007988	0.012346	0.026870	0.023239	0.004357	0.020334	0.034858	0.020334	0.004357	0.010167	0.031227	0.023965	0.010167	0.003631	0.004357	0.009441	0.002179	0.006536	0.020334	0.038489	0.011619	0.008715	0.032680	0.021060	0.007988	0.001452	0.006536	0.015251	0.007262	0.015977	0.008715	0.010167	0.006536	0.026870	0.039942	0.039942	0.010893	0.007988	0.031954	0.004357	0.007988	0.006536	0.022513	0.008715	0.010167	0.007262	0.004357	0.007988	0.005810	0.024691	0.045752	0.044299	0.015977	0.015977	0.021786	0.014524	0.007988	0.005810	0.046478	0.037763	0.013072	
0.017429	0.012346	0.008715	0.005810	0.008715	0.003631	0.009441	0.007262	0.006536	0.010893	0.013798	0.007262	0.005084	0.002179	0.004357	0.010893	0.021786	0.011619	0.012346	0.024691	0.038489	0.020334	0.039942	0.034132	0.047204	0.032680	0.037037	0.029049	0.002905	0.010167	0.014524	0.015251	0.018882	0.006536	0.007988	0.019608	0.028322	0.026144	0.042121	0.024691	0.021786	0.016703	0.010893	0.010893	0.002179	0.005810	0.008715	0.011619	0.007988	0.002905	0.002179	0.010893	0.032680	0.015251	0.026144	0.032680	0.028322	0.023965	0.016703	0.016703	0.002905	0.006536	0.009441	0.021786	
0.015977	0.020334	0.015977	0.013798	0.001452	0.013072	0.012346	0.006536	0.006536	0.014524	0.005084	0.005084	0.009441	0.024691	0.012346	0.014524	0.013072	0.024691	0.053740	0.016703	0.018882	0.009441	0.027596	0.009441	0.017429	0.045752	0.031227	0.023239	0.000726	0.030501	0.028322	0.039216	0.029775	0.027596	0.018882	0.027596	0.008715	0.030501	0.031954	0.013072	0.015251	0.030501	0.014524	0.018155	0.016703	0.019608	0.011619	0.015977	0.000726	0.007262	0.001452	0.003631	0.000726	0.011619	0.007262	0.005084	0.005810	0.019608	0.005810	0.005810	0.000726	0.031227	0.005810	0.021786	
0.020334	0.015977	0.015251	0.007988	0.010167	0.034132	0.030501	0.005084	0.026144	0.039216	0.016703	0.007988	0.007262	0.021786	0.026870	0.005810	0.004357	0.007262	0.014524	0.003631	0.012346	0.015977	0.031954	0.004357	0.015977	0.033406	0.021060	0.008715	0.002179	0.007262	0.015977	0.008715	0.023965	0.006536	0.009441	0.005084	0.026870	0.037037	0.034132	0.012346	0.008715	0.027596	0.010167	0.010167	0.005810	0.020334	0.015251	0.010893	0.011619	0.001452	0.011619	0.002905	0.015251	0.042847	0.038489	0.009441	0.008715	0.022513	0.017429	0.009441	0.005810	0.029775	0.037037	0.018882	
0.031954	0.012346	0.005084	0.010893	0.011619	0.005084	0.006536	0.007988	0.015251	0.015251	0.013798	0.006536	0.002179	0.002179	0.004357	0.010893	0.023965	0.009441	0.012346	0.018882	0.039216	0.019608	0.038489	0.032680	0.039942	0.034858	0.037763	0.022513	0.002905	0.004357	0.009441	0.014524	0.028322	0.009441	0.006536	0.015251	0.029049	0.023965	0.037037	0.032680	0.014524	0.026144	0.007262	0.017429	0.003631	0.002905	0.011619	0.018155	0.003631	0.005810	0.002179	0.009441	0.026144	0.006536	0.018882	0.027596	0.029775	0.032680	0.015251	0.017429	0.004357	0.007262	0.013072	0.019608	
0.023239	0.024691	0.021060	0.018882	0.002905	0.015251	0.014524	0.004357	0.002179	0.014524	0.006536	0.002905	0.015977	0.020334	0.011619	0.006536	0.008715	0.026870	0.045752	0.024691	0.014524	0.009441	0.026144	0.005084	0.021786	0.037763	0.021786	0.019608	0.000726	0.026870	0.026144	0.047204	0.030501	0.023239	0.015251	0.030501	0.008715	0.040668	0.037037	0.022513	0.007988	0.034858	0.010893	0.020334	0.012346	0.026144	0.009441	0.015977	0.002905	0.005810	0.001452	0.002905	0.000726	0.007262	0.005810	0.002905	0.005084	0.021786	0.005084	0.006536	0.000726	0.039216	0.008715	0.014524	
0.019608	0.015977	0.017429	0.012346	0.017429	0.022513	0.034132	0.006536	0.015977	0.035585	0.024691	0.007262	0.013072	0.027596	0.029049	0.007262	0.002905	0.004357	0.014524	0.005084	0.007262	0.019608	0.038489	0.007262	0.010167	0.039216	0.026144	0.007988	0.002905	0.009441	0.013798	0.008715	0.015977	0.005810	0.009441	0.005810	0.018882	0.038489	0.033406	0.018155	0.012346	0.016703	0.009441	0.005810	0.006536	0.020334	0.013072	0.009441	0.005810	0.002905	0.015251	0.005810	0.024691	0.031227	0.047930	0.008715	0.012346	0.018882	0.018155	0.006536	0.004357	0.023965	0.037037	0.018882	
0.012346	0.015251	0.005810	0.010893	0.007262	0.005810	0.005810	0.010167	0.015977	0.020334	0.012346	0.007988	0.002179	0.003631	0.004357	0.018882	0.019608	0.012346	0.011619	0.024691	0.029049	0.011619	0.042847	0.028322	0.055192	0.037763	0.039216	0.021786	0.002179	0.004357	0.010893	0.023239	0.022513	0.008715	0.004357	0.015251	0.039216	0.019608	0.028322	0.023239	0.015251	0.029775	0.018882	0.014524	0.002179	0.003631	0.007988	0.013798	0.005084	0.005084	0.002179	0.014524	0.029775	0.008715	0.020334	0.022513	0.026144	0.024691	0.026870	0.015251	0.005084	0.008715	0.010893	0.019608	
0.013072	0.013072	0.018155	0.015251	0.001452	0.018155	0.018155	0.003631	0.004357	0.010893	0.006536	0.002179	0.014524	0.025418	0.013798	0.011619	0.010893	0.029775	0.034858	0.029775	0.015977	0.005810	0.015977	0.007988	0.010893	0.035585	0.026870	0.023965	0.000726	0.020334	0.024691	0.038489	0.040668	0.021786	0.015251	0.034858	0.007988	0.050835	0.033406	0.020334	0.021786	0.049383	0.011619	0.014524	0.005084	0.026144	0.010893	0.017429	0.002905	0.002905	0.000726	0.005084	0.000726	0.010167	0.005084	0.004357	0.002905	0.021060	0.005084	0.005084	0.000726	0.041394	0.007988	0.025418	
0.021060	0.014524	0.017429	0.014524	0.015977	0.025418	0.021060	0.005084	0.010893	0.032680	0.015251	0.010167	0.007262	0.035585	0.034132	0.007988	0.005084	0.002905	0.010167	0.007988	0.013798	0.019608	0.043573	0.007988	0.010893	0.024691	0.027596	0.009441	0.004357	0.008715	0.015251	0.007988	0.014524	0.005810	0.010167	0.009441	0.032680	0.032680	0.038489	0.013072	0.009441	0.025418	0.007988	0.007262	0.002905	0.023239	0.007988	0.011619	0.005810	0.003631	0.009441	0.002179	0.020334	0.038489	0.041394	0.013072	0.011619	0.023965	0.015977	0.005810	0.005084	0.038489	0.029775	0.019608	
0.010167	0.011619	0.010167	0.014524	0.005810	0.005810	0.007988	0.007262	0.018155	0.013072	0.011619	0.004357	0.003631	0.003631	0.010167	0.016703	0.021786	0.012346	0.021060	0.027596	0.027596	0.014524	0.039216	0.034858	0.048656	0.037763	0.039942	0.018155	0.005084	0.006536	0.005810	0.021786	0.010167	0.009441	0.005084	0.018155	0.031954	0.016703	0.036311	0.021786	0.014524	0.022513	0.014524	0.015251	0.004357	0.007988	0.008715	0.011619	0.005810	0.005084	0.001452	0.007262	0.030501	0.010893	0.029775	0.034858	0.029049	0.021786	0.027596	0.008715	0.002179	0.007262	0.013072	0.024691	
0.012346	0.010167	0.016703	0.008715	0.004357	0.013798	0.016703	0.003631	0.002179	0.020334	0.011619	0.003631	0.014524	0.024691	0.015977	0.012346	0.009441	0.027596	0.037763	0.021060	0.014524	0.010167	0.017429	0.005810	0.015251	0.058824	0.023965	0.015251	0.000726	0.031954	0.029775	0.036311	0.025418	0.025418	0.023965	0.035585	0.007988	0.035585	0.039216	0.012346	0.016703	0.049383	0.010167	0.017429	0.007262	0.019608	0.005084	0.014524	0.002905	0.005810	0.001452	0.005084	0.000726	0.010167	0.006536	0.007988	0.006536	0.020334	0.003631	0.007262	0.000726	0.045025	0.010893	0.018155	
0.010167	0.015977	0.015251	0.008715	0.014524	0.031954	0.019608	0.002905	0.015977	0.041394	0.015977	0.006536	0.011619	0.024691	0.028322	0.005810	0.005810	0.005810	0.013072	0.002905	0.007988	0.018155	0.037763	0.005810	0.007988	0.038489	0.029049	0.004357	0.002179	0.007262	0.010893	0.009441	0.014524	0.005810	0.010167	0.010167	0.037763	0.047204	0.047930	0.015977	0.011619	0.023965	0.010167	0.003631	0.007262	0.012346	0.017429	0.006536	0.006536	0.004357	0.009441	0.002905	0.021786	0.037037	0.049383	0.013072	0.008715	0.031954	0.014524	0.006536	0.004357	0.028322	0.039216	0.009441	
0.010893	0.010893	0.004357	0.010893	0.010893	0.006536	0.007262	0.007262	0.015251	0.009441	0.016703	0.006536	0.004357	0.003631	0.002179	0.014524	0.025418	0.013072	0.015977	0.027596	0.031954	0.020334	0.051561	0.030501	0.047930	0.036311	0.044299	0.026144	0.005084	0.004357	0.007262	0.021060	0.015251	0.007988	0.004357	0.016703	0.045025	0.021060	0.041394	0.028322	0.025418	0.018155	0.016703	0.009441	0.003631	0.002905	0.007262	0.007262	0.005810	0.005810	0.003631	0.010167	0.023239	0.011619	0.018155	0.019608	0.027596	0.023965	0.025418	0.018882	0.002905	0.002179	0.007262	0.018882	
0.013798	0.012346	0.018882	0.012346	0.002179	0.017429	0.014524	0.003631	0.002905	0.016703	0.004357	0.004357	0.010893	0.022513	0.015977	0.015977	0.008715	0.026870	0.042121	0.033406	0.017429	0.013072	0.023239	0.005810	0.017429	0.047930	0.028322	0.024691	0.000726	0.027596	0.026144	0.031227	0.026870	0.026144	0.022513	0.040668	0.008715	0.037037	0.027596	0.014524	0.021060	0.050109	0.014524	0.017429	0.005084	0.033406	0.008715	0.013798	0.003631	0.005810	0.004357	0.002179	0.000726	0.007262	0.002905	0.002179	0.005084	0.010893	0.005084	0.002905	0.000726	0.039942	0.007988	0.013072	
0.013072	0.013072	0.019608	0.007262	0.013798	0.024691	0.029049	0.003631	0.015251	0.044299	0.017429	0.010893	0.013798	0.031954	0.031227	0.011619	0.005084	0.005084	0.015251	0.003631	0.011619	0.020334	0.037037	0.005810	0.007988	0.023239	0.028322	0.008715	0.001452	0.010167	0.010893	0.003631	0.018882	0.009441	0.011619	0.006536	0.028322	0.047930	0.036311	0.013072	0.014524	0.022513	0.007988	0.007262	0.007262	0.023239	0.015977	0.002905	0.008715	0.002179	0.004357	0.002179	0.016703	0.042847	0.055192	0.008715	0.010893	0.025418	0.015977	0.006536	0.001452	0.022513	0.041394	0.008715	
0.026144	0.009441	0.002179	0.007988	0.008715	0.007988	0.006536	0.006536	0.015977	0.007988	0.015977	0.010893	0.003631	0.002179	0.007262	0.006536	0.017429	0.011619	0.011619	0.029775	0.039216	0.018882	0.047204	0.030501	0.054466	0.034858	0.041394	0.026870	0.004357	0.004357	0.008715	0.013798	0.017429	0.005810	0.005810	0.019608	0.035585	0.018882	0.032680	0.028322	0.013798	0.027596	0.013072	0.015251	0.002905	0.002905	0.010167	0.017429	0.004357	0.005084	0.002905	0.011619	0.033406	0.010167	0.021786	0.022513	0.030501	0.026870	0.025418	0.016703	0.000726	0.002905	0.006536	0.016703	
0.012346	0.012346	0.023239	0.017429	0.000726	0.013072	0.015251	0.002905	0.005084	0.010893	0.005084	0.001452	0.015977	0.026870	0.011619	0.014524	0.008715	0.031227	0.050109	0.026870	0.023239	0.009441	0.019608	0.003631	0.016703	0.042847	0.033406	0.015251	0.000726	0.023965	0.029775	0.033406	0.025418	0.030501	0.027596	0.031227	0.006536	0.042847	0.029775	0.018155	0.011619	0.048656	0.015251	0.020334	0.009441	0.029775	0.009441	0.021060	0.002905	0.002905	0.002179	0.003631	0.000726	0.006536	0.001452	0.003631	0.006536	0.019608	0.002905	0.003631	0.000726	0.034132	0.006536	0.013072	
0.011619	0.017429	0.015251	0.005084	0.013798	0.025418	0.032680	0.005084	0.017429	0.050835	0.028322	0.006536	0.014524	0.025418	0.034132	0.005084	0.002905	0.005810	0.018155	0.004357	0.009441	0.018882	0.034858	0.008715	0.007262	0.029049	0.024691	0.005084	0.001452	0.010167	0.010167	0.006536	0.015251	0.010893	0.009441	0.004357	0.021060	0.049383	0.035585	0.015977	0.013798	0.028322	0.008715	0.005810	0.002179	0.010893	0.020334	0.007262	0.010167	0.002905	0.010167	0.003631	0.015977	0.037037	0.051561	0.010167	0.008715	0.022513	0.021786	0.004357	0.005084	0.025418	0.040668	0.010893	
0.018155	0.007988	0.003631	0.010167	0.009441	0.011619	0.005810	0.010167	0.015977	0.018155	0.013072	0.005810	0.002905	0.001452	0.005084	0.007988	0.021786	0.007262	0.008715	0.022513	0.037763	0.015977	0.042121	0.034858	0.050109	0.031954	0.046478	0.026144	0.007988	0.002179	0.007988	0.021786	0.011619	0.008715	0.009441	0.017429	0.039216	0.018882	0.044299	0.028322	0.018155	0.028322	0.010893	0.026144	0.003631	0.001452	0.006536	0.010167	0.002905	0.005084	0.002179	0.013072	0.028322	0.006536	0.015251	0.021786	0.029775	0.031227	0.023965	0.020334	0.003631	0.005084	0.008715	0.012346	
0.007988	0.012346	0.021786	0.012346	0.002905	0.010893	0.013072	0.002179	0.004357	0.011619	0.002905	0.005084	0.013798	0.028322	0.011619	0.009441	0.009441	0.031954	0.044299	0.029049	0.015977	0.009441	0.023965	0.003631	0.015251	0.044299	0.026144	0.021786	0.000726	0.035585	0.024691	0.034132	0.030501	0.026144	0.024691	0.032680	0.007262	0.042847	0.037763	0.021786	0.015251	0.036311	0.010893	0.031954	0.010167	0.036311	0.011619	0.020334	0.001452	0.004357	0.005084	0.007262	0.000726	0.003631	0.003631	0.002179	0.004357	0.015251	0.002905	0.005810	0.000726	0.035585	0.005810	0.010167	
0.010893	0.012346	0.018882	0.007262	0.015977	0.019608	0.035585	0.003631	0.021060	0.043573	0.021786	0.009441	0.013072	0.027596	0.033406	0.007262	0.002905	0.005084	0.014524	0.004357	0.010893	0.018155	0.030501	0.007262	0.010167	0.031954	0.028322	0.007988	0.001452	0.009441	0.013798	0.005084	0.012346	0.009441	0.009441	0.007988	0.026144	0.037763	0.032680	0.010893	0.009441	0.023965	0.005810	0.003631	0.010893	0.021786	0.022513	0.009441	0.010893	0.004357	0.005810	0.004357	0.021060	0.033406	0.066086	0.015251	0.009441	0.023965	0.012346	0.007988	0.003631	0.026144	0.034132	0.010167	
0.014524	0.006536	0.004357	0.011619	0.010893	0.007988	0.005810	0.006536	0.014524	0.012346	0.014524	0.007262	0.002179	0.003631	0.005810	0.012346	0.024691	0.010893	0.015977	0.022513	0.035585	0.007988	0.042121	0.023239	0.057371	0.039216	0.042847	0.025418	0.002179	0.003631	0.010167	0.021060	0.013072	0.011619	0.005084	0.020334	0.036311	0.018882	0.040668	0.027596	0.021786	0.015977	0.011619	0.018882	0.003631	0.002905	0.008715	0.013798	0.009441	0.005084	0.004357	0.010167	0.029049	0.010167	0.029049	0.016703	0.030501	0.026870	0.031227	0.015251	0.002905	0.002905	0.007988	0.018155	
0.015251	0.014524	0.016703	0.015251	0.002905	0.015977	0.013798	0.001452	0.003631	0.015251	0.007262	0.003631	0.014524	0.029775	0.010167	0.010167	0.008715	0.023239	0.051561	0.028322	0.014524	0.005810	0.023239	0.001452	0.016703	0.047930	0.022513	0.030501	0.000726	0.022513	0.025418	0.025418	0.026870	0.026144	0.021786	0.049383	0.004357	0.042121	0.032680	0.015251	0.015251	0.047930	0.015251	0.021786	0.012346	0.034858	0.007988	0.011619	0.001452	0.006536	0.000726	0.002179	0.000726	0.003631	0.003631	0.005084	0.005084	0.017429	0.002905	0.007262	0.000726	0.039942	0.007262	0.017429	
0.018882	0.007262	0.021060	0.005084	0.014524	0.022513	0.028322	0.005084	0.021786	0.042847	0.017429	0.008715	0.012346	0.031954	0.038489	0.012346	0.002179	0.005084	0.013072	0.002179	0.010893	0.014524	0.037763	0.004357	0.007262	0.028322	0.027596	0.010167	0.000726	0.007988	0.010167	0.004357	0.013798	0.011619	0.009441	0.005810	0.029775	0.043573	0.036311	0.018882	0.011619	0.021786	0.008715	0.005810	0.007988	0.026870	0.019608	0.008715	0.008715	0.002905	0.013798	0.002905	0.021786	0.042121	0.048656	0.014524	0.010893	0.023239	0.010167	0.006536	0.005810	0.021060	0.031227	0.006536	
0.017429	0.006536	0.007262	0.012346	0.007262	0.005084	0.012346	0.002179	0.018882	0.011619	0.016703	0.010167	0.001452	0.002179	0.002905	0.009441	0.022513	0.014524	0.013798	0.026144	0.034858	0.015251	0.032680	0.039942	0.052288	0.039942	0.039942	0.018882	0.003631	0.004357	0.008715	0.026144	0.020334	0.007988	0.002179	0.021060	0.025418	0.023965	0.038489	0.028322	0.018155	0.018882	0.009441	0.017429	0.004357	0.001452	0.010167	0.015251	0.003631	0.005084	0.002179	0.015977	0.027596	0.007262	0.023965	0.029049	0.031954	0.033406	0.023965	0.010167	0.002179	0.005810	0.005810	0.018155	
0.012346	0.013798	0.021060	0.016703	0.001452	0.017429	0.012346	0.002905	0.002179	0.014524	0.006536	0.002179	0.016703	0.031227	0.013798	0.013798	0.008715	0.022513	0.040668	0.023239	0.016703	0.011619	0.017429	0.005810	0.015977	0.043573	0.031954	0.015977	0.000726	0.029049	0.023239	0.046478	0.027596	0.025418	0.029775	0.038489	0.006536	0.042121	0.041394	0.013798	0.013798	0.041394	0.013072	0.021786	0.007262	0.031227	0.003631	0.014524	0.000726	0.002905	0.003631	0.004357	0.000726	0.006536	0.003631	0.002905	0.002179	0.014524	0.004357	0.006536	0.000726	0.041394	0.007988	0.018882	
0.017429	0.008715	0.018155	0.005084	0.007988	0.023239	0.028322	0.005084	0.022513	0.045752	0.019608	0.007262	0.005810	0.029775	0.037763	0.009441	0.002905	0.002905	0.013072	0.006536	0.014524	0.016703	0.038489	0.007988	0.009441	0.026870	0.033406	0.005084	0.000726	0.005810	0.010167	0.008715	0.011619	0.005084	0.010893	0.006536	0.018882	0.045752	0.037763	0.011619	0.011619	0.026870	0.010167	0.007262	0.005084	0.016703	0.018882	0.005810	0.007988	0.004357	0.010893	0.002179	0.019608	0.041394	0.056645	0.015251	0.007262	0.021060	0.012346	0.007988	0.007988	0.034858	0.033406	0.017429	
0.010893	0.008715	0.007262	0.013072	0.006536	0.004357	0.005084	0.005084	0.015251	0.014524	0.013072	0.010167	0.004357	0.001452	0.003631	0.010893	0.013072	0.014524	0.013072	0.020334	0.034132	0.013072	0.044299	0.035585	0.053740	0.040668	0.039942	0.026870	0.003631	0.002179	0.010893	0.023239	0.018155	0.005810	0.005084	0.021786	0.037037	0.026870	0.034858	0.021786	0.016703	0.024691	0.015977	0.018155	0.002179	0.002905	0.010893	0.011619	0.004357	0.005084	0.000726	0.009441	0.026144	0.007988	0.020334	0.032680	0.032680	0.030501	0.021060	0.015977	0.004357	0.003631	0.008715	0.024691	
0.006536	0.018155	0.009441	0.012346	0.001452	0.017429	0.013798	0.001452	0.002179	0.012346	0.008715	0.002905	0.020334	0.023239	0.011619	0.009441	0.007262	0.030501	0.048656	0.017429	0.008715	0.010893	0.023239	0.009441	0.018882	0.040668	0.029049	0.015977	0.000726	0.029049	0.025418	0.039942	0.030501	0.033406	0.018882	0.035585	0.007988	0.053740	0.032680	0.015977	0.011619	0.047930	0.008715	0.021786	0.007262	0.038489	0.007988	0.017429	0.000726	0.006536	0.003631	0.003631	0.000726	0.003631	0.002179	0.003631	0.002905	0.015251	0.007988	0.007988	0.000726	0.046478	0.010893	0.012346	
0.007262	0.014524	0.020334	0.002905	0.013072	0.034858	0.033406	0.007262	0.020334	0.032680	0.020334	0.007262	0.010167	0.021786	0.028322	0.008715	0.002905	0.004357	0.008715	0.002905	0.017429	0.015251	0.045752	0.007262	0.011619	0.024691	0.029775	0.005810	0.004357	0.005084	0.015251	0.005810	0.013072	0.010167	0.006536	0.005810	0.034132	0.042121	0.033406	0.006536	0.014524	0.027596	0.005810	0.006536	0.006536	0.015251	0.021060	0.005810	0.010893	0.002905	0.011619	0.003631	0.015251	0.047930	0.058824	0.015251	0.009441	0.028322	0.013798	0.004357	0.002179	0.029049	0.037763	0.010167	
0.014524	0.005810	0.004357	0.009441	0.013798	0.005810	0.004357	0.007988	0.013798	0.009441	0.018155	0.005810	0.001452	0.002179	0.004357	0.007262	0.026144	0.014524	0.010893	0.028322	0.035585	0.011619	0.055192	0.037763	0.058824	0.042847	0.042121	0.027596	0.002905	0.002905	0.010893	0.019608	0.018882	0.010893	0.005810	0.020334	0.036311	0.015977	0.034132	0.026870	0.011619	0.021060	0.012346	0.024691	0.002905	0.002905	0.005810	0.012346	0.005810	0.005810	0.002179	0.009441	0.029049	0.005084	0.017429	0.019608	0.026144	0.036311	0.022513	0.017429	0.002179	0.003631	0.007988	0.016703	
0.008715	0.011619	0.024691	0.020334	0.002905	0.018155	0.011619	0.004357	0.005084	0.010893	0.004357	0.002905	0.016703	0.031954	0.009441	0.009441	0.016703	0.039216	0.039216	0.019608	0.010893	0.012346	0.013072	0.002179	0.015251	0.041394	0.029049	0.025418	0.000726	0.034858	0.025418	0.031227	0.021060	0.024691	0.031227	0.033406	0.004357	0.049383	0.042847	0.013072	0.015977	0.044299	0.012346	0.022513	0.011619	0.033406	0.009441	0.021060	0.001452	0.002905	0.000726	0.004357	0.000726	0.005810	0.002179	0.002905	0.003631	0.019608	0.002179	0.003631	0.000726	0.032680	0.010167	0.012346	
0.013798	0.013072	0.015977	0.005084	0.015251	0.026144	0.033406	0.003631	0.015977	0.050835	0.019608	0.009441	0.011619	0.024691	0.034858	0.006536	0.001452	0.005810	0.007262	0.004357	0.016703	0.017429	0.043573	0.007988	0.007262	0.031227	0.024691	0.006536	0.001452	0.007262	0.006536	0.007262	0.008715	0.004357	0.021060	0.005810	0.023965	0.044299	0.037763	0.010167	0.011619	0.019608	0.010167	0.006536	0.006536	0.022513	0.016703	0.008715	0.010893	0.004357	0.010167	0.004357	0.024691	0.042847	0.055192	0.010167	0.013798	0.017429	0.017429	0.005810	0.005084	0.026870	0.029049	0.013072	
0.013072	0.006536	0.005810	0.009441	0.010893	0.007262	0.005084	0.004357	0.013072	0.013798	0.020334	0.007262	0.003631	0.002905	0.006536	0.006536	0.022513	0.010167	0.016703	0.031227	0.032680	0.022513	0.037763	0.037763	0.055192	0.039942	0.045752	0.029049	0.002179	0.003631	0.007988	0.018155	0.016703	0.005810	0.009441	0.016703	0.031227	0.016703	0.041394	0.029775	0.018155	0.025418	0.009441	0.018882	0.002179	0.003631	0.013798	0.008715	0.003631	0.003631	0.002179	0.015251	0.031227	0.007988	0.022513	0.019608	0.028322	0.025418	0.015977	0.017429	0.005084	0.005810	0.005810	0.018882	
0.010167	0.014524	0.018155	0.013072	0.001452	0.009441	0.013072	0.002179	0.005810	0.013072	0.009441	0.005810	0.016703	0.031954	0.013798	0.010167	0.010893	0.032680	0.042121	0.020334	0.018155	0.009441	0.020334	0.006536	0.018155	0.044299	0.023965	0.020334	0.000726	0.028322	0.028322	0.034132	0.032680	0.029775	0.018155	0.034132	0.006536	0.050109	0.035585	0.012346	0.018155	0.042847	0.009441	0.021060	0.011619	0.029775	0.009441	0.021786	0.002179	0.004357	0.002905	0.003631	0.000726	0.007988	0.005810	0.001452	0.004357	0.018155	0.003631	0.007988	0.000726	0.037763	0.004357	0.009441	
0.014524	0.012346	0.023239	0.005810	0.012346	0.025418	0.037763	0.005810	0.018882	0.032680	0.018882	0.010893	0.012346	0.023965	0.028322	0.006536	0.004357	0.002179	0.013798	0.006536	0.015251	0.011619	0.041394	0.008715	0.009441	0.026144	0.031227	0.007988	0.001452	0.007262	0.007262	0.006536	0.015251	0.010893	0.011619	0.008715	0.031227	0.040668	0.035585	0.010893	0.014524	0.016703	0.008715	0.006536	0.007988	0.018882	0.019608	0.008715	0.008715	0.005084	0.011619	0.004357	0.017429	0.040668	0.053740	0.015977	0.009441	0.023239	0.015977	0.007262	0.004357	0.026144	0.033406	0.011619	
0.013072	0.010893	0.005810	0.013072	0.013072	0.005810	0.007262	0.004357	0.017429	0.013798	0.018882	0.010167	0.003631	0.003631	0.007262	0.010893	0.026870	0.007988	0.010893	0.030501	0.037763	0.013072	0.037763	0.029775	0.059550	0.041394	0.042847	0.024691	0.003631	0.003631	0.013798	0.020334	0.017429	0.003631	0.005084	0.026144	0.029049	0.015977	0.026870	0.026870	0.017429	0.026870	0.011619	0.018882	0.005084	0.004357	0.010167	0.013072	0.006536	0.005084	0.000726	0.013798	0.020334	0.011619	0.022513	0.021786	0.024691	0.025418	0.023965	0.014524	0.002179	0.003631	0.013072	0.014524	
0.015251	0.015977	0.018155	0.014524	0.001452	0.012346	0.010893	0.002905	0.002179	0.010893	0.007262	0.002179	0.012346	0.046478	0.012346	0.012346	0.010893	0.026870	0.040668	0.021786	0.012346	0.014524	0.014524	0.005084	0.021786	0.026870	0.026870	0.018882	0.000726	0.029049	0.017429	0.035585	0.031954	0.029775	0.018155	0.039216	0.005810	0.050835	0.032680	0.018155	0.015251	0.045752	0.013798	0.022513	0.013072	0.031227	0.006536	0.017429	0.002179	0.002179	0.003631	0.006536	0.000726	0.007988	0.002179	0.004357	0.003631	0.025418	0.008715	0.006536	0.000726	0.035585	0.010167	0.012346	
0.018155	0.014524	0.018882	0.008715	0.016703	0.025418	0.029775	0.002905	0.019608	0.032680	0.018882	0.009441	0.016703	0.031954	0.023239	0.010167	0.004357	0.002905	0.010167	0.002905	0.012346	0.021060	0.040668	0.011619	0.004357	0.033406	0.015977	0.006536	0.002905	0.004357	0.010893	0.012346	0.012346	0.014524	0.010167	0.005810	0.021060	0.039942	0.036311	0.011619	0.015977	0.025418	0.009441	0.005810	0.005084	0.019608	0.014524	0.010893	0.010893	0.005084	0.007988	0.002905	0.023239	0.042121	0.065359	0.011619	0.009441	0.018882	0.013072	0.005084	0.008715	0.026144	0.031227	0.011619	
0.015977	0.012346	0.006536	0.010893	0.011619	0.005810	0.013798	0.005810	0.010893	0.013072	0.015977	0.007262	0.005084	0.001452	0.006536	0.007262	0.027596	0.010893	0.008715	0.026144	0.031954	0.017429	0.043573	0.035585	0.060276	0.041394	0.045752	0.024691	0.003631	0.002179	0.010167	0.021786	0.016703	0.010167	0.005810	0.016703	0.029049	0.021060	0.040668	0.019608	0.010893	0.023239	0.007988	0.015251	0.002179	0.005084	0.007262	0.012346	0.006536	0.007988	0.003631	0.015251	0.023965	0.006536	0.024691	0.026870	0.023239	0.023239	0.015977	0.017429	0.005084	0.002179	0.007988	0.029775	
0.015251	0.018155	0.017429	0.015977	0.002179	0.021786	0.013072	0.004357	0.002179	0.011619	0.009441	0.001452	0.014524	0.027596	0.014524	0.012346	0.009441	0.023239	0.046478	0.017429	0.012346	0.015977	0.018155	0.004357	0.021060	0.045752	0.027596	0.028322	0.000726	0.034132	0.018155	0.034858	0.025418	0.019608	0.017429	0.042847	0.010167	0.041394	0.033406	0.015977	0.013072	0.040668	0.011619	0.020334	0.007988	0.036311	0.005810	0.014524	0.002179	0.005810	0.002179	0.005810	0.000726	0.004357	0.003631	0.002179	0.007262	0.013072	0.005810	0.005810	0.000726	0.047930	0.005810	0.016703	
0.015251	0.013798	0.016703	0.006536	0.015977	0.022513	0.024691	0.003631	0.017429	0.035585	0.020334	0.010167	0.011619	0.030501	0.031954	0.007988	0.005084	0.005084	0.010893	0.004357	0.015251	0.013798	0.045752	0.008715	0.013072	0.023965	0.024691	0.006536	0.001452	0.008715	0.013798	0.002905	0.015977	0.007988	0.014524	0.005084	0.023965	0.039216	0.039216	0.008715	0.013072	0.024691	0.010893	0.005810	0.005084	0.023239	0.016703	0.010893	0.007262	0.002905	0.010893	0.002905	0.022513	0.048656	0.061728	0.013072	0.005084	0.017429	0.015977	0.005810	0.005084	0.024691	0.035585	0.013072	
0.015977	0.010893	0.005810	0.010893	0.012346	0.004357	0.007262	0.005810	0.018155	0.017429	0.014524	0.002905	0.002179	0.002179	0.005084	0.009441	0.024691	0.012346	0.013072	0.027596	0.035585	0.011619	0.039216	0.037763	0.063181	0.034132	0.048656	0.025418	0.003631	0.006536	0.005084	0.018882	0.020334	0.007988	0.002179	0.018155	0.031954	0.014524	0.034132	0.021060	0.014524	0.026144	0.013798	0.017429	0.003631	0.005084	0.006536	0.013072	0.005084	0.005084	0.002179	0.010893	0.027596	0.006536	0.029775	0.023239	0.029049	0.028322	0.026870	0.013798	0.002905	0.003631	0.009441	0.018882	
0.017429	0.013798	0.021786	0.013072	0.005810	0.015977	0.011619	0.002905	0.002179	0.012346	0.005084	0.003631	0.020334	0.018155	0.017429	0.011619	0.007262	0.021060	0.045752	0.033406	0.008715	0.005810	0.015977	0.006536	0.013798	0.048656	0.027596	0.020334	0.000726	0.034132	0.021060	0.031954	0.029049	0.026144	0.028322	0.041394	0.009441	0.053740	0.028322	0.014524	0.019608	0.043573	0.010893	0.029775	0.004357	0.026870	0.010167	0.018155	0.001452	0.003631	0.002179	0.005084	0.000726	0.007262	0.004357	0.005084	0.001452	0.015251	0.004357	0.005084	0.000726	0.039942	0.005084	0.014524	
