>NC_006085
0.000867	0.000867	0.000867	0.000867	0.000867	0.000867	0.000867	0.000867	0.000867	0.000867	0.000867	0.000867	0.000867	0.000867	0.000867	0.000867	0.000867	0.000867	0.000867	0.000867	0.000867	0.000867	0.000867	0.000867	0.000867	0.000867	0.000867	0.000867	0.071924	0.000867	0.000867	0.000867	0.000867	0.000867	0.000867	0.000867	0.000867	0.000867	0.000867	0.000867	0.000867	0.000867	0.000867	0.000867	0.000867	0.000867	0.000867	0.000867	0.000867	0.000867	0.000867	0.000867	0.802426	0.000867	0.000867	0.000867	0.000867	0.000867	0.000867	0.000867	0.128250	0.000867	0.000867	0.000867	
0.000867	0.000867	0.000867	0.000867	0.000867	0.000867	0.000867	0.000867	0.000867	0.000867	0.000867	0.000867	0.000867	0.000867	0.000867	0.000867	0.071924	0.258232	0.339688	0.135182	0.000867	0.000867	0.000867	0.000867	0.000867	0.000867	0.000867	0.000867	0.000867	0.000867	0.000867	0.000867	0.000867	0.000867	0.000867	0.000867	0.000867	0.000867	0.000867	0.000867	0.000867	0.000867	0.000867	0.000867	0.000867	0.000867	0.000867	0.000867	0.032062	0.069324	0.073657	0.026863	0.000867	0.000867	0.000867	0.000867	0.000867	0.000867	0.000867	0.000867	0.000867	0.000867	0.000867	0.000867	
0.013865	0.035529	0.020797	0.035529	0.065858	0.079723	0.064125	0.119584	0.070191	0.114385	0.124783	0.105719	0.014731	0.053726	0.071057	0.024263	0.000867	0.000867	0.000867	0.000867	0.000867	0.000867	0.000867	0.000867	0.000867	0.000867	0.000867	0.000867	0.000867	0.000867	0.000867	0.000867	0.000867	0.000867	0.000867	0.000867	0.000867	0.000867	0.000867	0.000867	0.000867	0.000867	0.000867	0.000867	0.000867	0.000867	0.000867	0.000867	0.000867	0.000867	0.000867	0.000867	0.000867	0.000867	0.000867	0.000867	0.000867	0.000867	0.000867	0.000867	0.000867	0.000867	0.000867	0.000867	
0.001733	0.003466	0.006066	0.005199	0.006066	0.010399	0.015598	0.006066	0.006066	0.009532	0.004333	0.003466	0.006066	0.015598	0.012132	0.004333	0.011265	0.015598	0.027730	0.013865	0.021664	0.022530	0.020797	0.017331	0.015598	0.029463	0.015598	0.006066	0.000867	0.035529	0.027730	0.058059	0.017331	0.024263	0.008666	0.022530	0.017331	0.030329	0.051127	0.018198	0.035529	0.069324	0.013865	0.008666	0.010399	0.047660	0.025130	0.025130	0.003466	0.004333	0.004333	0.005199	0.000867	0.008666	0.038995	0.007799	0.029463	0.025997	0.012132	0.006066	0.000867	0.010399	0.006066	0.009532	
0.006932	0.015598	0.007799	0.003466	0.008666	0.019064	0.012998	0.006932	0.009532	0.019931	0.010399	0.006932	0.006066	0.021664	0.012998	0.006066	0.006066	0.014731	0.018198	0.006932	0.014731	0.027730	0.018198	0.011265	0.029463	0.032929	0.031196	0.032929	0.004333	0.020797	0.019931	0.004333	0.016464	0.030329	0.023397	0.016464	0.019064	0.039861	0.048527	0.026863	0.007799	0.017331	0.011265	0.009532	0.003466	0.010399	0.006066	0.004333	0.003466	0.006066	0.006066	0.002600	0.022530	0.038128	0.033795	0.014731	0.014731	0.019931	0.026863	0.009532	0.012132	0.040728	0.039861	0.004333	
0.006066	0.006066	0.010399	0.010399	0.017331	0.012132	0.019064	0.018198	0.011265	0.012998	0.021664	0.009532	0.000867	0.006932	0.013865	0.007799	0.014731	0.008666	0.024263	0.017331	0.038995	0.016464	0.014731	0.054593	0.029463	0.023397	0.030329	0.030329	0.003466	0.022530	0.013865	0.019931	0.011265	0.021664	0.011265	0.017331	0.025130	0.019931	0.021664	0.023397	0.011265	0.019931	0.024263	0.024263	0.006066	0.013865	0.020797	0.018198	0.005199	0.005199	0.007799	0.007799	0.019064	0.018198	0.023397	0.032929	0.021664	0.015598	0.022530	0.019064	0.002600	0.005199	0.004333	0.006932	
0.005199	0.007799	0.013865	0.010399	0.005199	0.017331	0.012132	0.006932	0.010399	0.018198	0.013865	0.011265	0.003466	0.016464	0.022530	0.010399	0.013865	0.038128	0.033795	0.014731	0.012132	0.013865	0.025130	0.015598	0.013865	0.027730	0.018198	0.019064	0.000867	0.053726	0.038995	0.035529	0.012998	0.023397	0.019064	0.018198	0.009532	0.024263	0.026863	0.011265	0.017331	0.032929	0.013865	0.034662	0.011265	0.036395	0.019931	0.015598	0.005199	0.000867	0.004333	0.002600	0.000867	0.022530	0.014731	0.010399	0.012998	0.019064	0.011265	0.009532	0.000867	0.022530	0.010399	0.019064	
0.012132	0.009532	0.009532	0.006066	0.015598	0.032062	0.014731	0.007799	0.013865	0.027730	0.019064	0.010399	0.004333	0.017331	0.018198	0.006066	0.009532	0.006066	0.007799	0.004333	0.018198	0.024263	0.019931	0.015598	0.022530	0.021664	0.019931	0.014731	0.006066	0.013865	0.017331	0.006932	0.011265	0.019931	0.015598	0.007799	0.012998	0.045061	0.025130	0.014731	0.011265	0.009532	0.022530	0.013865	0.004333	0.026863	0.032062	0.011265	0.002600	0.002600	0.007799	0.003466	0.021664	0.045927	0.049393	0.012132	0.024263	0.024263	0.032062	0.011265	0.005199	0.030329	0.038995	0.006066	
0.006066	0.006932	0.011265	0.011265	0.010399	0.007799	0.009532	0.010399	0.010399	0.012132	0.009532	0.008666	0.003466	0.005199	0.004333	0.008666	0.023397	0.018198	0.018198	0.008666	0.037262	0.016464	0.034662	0.058925	0.032929	0.022530	0.032062	0.021664	0.005199	0.007799	0.014731	0.022530	0.014731	0.021664	0.012132	0.023397	0.024263	0.016464	0.016464	0.025997	0.019064	0.017331	0.029463	0.027730	0.007799	0.009532	0.019064	0.013865	0.006932	0.007799	0.003466	0.001733	0.029463	0.011265	0.019064	0.028596	0.046794	0.020797	0.024263	0.014731	0.003466	0.008666	0.006932	0.011265	
0.008666	0.014731	0.013865	0.013865	0.006932	0.020797	0.017331	0.009532	0.006932	0.015598	0.013865	0.008666	0.006932	0.018198	0.014731	0.005199	0.014731	0.029463	0.036395	0.020797	0.012132	0.014731	0.012998	0.012132	0.018198	0.019064	0.023397	0.019064	0.000867	0.064991	0.022530	0.035529	0.022530	0.033795	0.025130	0.027730	0.006932	0.020797	0.029463	0.015598	0.012998	0.034662	0.019064	0.028596	0.012132	0.027730	0.016464	0.016464	0.005199	0.007799	0.005199	0.001733	0.000867	0.010399	0.015598	0.004333	0.008666	0.013865	0.010399	0.012132	0.000867	0.028596	0.013865	0.012998	
0.006066	0.014731	0.019064	0.011265	0.014731	0.034662	0.027730	0.008666	0.017331	0.024263	0.026863	0.012132	0.007799	0.021664	0.026863	0.007799	0.005199	0.003466	0.010399	0.007799	0.008666	0.024263	0.019064	0.014731	0.012998	0.029463	0.024263	0.008666	0.002600	0.019064	0.013865	0.006066	0.011265	0.014731	0.012998	0.007799	0.013865	0.037262	0.025997	0.006066	0.015598	0.019931	0.024263	0.006932	0.007799	0.023397	0.032062	0.005199	0.004333	0.002600	0.011265	0.002600	0.018198	0.062392	0.040728	0.018198	0.019064	0.013865	0.022530	0.012132	0.010399	0.029463	0.021664	0.008666	
0.002600	0.007799	0.007799	0.008666	0.007799	0.009532	0.009532	0.008666	0.009532	0.008666	0.012998	0.022530	0.003466	0.006932	0.012998	0.006066	0.015598	0.012998	0.014731	0.012132	0.032929	0.028596	0.031196	0.065858	0.030329	0.019064	0.033795	0.030329	0.006932	0.017331	0.013865	0.009532	0.011265	0.018198	0.016464	0.019064	0.024263	0.021664	0.020797	0.020797	0.017331	0.017331	0.032929	0.030329	0.006066	0.009532	0.012998	0.011265	0.006066	0.006066	0.007799	0.008666	0.017331	0.025130	0.019064	0.032062	0.038128	0.013865	0.020797	0.021664	0.004333	0.010399	0.005199	0.007799	
0.006066	0.012132	0.007799	0.009532	0.006066	0.016464	0.016464	0.006066	0.010399	0.019931	0.006066	0.010399	0.006066	0.021664	0.012132	0.008666	0.012132	0.023397	0.029463	0.017331	0.012998	0.035529	0.016464	0.019931	0.012998	0.030329	0.019931	0.017331	0.000867	0.063258	0.025130	0.038128	0.008666	0.030329	0.033795	0.022530	0.004333	0.026863	0.019931	0.007799	0.017331	0.035529	0.019064	0.028596	0.016464	0.038995	0.020797	0.028596	0.002600	0.008666	0.003466	0.006066	0.000867	0.021664	0.015598	0.006066	0.006932	0.016464	0.010399	0.011265	0.000867	0.015598	0.006066	0.012132	
0.009532	0.006066	0.006066	0.007799	0.011265	0.028596	0.025130	0.009532	0.006932	0.031196	0.025997	0.010399	0.007799	0.015598	0.021664	0.010399	0.001733	0.004333	0.010399	0.007799	0.020797	0.027730	0.033795	0.018198	0.012132	0.017331	0.025997	0.012998	0.003466	0.017331	0.011265	0.007799	0.009532	0.017331	0.012998	0.007799	0.021664	0.032929	0.032062	0.015598	0.014731	0.013865	0.017331	0.009532	0.010399	0.018198	0.028596	0.010399	0.004333	0.006932	0.008666	0.004333	0.022530	0.039861	0.056326	0.020797	0.013865	0.017331	0.024263	0.008666	0.011265	0.025130	0.038128	0.012998	
0.006066	0.005199	0.006066	0.007799	0.009532	0.007799	0.007799	0.009532	0.011265	0.006932	0.007799	0.012132	0.002600	0.008666	0.010399	0.006066	0.019064	0.016464	0.025997	0.014731	0.033795	0.016464	0.026863	0.051993	0.042461	0.028596	0.044194	0.032062	0.007799	0.016464	0.020797	0.019064	0.006066	0.011265	0.016464	0.013865	0.022530	0.012132	0.020797	0.024263	0.017331	0.016464	0.029463	0.030329	0.004333	0.008666	0.012998	0.015598	0.006932	0.007799	0.010399	0.007799	0.022530	0.011265	0.014731	0.027730	0.030329	0.019931	0.026863	0.022530	0.004333	0.012998	0.009532	0.014731	
0.007799	0.008666	0.008666	0.012998	0.005199	0.013865	0.017331	0.004333	0.006932	0.023397	0.012132	0.016464	0.005199	0.022530	0.008666	0.007799	0.019064	0.025997	0.026863	0.016464	0.011265	0.010399	0.010399	0.015598	0.016464	0.024263	0.020797	0.008666	0.000867	0.056326	0.025997	0.030329	0.022530	0.032929	0.018198	0.027730	0.004333	0.025997	0.021664	0.019931	0.017331	0.038128	0.013865	0.038995	0.014731	0.045927	0.014731	0.021664	0.003466	0.003466	0.008666	0.003466	0.000867	0.024263	0.018198	0.003466	0.011265	0.025130	0.012132	0.005199	0.000867	0.029463	0.011265	0.013865	
0.009532	0.017331	0.015598	0.010399	0.010399	0.026863	0.025130	0.008666	0.014731	0.016464	0.023397	0.007799	0.006932	0.023397	0.023397	0.006932	0.003466	0.007799	0.006932	0.003466	0.013865	0.024263	0.025130	0.011265	0.013865	0.020797	0.022530	0.010399	0.008666	0.012132	0.013865	0.008666	0.007799	0.018198	0.018198	0.007799	0.023397	0.032929	0.037262	0.017331	0.013865	0.020797	0.019064	0.005199	0.002600	0.020797	0.037262	0.008666	0.004333	0.005199	0.010399	0.001733	0.029463	0.044194	0.068458	0.012132	0.011265	0.022530	0.018198	0.008666	0.006932	0.025997	0.030329	0.010399	
0.006932	0.006066	0.007799	0.004333	0.012132	0.011265	0.013865	0.011265	0.010399	0.008666	0.019064	0.012998	0.004333	0.005199	0.008666	0.005199	0.017331	0.017331	0.025997	0.016464	0.045061	0.023397	0.023397	0.036395	0.048527	0.023397	0.049393	0.034662	0.008666	0.015598	0.013865	0.011265	0.011265	0.014731	0.011265	0.016464	0.032062	0.012132	0.012132	0.024263	0.022530	0.012998	0.027730	0.019931	0.004333	0.011265	0.008666	0.007799	0.005199	0.006066	0.007799	0.006066	0.015598	0.015598	0.022530	0.028596	0.034662	0.015598	0.025130	0.029463	0.002600	0.004333	0.016464	0.011265	
0.006066	0.017331	0.008666	0.008666	0.004333	0.012998	0.021664	0.005199	0.006932	0.027730	0.011265	0.006932	0.004333	0.020797	0.010399	0.007799	0.016464	0.025130	0.038995	0.024263	0.016464	0.019064	0.017331	0.009532	0.019064	0.019931	0.015598	0.017331	0.000867	0.044194	0.023397	0.032062	0.025130	0.027730	0.028596	0.034662	0.006066	0.028596	0.017331	0.008666	0.019064	0.050260	0.012998	0.038995	0.012998	0.041594	0.025130	0.017331	0.005199	0.006932	0.006066	0.001733	0.000867	0.013865	0.017331	0.004333	0.006932	0.013865	0.014731	0.012132	0.000867	0.012998	0.012998	0.008666	
0.012998	0.012998	0.015598	0.011265	0.016464	0.029463	0.025130	0.006066	0.014731	0.032062	0.024263	0.011265	0.009532	0.019064	0.032062	0.008666	0.003466	0.008666	0.010399	0.005199	0.017331	0.016464	0.031196	0.009532	0.018198	0.023397	0.025130	0.006932	0.004333	0.007799	0.008666	0.006932	0.010399	0.017331	0.011265	0.012998	0.013865	0.033795	0.045061	0.019064	0.012132	0.016464	0.018198	0.007799	0.007799	0.025130	0.035529	0.006932	0.003466	0.004333	0.009532	0.001733	0.025997	0.028596	0.055459	0.009532	0.016464	0.021664	0.022530	0.011265	0.008666	0.022530	0.030329	0.004333	
0.007799	0.008666	0.009532	0.004333	0.011265	0.011265	0.011265	0.009532	0.007799	0.009532	0.017331	0.012132	0.003466	0.006932	0.008666	0.012132	0.015598	0.019931	0.016464	0.021664	0.024263	0.021664	0.024263	0.038128	0.049393	0.029463	0.047660	0.030329	0.008666	0.011265	0.009532	0.014731	0.015598	0.012998	0.014731	0.018198	0.032929	0.017331	0.024263	0.019064	0.019931	0.014731	0.025997	0.029463	0.008666	0.005199	0.015598	0.007799	0.008666	0.012998	0.003466	0.005199	0.015598	0.018198	0.020797	0.019931	0.039861	0.018198	0.028596	0.019931	0.004333	0.005199	0.012998	0.004333	
0.007799	0.016464	0.012132	0.011265	0.003466	0.020797	0.020797	0.009532	0.005199	0.014731	0.012132	0.012132	0.006066	0.025130	0.012132	0.006066	0.009532	0.029463	0.027730	0.017331	0.020797	0.016464	0.019931	0.011265	0.017331	0.021664	0.020797	0.020797	0.000867	0.044194	0.025997	0.015598	0.023397	0.044194	0.023397	0.025997	0.005199	0.023397	0.028596	0.014731	0.019064	0.054593	0.023397	0.022530	0.021664	0.038995	0.017331	0.013865	0.006066	0.009532	0.006066	0.003466	0.000867	0.007799	0.014731	0.005199	0.006066	0.019931	0.009532	0.011265	0.000867	0.017331	0.014731	0.006066	
0.008666	0.012998	0.017331	0.007799	0.017331	0.028596	0.039861	0.013865	0.014731	0.021664	0.020797	0.012132	0.012998	0.015598	0.020797	0.008666	0.002600	0.014731	0.010399	0.002600	0.017331	0.015598	0.027730	0.007799	0.021664	0.024263	0.025130	0.012998	0.004333	0.019064	0.011265	0.006066	0.011265	0.010399	0.017331	0.008666	0.019931	0.039861	0.038128	0.012998	0.011265	0.019931	0.025130	0.009532	0.003466	0.027730	0.025130	0.010399	0.005199	0.006066	0.017331	0.000867	0.022530	0.035529	0.054593	0.012998	0.017331	0.022530	0.023397	0.006932	0.006932	0.015598	0.015598	0.003466	
0.004333	0.006932	0.006066	0.010399	0.009532	0.009532	0.012998	0.012132	0.016464	0.015598	0.017331	0.012998	0.004333	0.006932	0.003466	0.005199	0.016464	0.013865	0.029463	0.017331	0.035529	0.019931	0.022530	0.041594	0.056326	0.020797	0.046794	0.036395	0.006932	0.012132	0.014731	0.013865	0.012998	0.023397	0.012132	0.016464	0.028596	0.016464	0.020797	0.022530	0.019064	0.021664	0.022530	0.031196	0.006066	0.007799	0.014731	0.012998	0.006932	0.006932	0.007799	0.006066	0.019931	0.012132	0.022530	0.023397	0.027730	0.006066	0.021664	0.017331	0.002600	0.008666	0.008666	0.008666	
0.007799	0.010399	0.011265	0.011265	0.006066	0.014731	0.024263	0.006066	0.006932	0.024263	0.012132	0.012132	0.004333	0.022530	0.009532	0.013865	0.014731	0.024263	0.035529	0.019064	0.017331	0.020797	0.012132	0.007799	0.014731	0.025130	0.028596	0.010399	0.000867	0.036395	0.030329	0.032062	0.022530	0.041594	0.027730	0.027730	0.006932	0.020797	0.025997	0.010399	0.018198	0.041594	0.019931	0.028596	0.011265	0.042461	0.022530	0.021664	0.003466	0.006066	0.007799	0.002600	0.000867	0.012998	0.012998	0.008666	0.007799	0.013865	0.015598	0.004333	0.000867	0.019931	0.010399	0.009532	
0.010399	0.022530	0.011265	0.004333	0.012998	0.032062	0.029463	0.007799	0.020797	0.028596	0.021664	0.011265	0.008666	0.017331	0.025130	0.009532	0.002600	0.011265	0.011265	0.006066	0.021664	0.015598	0.025130	0.006932	0.012998	0.023397	0.021664	0.017331	0.003466	0.017331	0.006932	0.005199	0.009532	0.012132	0.012132	0.013865	0.014731	0.038128	0.038995	0.012998	0.016464	0.025997	0.025130	0.008666	0.005199	0.018198	0.022530	0.009532	0.002600	0.005199	0.006932	0.002600	0.024263	0.025997	0.060659	0.010399	0.012132	0.018198	0.029463	0.012998	0.007799	0.026863	0.034662	0.007799	
0.005199	0.008666	0.006066	0.005199	0.014731	0.011265	0.007799	0.017331	0.006066	0.007799	0.011265	0.016464	0.004333	0.008666	0.007799	0.006066	0.015598	0.015598	0.028596	0.013865	0.025997	0.013865	0.032062	0.039861	0.042461	0.032929	0.033795	0.045061	0.004333	0.008666	0.012132	0.012998	0.012998	0.014731	0.018198	0.016464	0.028596	0.022530	0.019931	0.025130	0.014731	0.022530	0.033795	0.026863	0.008666	0.016464	0.012998	0.012132	0.006066	0.008666	0.006932	0.003466	0.026863	0.007799	0.022530	0.022530	0.025130	0.016464	0.027730	0.019931	0.005199	0.007799	0.012132	0.006932	
0.006066	0.012132	0.012998	0.008666	0.003466	0.021664	0.017331	0.005199	0.008666	0.031196	0.006932	0.012998	0.006066	0.020797	0.005199	0.006932	0.011265	0.028596	0.032929	0.023397	0.019931	0.010399	0.011265	0.013865	0.017331	0.025997	0.028596	0.010399	0.000867	0.050260	0.025130	0.028596	0.016464	0.027730	0.021664	0.022530	0.009532	0.022530	0.038128	0.009532	0.018198	0.039861	0.020797	0.027730	0.019931	0.044194	0.023397	0.020797	0.005199	0.006932	0.006932	0.003466	0.000867	0.020797	0.015598	0.004333	0.010399	0.017331	0.009532	0.007799	0.000867	0.023397	0.006932	0.006932	
0.006932	0.018198	0.010399	0.003466	0.009532	0.030329	0.027730	0.007799	0.012132	0.025130	0.026863	0.010399	0.007799	0.018198	0.025130	0.006932	0.004333	0.012132	0.006932	0.010399	0.016464	0.017331	0.029463	0.012132	0.018198	0.019064	0.029463	0.015598	0.002600	0.010399	0.012132	0.007799	0.012132	0.016464	0.019931	0.006066	0.021664	0.044194	0.032929	0.015598	0.019931	0.012132	0.023397	0.010399	0.008666	0.013865	0.028596	0.007799	0.004333	0.006066	0.013865	0.003466	0.038128	0.031196	0.058925	0.010399	0.011265	0.019064	0.024263	0.006066	0.009532	0.020797	0.025997	0.006932	
0.008666	0.006066	0.006932	0.006066	0.017331	0.014731	0.012132	0.008666	0.017331	0.008666	0.016464	0.008666	0.002600	0.003466	0.007799	0.009532	0.018198	0.022530	0.026863	0.018198	0.042461	0.009532	0.030329	0.040728	0.050260	0.024263	0.041594	0.032929	0.010399	0.007799	0.015598	0.012132	0.018198	0.016464	0.013865	0.012998	0.021664	0.012998	0.019064	0.021664	0.023397	0.020797	0.037262	0.022530	0.006066	0.011265	0.013865	0.011265	0.005199	0.003466	0.008666	0.011265	0.017331	0.009532	0.019064	0.017331	0.030329	0.019931	0.025130	0.016464	0.002600	0.011265	0.006932	0.008666	
0.005199	0.020797	0.007799	0.016464	0.003466	0.017331	0.024263	0.003466	0.006932	0.027730	0.013865	0.007799	0.007799	0.026863	0.006932	0.006932	0.018198	0.025997	0.037262	0.017331	0.012998	0.013865	0.014731	0.005199	0.015598	0.028596	0.022530	0.013865	0.000867	0.037262	0.024263	0.025997	0.024263	0.032062	0.032062	0.032929	0.007799	0.024263	0.032062	0.009532	0.014731	0.052860	0.022530	0.030329	0.009532	0.039861	0.018198	0.012998	0.001733	0.008666	0.008666	0.002600	0.000867	0.019064	0.011265	0.002600	0.009532	0.017331	0.011265	0.006066	0.000867	0.019064	0.015598	0.006066	
0.006932	0.014731	0.019064	0.008666	0.016464	0.037262	0.025997	0.007799	0.016464	0.027730	0.031196	0.010399	0.010399	0.020797	0.032062	0.006066	0.006066	0.006066	0.008666	0.004333	0.018198	0.019931	0.027730	0.008666	0.019064	0.021664	0.033795	0.007799	0.002600	0.006066	0.007799	0.004333	0.006066	0.015598	0.015598	0.009532	0.028596	0.047660	0.035529	0.014731	0.017331	0.019931	0.019931	0.012998	0.008666	0.016464	0.025997	0.006932	0.005199	0.006932	0.004333	0.002600	0.033795	0.026863	0.051127	0.011265	0.012132	0.025130	0.018198	0.009532	0.012998	0.015598	0.019931	0.003466	
0.006066	0.010399	0.004333	0.003466	0.011265	0.006932	0.014731	0.010399	0.010399	0.010399	0.014731	0.012132	0.003466	0.006932	0.008666	0.006066	0.021664	0.022530	0.032929	0.019931	0.044194	0.018198	0.030329	0.038995	0.042461	0.017331	0.050260	0.030329	0.006932	0.005199	0.019064	0.011265	0.014731	0.016464	0.018198	0.015598	0.036395	0.019931	0.019931	0.018198	0.023397	0.024263	0.023397	0.032062	0.010399	0.008666	0.009532	0.012132	0.012132	0.008666	0.010399	0.003466	0.015598	0.006932	0.015598	0.020797	0.025130	0.021664	0.022530	0.016464	0.001733	0.003466	0.008666	0.006932	
0.006066	0.023397	0.012998	0.012132	0.006066	0.023397	0.021664	0.006932	0.006066	0.032062	0.008666	0.019064	0.008666	0.019931	0.006932	0.006932	0.015598	0.032062	0.033795	0.025997	0.016464	0.011265	0.018198	0.006066	0.014731	0.028596	0.018198	0.019064	0.000867	0.042461	0.020797	0.024263	0.013865	0.028596	0.027730	0.031196	0.006932	0.030329	0.021664	0.014731	0.015598	0.047660	0.020797	0.026863	0.010399	0.046794	0.015598	0.018198	0.003466	0.007799	0.008666	0.002600	0.000867	0.006932	0.014731	0.001733	0.005199	0.015598	0.009532	0.015598	0.000867	0.013865	0.011265	0.010399	
0.006066	0.012998	0.013865	0.006066	0.013865	0.032929	0.034662	0.010399	0.018198	0.025130	0.030329	0.009532	0.012998	0.026863	0.025130	0.006932	0.001733	0.007799	0.015598	0.005199	0.014731	0.022530	0.029463	0.005199	0.021664	0.020797	0.025997	0.007799	0.002600	0.010399	0.012132	0.004333	0.006932	0.009532	0.019064	0.006066	0.031196	0.050260	0.024263	0.018198	0.013865	0.019931	0.013865	0.009532	0.012998	0.019931	0.040728	0.006932	0.001733	0.006932	0.008666	0.003466	0.037262	0.025130	0.045927	0.014731	0.012998	0.021664	0.014731	0.005199	0.006932	0.019064	0.032929	0.000867	
0.001733	0.006066	0.005199	0.003466	0.010399	0.010399	0.008666	0.007799	0.015598	0.009532	0.021664	0.010399	0.002600	0.002600	0.010399	0.005199	0.032062	0.016464	0.032929	0.015598	0.032929	0.022530	0.031196	0.044194	0.038995	0.012132	0.045061	0.038128	0.008666	0.011265	0.014731	0.013865	0.018198	0.018198	0.012998	0.017331	0.026863	0.013865	0.022530	0.024263	0.021664	0.017331	0.023397	0.022530	0.004333	0.005199	0.012998	0.009532	0.009532	0.009532	0.008666	0.007799	0.018198	0.014731	0.013865	0.029463	0.045927	0.019064	0.022530	0.023397	0.001733	0.004333	0.007799	0.005199	
0.007799	0.021664	0.011265	0.020797	0.002600	0.025997	0.014731	0.006932	0.006932	0.034662	0.007799	0.010399	0.003466	0.019064	0.009532	0.012132	0.019931	0.019931	0.031196	0.017331	0.019931	0.021664	0.011265	0.008666	0.018198	0.027730	0.017331	0.012998	0.000867	0.046794	0.031196	0.026863	0.012998	0.048527	0.025997	0.034662	0.007799	0.019931	0.021664	0.008666	0.014731	0.054593	0.014731	0.028596	0.012132	0.042461	0.025997	0.013865	0.003466	0.006932	0.004333	0.002600	0.000867	0.009532	0.010399	0.002600	0.006066	0.021664	0.009532	0.008666	0.000867	0.019064	0.006066	0.007799	
0.007799	0.017331	0.012132	0.006932	0.013865	0.031196	0.044194	0.007799	0.011265	0.025130	0.027730	0.008666	0.009532	0.026863	0.030329	0.008666	0.003466	0.010399	0.011265	0.006066	0.023397	0.021664	0.025130	0.006932	0.009532	0.020797	0.018198	0.009532	0.005199	0.010399	0.009532	0.001733	0.012998	0.016464	0.009532	0.006932	0.026863	0.048527	0.044194	0.019064	0.010399	0.017331	0.016464	0.005199	0.006066	0.019931	0.025997	0.008666	0.006066	0.003466	0.006932	0.000867	0.040728	0.021664	0.054593	0.010399	0.017331	0.018198	0.030329	0.006932	0.008666	0.014731	0.031196	0.006066	
0.003466	0.009532	0.010399	0.006932	0.008666	0.010399	0.012132	0.016464	0.011265	0.006932	0.014731	0.006932	0.001733	0.005199	0.005199	0.008666	0.032062	0.019064	0.032062	0.021664	0.033795	0.019064	0.036395	0.033795	0.056326	0.029463	0.038995	0.043328	0.005199	0.012998	0.013865	0.012132	0.009532	0.022530	0.009532	0.006932	0.020797	0.020797	0.015598	0.024263	0.018198	0.016464	0.029463	0.028596	0.005199	0.006932	0.007799	0.010399	0.008666	0.007799	0.007799	0.005199	0.012132	0.011265	0.025130	0.023397	0.037262	0.012998	0.024263	0.022530	0.006066	0.007799	0.005199	0.006066	
0.006932	0.017331	0.011265	0.018198	0.004333	0.019064	0.025130	0.010399	0.008666	0.028596	0.012998	0.009532	0.006932	0.019064	0.005199	0.009532	0.012132	0.021664	0.025997	0.015598	0.019064	0.016464	0.017331	0.008666	0.015598	0.032062	0.024263	0.017331	0.000867	0.041594	0.025130	0.030329	0.012998	0.036395	0.040728	0.032929	0.008666	0.024263	0.023397	0.009532	0.021664	0.048527	0.010399	0.026863	0.016464	0.051127	0.016464	0.017331	0.006066	0.005199	0.005199	0.001733	0.000867	0.012998	0.012998	0.006066	0.007799	0.013865	0.007799	0.002600	0.000867	0.022530	0.007799	0.006066	
0.009532	0.011265	0.008666	0.008666	0.019064	0.023397	0.028596	0.009532	0.019064	0.023397	0.032929	0.007799	0.009532	0.024263	0.029463	0.005199	0.003466	0.007799	0.014731	0.006932	0.015598	0.015598	0.031196	0.010399	0.019064	0.020797	0.025997	0.012998	0.006932	0.010399	0.012998	0.004333	0.011265	0.017331	0.015598	0.009532	0.024263	0.034662	0.045061	0.019064	0.019931	0.011265	0.018198	0.006066	0.006932	0.014731	0.027730	0.006932	0.005199	0.005199	0.009532	0.005199	0.032062	0.025130	0.066724	0.010399	0.010399	0.015598	0.020797	0.007799	0.009532	0.013865	0.032929	0.006932	
0.007799	0.006066	0.009532	0.006066	0.012132	0.008666	0.013865	0.006932	0.014731	0.010399	0.011265	0.012132	0.003466	0.009532	0.009532	0.007799	0.019931	0.022530	0.022530	0.025997	0.032062	0.008666	0.027730	0.030329	0.054593	0.025997	0.038995	0.051993	0.015598	0.014731	0.009532	0.009532	0.013865	0.017331	0.021664	0.015598	0.023397	0.012132	0.012132	0.023397	0.019931	0.019064	0.030329	0.028596	0.005199	0.009532	0.008666	0.011265	0.004333	0.006932	0.012998	0.008666	0.014731	0.005199	0.021664	0.021664	0.034662	0.022530	0.029463	0.016464	0.002600	0.006932	0.006066	0.007799	
0.004333	0.013865	0.012998	0.014731	0.006066	0.017331	0.021664	0.007799	0.012998	0.033795	0.007799	0.012132	0.008666	0.030329	0.009532	0.007799	0.009532	0.023397	0.032929	0.016464	0.010399	0.010399	0.010399	0.003466	0.015598	0.022530	0.020797	0.016464	0.000867	0.044194	0.019931	0.017331	0.014731	0.043328	0.033795	0.032062	0.011265	0.020797	0.032929	0.012998	0.012132	0.043328	0.019931	0.034662	0.013865	0.054593	0.016464	0.024263	0.005199	0.006066	0.011265	0.004333	0.000867	0.024263	0.012132	0.003466	0.004333	0.016464	0.007799	0.005199	0.000867	0.019931	0.012132	0.003466	
0.007799	0.009532	0.012132	0.004333	0.019064	0.026863	0.031196	0.009532	0.019064	0.024263	0.030329	0.017331	0.005199	0.019064	0.036395	0.006932	0.002600	0.008666	0.011265	0.006066	0.015598	0.022530	0.025130	0.009532	0.017331	0.024263	0.024263	0.011265	0.004333	0.010399	0.010399	0.002600	0.007799	0.017331	0.011265	0.008666	0.025130	0.043328	0.036395	0.011265	0.014731	0.017331	0.014731	0.009532	0.008666	0.026863	0.025997	0.006932	0.004333	0.007799	0.009532	0.002600	0.040728	0.026863	0.064991	0.016464	0.015598	0.011265	0.020797	0.010399	0.008666	0.011265	0.029463	0.003466	
0.006932	0.005199	0.006066	0.004333	0.007799	0.013865	0.014731	0.006932	0.012132	0.005199	0.017331	0.009532	0.002600	0.006932	0.006066	0.006066	0.022530	0.022530	0.032929	0.022530	0.035529	0.023397	0.024263	0.036395	0.048527	0.032062	0.043328	0.033795	0.007799	0.009532	0.013865	0.015598	0.016464	0.020797	0.012132	0.017331	0.022530	0.014731	0.017331	0.022530	0.019931	0.013865	0.032929	0.023397	0.008666	0.014731	0.006932	0.018198	0.006932	0.004333	0.007799	0.007799	0.015598	0.012998	0.017331	0.021664	0.042461	0.013865	0.028596	0.017331	0.001733	0.004333	0.006932	0.006932	
0.005199	0.015598	0.012132	0.019931	0.003466	0.025130	0.016464	0.007799	0.008666	0.025997	0.012132	0.012132	0.006066	0.026863	0.011265	0.007799	0.017331	0.025997	0.018198	0.019931	0.018198	0.021664	0.017331	0.007799	0.025997	0.018198	0.021664	0.007799	0.000867	0.042461	0.016464	0.027730	0.015598	0.041594	0.025130	0.040728	0.004333	0.028596	0.022530	0.009532	0.015598	0.057192	0.012998	0.036395	0.012132	0.039861	0.013865	0.018198	0.003466	0.006932	0.007799	0.002600	0.000867	0.020797	0.009532	0.004333	0.006066	0.017331	0.006066	0.004333	0.000867	0.019931	0.012998	0.012998	
0.007799	0.015598	0.014731	0.003466	0.019064	0.026863	0.038995	0.005199	0.011265	0.019931	0.017331	0.014731	0.012132	0.029463	0.032062	0.009532	0.004333	0.007799	0.008666	0.006066	0.022530	0.025130	0.033795	0.014731	0.018198	0.018198	0.026863	0.002600	0.005199	0.010399	0.012132	0.001733	0.010399	0.014731	0.020797	0.010399	0.024263	0.046794	0.031196	0.016464	0.010399	0.016464	0.018198	0.007799	0.004333	0.025997	0.025130	0.005199	0.005199	0.006066	0.006932	0.001733	0.038128	0.024263	0.053726	0.012998	0.012132	0.019064	0.015598	0.007799	0.009532	0.019064	0.032929	0.005199	
0.006066	0.006932	0.006932	0.007799	0.012998	0.012998	0.005199	0.012998	0.014731	0.006932	0.019064	0.010399	0.005199	0.007799	0.006066	0.002600	0.022530	0.016464	0.034662	0.030329	0.035529	0.012998	0.035529	0.038995	0.053726	0.025130	0.045061	0.033795	0.013865	0.007799	0.020797	0.006932	0.009532	0.015598	0.012998	0.013865	0.019064	0.018198	0.014731	0.021664	0.015598	0.019064	0.024263	0.019064	0.010399	0.006066	0.009532	0.006932	0.009532	0.006932	0.009532	0.005199	0.023397	0.011265	0.027730	0.022530	0.036395	0.019931	0.019064	0.026863	0.003466	0.007799	0.006066	0.004333	
0.010399	0.017331	0.008666	0.011265	0.005199	0.017331	0.019064	0.004333	0.006932	0.027730	0.012998	0.016464	0.003466	0.033795	0.010399	0.009532	0.006066	0.031196	0.032062	0.021664	0.017331	0.012998	0.014731	0.010399	0.012132	0.025997	0.025997	0.019064	0.000867	0.038995	0.026863	0.029463	0.023397	0.037262	0.019064	0.040728	0.011265	0.030329	0.019931	0.009532	0.012998	0.051127	0.011265	0.032062	0.012132	0.038128	0.023397	0.016464	0.007799	0.006932	0.012132	0.006066	0.000867	0.015598	0.011265	0.001733	0.004333	0.014731	0.014731	0.008666	0.000867	0.006932	0.006932	0.006066	
0.007799	0.013865	0.017331	0.008666	0.012998	0.033795	0.037262	0.008666	0.013865	0.032062	0.019064	0.006932	0.012132	0.028596	0.032929	0.006066	0.005199	0.010399	0.015598	0.003466	0.017331	0.018198	0.031196	0.009532	0.012132	0.022530	0.019931	0.010399	0.003466	0.008666	0.011265	0.002600	0.005199	0.011265	0.009532	0.010399	0.024263	0.037262	0.041594	0.016464	0.014731	0.012998	0.028596	0.008666	0.011265	0.028596	0.026863	0.009532	0.003466	0.006932	0.005199	0.001733	0.032929	0.022530	0.052860	0.009532	0.016464	0.017331	0.026863	0.006932	0.011265	0.014731	0.032062	0.003466	
0.003466	0.005199	0.006932	0.006066	0.008666	0.008666	0.012132	0.012998	0.012998	0.010399	0.018198	0.006066	0.008666	0.006932	0.004333	0.004333	0.029463	0.020797	0.023397	0.013865	0.034662	0.016464	0.025130	0.035529	0.057192	0.026863	0.040728	0.038128	0.005199	0.009532	0.016464	0.012998	0.010399	0.014731	0.009532	0.022530	0.027730	0.013865	0.019931	0.023397	0.023397	0.021664	0.025997	0.023397	0.006932	0.006066	0.009532	0.010399	0.010399	0.009532	0.006932	0.011265	0.022530	0.008666	0.026863	0.022530	0.028596	0.029463	0.022530	0.022530	0.004333	0.003466	0.006066	0.007799	
0.005199	0.019064	0.012998	0.016464	0.005199	0.019064	0.021664	0.004333	0.008666	0.021664	0.008666	0.007799	0.007799	0.028596	0.009532	0.007799	0.015598	0.021664	0.032929	0.023397	0.012998	0.014731	0.015598	0.004333	0.019064	0.021664	0.025130	0.018198	0.000867	0.048527	0.023397	0.021664	0.027730	0.036395	0.030329	0.027730	0.005199	0.037262	0.033795	0.012132	0.017331	0.053726	0.012998	0.023397	0.016464	0.045927	0.016464	0.011265	0.003466	0.007799	0.011265	0.002600	0.000867	0.010399	0.006932	0.007799	0.007799	0.014731	0.008666	0.005199	0.000867	0.012132	0.012132	0.010399	
0.012132	0.014731	0.016464	0.008666	0.013865	0.030329	0.030329	0.010399	0.016464	0.025997	0.036395	0.008666	0.008666	0.024263	0.028596	0.008666	0.005199	0.007799	0.004333	0.006932	0.021664	0.019064	0.031196	0.009532	0.019064	0.019064	0.025997	0.013865	0.004333	0.009532	0.012998	0.001733	0.008666	0.014731	0.021664	0.007799	0.028596	0.036395	0.037262	0.009532	0.008666	0.017331	0.019931	0.009532	0.006066	0.021664	0.019064	0.007799	0.006932	0.005199	0.010399	0.003466	0.031196	0.027730	0.065858	0.010399	0.015598	0.016464	0.019064	0.010399	0.005199	0.013865	0.025130	0.006932	
0.006932	0.011265	0.004333	0.010399	0.012132	0.009532	0.011265	0.009532	0.015598	0.008666	0.012998	0.015598	0.004333	0.006932	0.005199	0.010399	0.028596	0.018198	0.025130	0.023397	0.033795	0.020797	0.025130	0.033795	0.052860	0.024263	0.050260	0.037262	0.009532	0.006066	0.012998	0.011265	0.007799	0.021664	0.013865	0.016464	0.025130	0.012998	0.021664	0.019064	0.025130	0.019064	0.032929	0.024263	0.004333	0.011265	0.009532	0.017331	0.007799	0.006066	0.006932	0.003466	0.017331	0.010399	0.017331	0.024263	0.032062	0.009532	0.022530	0.021664	0.001733	0.009532	0.006932	0.006932	
0.004333	0.016464	0.015598	0.014731	0.006066	0.021664	0.016464	0.012998	0.011265	0.020797	0.004333	0.013865	0.009532	0.029463	0.007799	0.006932	0.014731	0.024263	0.025997	0.023397	0.009532	0.023397	0.014731	0.006066	0.014731	0.030329	0.018198	0.012132	0.000867	0.031196	0.028596	0.025997	0.025130	0.039861	0.025130	0.035529	0.005199	0.027730	0.015598	0.012998	0.018198	0.052860	0.014731	0.032929	0.009532	0.048527	0.019064	0.021664	0.002600	0.006066	0.006066	0.005199	0.000867	0.017331	0.012998	0.002600	0.006932	0.012998	0.010399	0.004333	0.000867	0.024263	0.011265	0.009532	
0.012132	0.014731	0.014731	0.005199	0.017331	0.026863	0.035529	0.006932	0.016464	0.019064	0.023397	0.013865	0.012132	0.027730	0.030329	0.008666	0.004333	0.008666	0.006066	0.002600	0.022530	0.019931	0.031196	0.016464	0.018198	0.019931	0.017331	0.004333	0.004333	0.010399	0.017331	0.002600	0.011265	0.014731	0.019064	0.006066	0.032062	0.037262	0.028596	0.019064	0.012998	0.012998	0.014731	0.006932	0.010399	0.015598	0.031196	0.006066	0.002600	0.006932	0.006932	0.004333	0.036395	0.027730	0.053726	0.015598	0.016464	0.018198	0.020797	0.011265	0.010399	0.015598	0.032929	0.005199	
0.005199	0.006066	0.008666	0.010399	0.019064	0.007799	0.009532	0.008666	0.017331	0.006066	0.013865	0.009532	0.006066	0.001733	0.006066	0.004333	0.021664	0.027730	0.034662	0.024263	0.031196	0.019064	0.027730	0.033795	0.053726	0.018198	0.035529	0.041594	0.008666	0.007799	0.022530	0.019064	0.013865	0.018198	0.012998	0.019064	0.023397	0.016464	0.015598	0.014731	0.020797	0.014731	0.019931	0.020797	0.007799	0.007799	0.006066	0.014731	0.010399	0.005199	0.012998	0.008666	0.019931	0.009532	0.019064	0.020797	0.040728	0.021664	0.038995	0.010399	0.003466	0.007799	0.005199	0.006066	
0.006066	0.021664	0.010399	0.012998	0.003466	0.025130	0.019064	0.009532	0.007799	0.032929	0.013865	0.014731	0.005199	0.032062	0.018198	0.006932	0.012132	0.032062	0.027730	0.021664	0.015598	0.018198	0.015598	0.003466	0.019931	0.019064	0.020797	0.012132	0.000867	0.040728	0.013865	0.022530	0.022530	0.036395	0.037262	0.036395	0.008666	0.025130	0.022530	0.004333	0.013865	0.048527	0.015598	0.030329	0.015598	0.028596	0.013865	0.024263	0.006066	0.006932	0.006932	0.006066	0.000867	0.013865	0.008666	0.001733	0.006932	0.016464	0.009532	0.006932	0.000867	0.024263	0.010399	0.008666	
0.008666	0.017331	0.016464	0.004333	0.012998	0.033795	0.040728	0.009532	0.013865	0.030329	0.026863	0.011265	0.006066	0.023397	0.039861	0.007799	0.001733	0.010399	0.012132	0.004333	0.020797	0.016464	0.037262	0.007799	0.013865	0.015598	0.026863	0.009532	0.002600	0.006932	0.007799	0.001733	0.010399	0.019064	0.013865	0.005199	0.020797	0.035529	0.044194	0.016464	0.010399	0.017331	0.021664	0.010399	0.007799	0.019931	0.027730	0.008666	0.003466	0.007799	0.007799	0.003466	0.025130	0.032062	0.053726	0.014731	0.014731	0.015598	0.023397	0.002600	0.006066	0.018198	0.032062	0.006066	
0.006066	0.006932	0.006932	0.004333	0.009532	0.013865	0.008666	0.022530	0.015598	0.009532	0.014731	0.010399	0.003466	0.004333	0.003466	0.006066	0.019931	0.018198	0.024263	0.017331	0.045061	0.013865	0.025997	0.032929	0.060659	0.025130	0.048527	0.041594	0.004333	0.012998	0.012998	0.018198	0.011265	0.017331	0.009532	0.014731	0.025130	0.011265	0.018198	0.024263	0.018198	0.010399	0.035529	0.034662	0.006932	0.009532	0.009532	0.007799	0.008666	0.004333	0.003466	0.006066	0.020797	0.012998	0.014731	0.019931	0.038128	0.023397	0.025130	0.020797	0.006066	0.002600	0.007799	0.007799	
0.007799	0.010399	0.010399	0.017331	0.004333	0.022530	0.012998	0.006932	0.003466	0.022530	0.009532	0.008666	0.010399	0.017331	0.009532	0.005199	0.010399	0.033795	0.028596	0.027730	0.014731	0.018198	0.014731	0.004333	0.020797	0.015598	0.018198	0.012998	0.000867	0.043328	0.030329	0.025130	0.027730	0.044194	0.027730	0.032929	0.006066	0.025130	0.025997	0.011265	0.020797	0.053726	0.020797	0.028596	0.023397	0.044194	0.020797	0.019064	0.004333	0.007799	0.006932	0.001733	0.000867	0.017331	0.007799	0.003466	0.012132	0.009532	0.006932	0.005199	0.000867	0.020797	0.011265	0.006932	
