>NC_007492
0.000357	0.000357	0.000357	0.000357	0.000357	0.000357	0.000357	0.000357	0.000357	0.000357	0.000357	0.000357	0.000357	0.000357	0.000357	0.000357	0.000357	0.000357	0.000357	0.000357	0.000357	0.000357	0.000357	0.000357	0.000357	0.000357	0.000357	0.000357	0.086631	0.000357	0.000357	0.000357	0.000357	0.000357	0.000357	0.000357	0.000357	0.000357	0.000357	0.000357	0.000357	0.000357	0.000357	0.000357	0.000357	0.000357	0.000357	0.000357	0.000357	0.000357	0.000357	0.000357	0.631729	0.000357	0.000357	0.000357	0.000357	0.000357	0.000357	0.000357	0.282709	0.000357	0.000357	0.000357	
0.000357	0.000357	0.000357	0.000357	0.000357	0.000357	0.000357	0.000357	0.000357	0.000357	0.000357	0.000357	0.000357	0.000357	0.000357	0.000357	0.114795	0.076649	0.333690	0.107665	0.000357	0.000357	0.000357	0.000357	0.000357	0.000357	0.000357	0.000357	0.000357	0.000357	0.000357	0.000357	0.000357	0.000357	0.000357	0.000357	0.000357	0.000357	0.000357	0.000357	0.000357	0.000357	0.000357	0.000357	0.000357	0.000357	0.000357	0.000357	0.071301	0.145098	0.086988	0.066667	0.000357	0.000357	0.000357	0.000357	0.000357	0.000357	0.000357	0.000357	0.000357	0.000357	0.000357	0.000357	
0.050980	0.045276	0.046346	0.044207	0.054545	0.026381	0.052763	0.088770	0.106595	0.120499	0.095900	0.098396	0.021390	0.023529	0.052050	0.078075	0.000357	0.000357	0.000357	0.000357	0.000357	0.000357	0.000357	0.000357	0.000357	0.000357	0.000357	0.000357	0.000357	0.000357	0.000357	0.000357	0.000357	0.000357	0.000357	0.000357	0.000357	0.000357	0.000357	0.000357	0.000357	0.000357	0.000357	0.000357	0.000357	0.000357	0.000357	0.000357	0.000357	0.000357	0.000357	0.000357	0.000357	0.000357	0.000357	0.000357	0.000357	0.000357	0.000357	0.000357	0.000357	0.000357	0.000357	0.000357	
0.006417	0.018538	0.016756	0.010339	0.001070	0.022103	0.016756	0.006417	0.005348	0.024599	0.012121	0.005348	0.006061	0.015686	0.013191	0.010339	0.009269	0.009626	0.028877	0.007843	0.009269	0.006417	0.007487	0.004278	0.008556	0.025668	0.016043	0.003565	0.000357	0.029234	0.021747	0.038503	0.030303	0.027094	0.022816	0.027451	0.008913	0.036007	0.059180	0.017469	0.014260	0.058824	0.013191	0.010695	0.008556	0.033512	0.028877	0.028520	0.005348	0.007487	0.006417	0.003209	0.000357	0.009269	0.012121	0.002852	0.009269	0.021390	0.018182	0.004278	0.000357	0.023886	0.024599	0.030303	
0.010339	0.022816	0.013904	0.004278	0.009982	0.029590	0.015330	0.007843	0.012478	0.032086	0.024599	0.005704	0.007843	0.023886	0.012834	0.004278	0.002852	0.004278	0.009982	0.002496	0.011765	0.023173	0.029947	0.008913	0.019608	0.036720	0.026025	0.013191	0.002852	0.010695	0.012121	0.005348	0.012478	0.012834	0.005704	0.006417	0.021747	0.046702	0.040998	0.021034	0.008556	0.027094	0.013547	0.010339	0.002139	0.008556	0.009626	0.003565	0.004635	0.003209	0.004991	0.002496	0.019608	0.025312	0.042781	0.014617	0.022103	0.034938	0.023886	0.007487	0.013191	0.038859	0.041355	0.014260	
0.003565	0.012478	0.008200	0.006061	0.012121	0.006417	0.012121	0.012478	0.005348	0.012478	0.008200	0.008556	0.001070	0.003209	0.003565	0.007843	0.010339	0.011408	0.018895	0.022460	0.029947	0.013547	0.038859	0.042424	0.031373	0.032442	0.040285	0.024955	0.004635	0.008556	0.013191	0.026025	0.017469	0.017469	0.012121	0.015686	0.037790	0.019608	0.040642	0.032799	0.011765	0.028877	0.023886	0.023529	0.001426	0.006061	0.009626	0.019608	0.002139	0.010339	0.004991	0.008556	0.028520	0.010339	0.023173	0.019964	0.020321	0.024955	0.015686	0.014973	0.002496	0.005704	0.003922	0.015330	
0.007843	0.010339	0.006061	0.009269	0.004635	0.020321	0.016399	0.010339	0.005704	0.023529	0.007130	0.007843	0.007487	0.019608	0.014617	0.011052	0.022816	0.027451	0.043137	0.014973	0.012121	0.012121	0.019964	0.005704	0.018538	0.049198	0.027451	0.019608	0.000357	0.032442	0.032799	0.042068	0.017469	0.016756	0.013547	0.021034	0.007487	0.031016	0.039216	0.021034	0.012121	0.044563	0.009982	0.021390	0.007487	0.022103	0.014973	0.027451	0.002139	0.003565	0.001783	0.002139	0.000357	0.009982	0.008913	0.004278	0.008200	0.012478	0.004991	0.004635	0.000357	0.023529	0.015686	0.029234	
0.008913	0.018538	0.014260	0.008556	0.008200	0.023886	0.017825	0.008200	0.014617	0.026381	0.015686	0.007843	0.004991	0.020321	0.014617	0.007487	0.004278	0.004991	0.010695	0.004635	0.008556	0.022103	0.030660	0.012121	0.017825	0.028877	0.026381	0.011408	0.002852	0.010339	0.021390	0.006774	0.011052	0.012834	0.012121	0.008556	0.022816	0.045989	0.042068	0.018895	0.010339	0.021034	0.010695	0.007487	0.006774	0.017469	0.019251	0.009982	0.004991	0.002852	0.006061	0.001783	0.012834	0.033155	0.039572	0.012121	0.018538	0.029234	0.021034	0.009269	0.007130	0.031729	0.053832	0.017112	
0.007843	0.007130	0.008913	0.005348	0.013191	0.006061	0.008913	0.011052	0.010695	0.009269	0.014260	0.008913	0.002496	0.003209	0.007487	0.010339	0.012121	0.008913	0.017112	0.014260	0.039929	0.014260	0.035651	0.035294	0.042781	0.025312	0.040642	0.021390	0.004278	0.008200	0.010339	0.028520	0.015686	0.012478	0.016043	0.017112	0.036720	0.016756	0.026738	0.025312	0.015686	0.021747	0.021390	0.014973	0.005348	0.003565	0.008913	0.018182	0.005704	0.006061	0.003922	0.006061	0.027094	0.008200	0.024242	0.020321	0.030660	0.026025	0.030660	0.021747	0.004278	0.005704	0.008913	0.022460	
0.011052	0.012478	0.006417	0.011408	0.003209	0.011765	0.015686	0.003922	0.005348	0.022103	0.008913	0.009626	0.009982	0.018538	0.007843	0.006417	0.025312	0.027807	0.048485	0.015330	0.017469	0.009626	0.012121	0.006061	0.019964	0.039929	0.024955	0.010695	0.000357	0.033512	0.029234	0.028877	0.029234	0.024599	0.020677	0.025312	0.006417	0.023886	0.029234	0.022816	0.012121	0.051693	0.019964	0.023173	0.015686	0.018182	0.013904	0.019251	0.003565	0.006774	0.002852	0.003209	0.000357	0.009269	0.007130	0.003922	0.004991	0.013904	0.012121	0.004635	0.000357	0.029234	0.017112	0.032799	
0.014260	0.028877	0.013191	0.012834	0.011765	0.031373	0.019964	0.008556	0.014260	0.032086	0.019251	0.012834	0.006061	0.025312	0.016043	0.007843	0.006417	0.003922	0.013191	0.003922	0.010339	0.014973	0.017469	0.011765	0.011408	0.027451	0.018182	0.007130	0.004635	0.012478	0.016399	0.003209	0.012478	0.012834	0.007843	0.009269	0.022460	0.044920	0.036007	0.024242	0.012834	0.028520	0.011052	0.013547	0.005704	0.018895	0.013547	0.009982	0.008556	0.003922	0.009269	0.004635	0.012478	0.037433	0.036364	0.013191	0.016399	0.025668	0.016043	0.009982	0.004991	0.031373	0.037790	0.013191	
0.011052	0.012121	0.007843	0.010695	0.012834	0.008200	0.014973	0.013547	0.007487	0.013191	0.009626	0.013191	0.002852	0.004635	0.008913	0.014260	0.014617	0.012478	0.017112	0.012834	0.037433	0.020321	0.027451	0.043494	0.027807	0.029947	0.030660	0.021390	0.006061	0.012834	0.011408	0.027451	0.016043	0.013904	0.007130	0.017825	0.037077	0.011765	0.033868	0.031016	0.008913	0.021034	0.017469	0.017112	0.006417	0.003209	0.013191	0.020677	0.006061	0.007130	0.003922	0.004278	0.029234	0.012478	0.027094	0.019251	0.026738	0.022460	0.020321	0.014260	0.002496	0.006417	0.006061	0.019251	
0.013191	0.014617	0.007843	0.012121	0.003209	0.014260	0.017825	0.010339	0.003565	0.016043	0.008200	0.008200	0.008913	0.019608	0.009626	0.007487	0.020321	0.030660	0.047772	0.017825	0.012834	0.015330	0.019608	0.004991	0.021747	0.037077	0.034581	0.009982	0.000357	0.039929	0.030303	0.036720	0.017112	0.020677	0.011052	0.022103	0.007130	0.026738	0.030660	0.022103	0.009269	0.037077	0.010339	0.021390	0.018182	0.022103	0.009626	0.016043	0.004635	0.007130	0.003922	0.002139	0.000357	0.015686	0.007843	0.003209	0.004991	0.018895	0.009626	0.006061	0.000357	0.033512	0.014617	0.033155	
0.011765	0.026738	0.009626	0.007130	0.012121	0.031373	0.019251	0.010339	0.012121	0.027807	0.021390	0.009269	0.004278	0.025668	0.017112	0.007130	0.003565	0.006774	0.011408	0.001783	0.011408	0.019964	0.029590	0.011052	0.013547	0.033868	0.016043	0.012478	0.002139	0.014617	0.018895	0.004991	0.012478	0.011765	0.009269	0.006061	0.020321	0.041711	0.028164	0.018895	0.008200	0.029234	0.012121	0.013191	0.004635	0.014973	0.017112	0.008913	0.006774	0.007130	0.011765	0.002139	0.020677	0.039929	0.041355	0.013191	0.014260	0.024242	0.017112	0.008556	0.005348	0.028520	0.046346	0.013191	
0.011408	0.007130	0.006061	0.009982	0.014617	0.008200	0.015686	0.013904	0.009269	0.017112	0.008913	0.006774	0.002852	0.003565	0.004278	0.006417	0.020321	0.013547	0.019251	0.011408	0.047059	0.016399	0.029234	0.040285	0.036007	0.029234	0.032086	0.021034	0.004278	0.006417	0.013191	0.029590	0.012834	0.012834	0.006061	0.016399	0.038503	0.017469	0.029590	0.029590	0.011765	0.019608	0.019251	0.016043	0.004991	0.008913	0.008913	0.020677	0.004635	0.005348	0.002852	0.003565	0.031729	0.012121	0.019251	0.020677	0.029947	0.025312	0.019964	0.024242	0.003209	0.006061	0.007843	0.017112	
0.011052	0.017469	0.008913	0.011765	0.002852	0.011408	0.014260	0.010339	0.002496	0.016399	0.007130	0.008200	0.005348	0.022103	0.006774	0.007130	0.024242	0.029234	0.059537	0.018895	0.017112	0.012121	0.019964	0.004991	0.014260	0.036364	0.029234	0.013904	0.000357	0.038859	0.034225	0.031016	0.019608	0.024955	0.017825	0.024599	0.006061	0.032799	0.034225	0.018182	0.008200	0.041711	0.008200	0.022103	0.013547	0.024955	0.012121	0.017469	0.001783	0.006774	0.002496	0.004278	0.000357	0.012478	0.009982	0.002139	0.003209	0.014973	0.009626	0.006417	0.000357	0.032799	0.016756	0.023886	
0.011765	0.024242	0.013547	0.007130	0.011052	0.032799	0.024242	0.010339	0.015686	0.036364	0.025668	0.011052	0.003922	0.026025	0.021390	0.008200	0.004278	0.005704	0.013904	0.002496	0.011765	0.020321	0.025312	0.011408	0.017112	0.033868	0.019608	0.007843	0.001426	0.010695	0.017469	0.006061	0.007487	0.008556	0.006417	0.005704	0.015330	0.044207	0.035651	0.014260	0.009626	0.020321	0.015330	0.008913	0.005704	0.018538	0.019608	0.006774	0.005348	0.004278	0.008200	0.001783	0.019964	0.036007	0.048128	0.014617	0.017469	0.028877	0.012478	0.011052	0.006061	0.026738	0.038503	0.008200	
0.003209	0.009269	0.006061	0.010339	0.012834	0.009269	0.011052	0.009626	0.011052	0.011765	0.011408	0.007843	0.002139	0.002496	0.004635	0.007843	0.014260	0.013191	0.018538	0.012121	0.040285	0.017469	0.040285	0.035294	0.039572	0.037077	0.031729	0.024955	0.003565	0.006061	0.011052	0.029947	0.014617	0.015330	0.008200	0.021747	0.040998	0.017469	0.034938	0.026025	0.013547	0.022460	0.015330	0.021747	0.004991	0.004278	0.009982	0.019608	0.004635	0.004635	0.003922	0.003922	0.026025	0.011765	0.019251	0.024955	0.033512	0.023529	0.019964	0.019964	0.002852	0.003565	0.008913	0.013904	
0.007843	0.011765	0.004278	0.012834	0.003922	0.012834	0.018182	0.007487	0.006061	0.015330	0.010339	0.004991	0.009626	0.022103	0.006061	0.010339	0.021390	0.030660	0.049554	0.018538	0.015330	0.013191	0.022460	0.004991	0.014260	0.043494	0.033155	0.014617	0.000357	0.027094	0.032799	0.035651	0.023173	0.026025	0.018895	0.029590	0.004991	0.033155	0.034581	0.022103	0.009626	0.041355	0.006417	0.021034	0.013904	0.028520	0.011052	0.021034	0.003565	0.004635	0.001783	0.003565	0.000357	0.007130	0.006417	0.002496	0.003565	0.017469	0.009269	0.004278	0.000357	0.033155	0.014973	0.022816	
0.011052	0.022460	0.013547	0.008913	0.010339	0.033155	0.021390	0.008200	0.009982	0.030303	0.022816	0.011408	0.004278	0.031729	0.022460	0.006061	0.002496	0.006061	0.013191	0.002852	0.011052	0.019964	0.027451	0.007843	0.012478	0.035294	0.020321	0.013547	0.001783	0.013191	0.016043	0.006061	0.009269	0.009269	0.007487	0.007487	0.018895	0.047059	0.034938	0.016756	0.013191	0.028877	0.009982	0.007130	0.003209	0.016399	0.018182	0.007130	0.005704	0.006061	0.009269	0.003209	0.022816	0.034581	0.042068	0.011408	0.011408	0.028164	0.016399	0.008913	0.007130	0.033155	0.039572	0.009982	
0.010339	0.006774	0.004635	0.006774	0.014617	0.007130	0.009269	0.012834	0.009269	0.013547	0.012478	0.008200	0.001426	0.002852	0.003209	0.014973	0.018538	0.016399	0.013904	0.014260	0.052406	0.014617	0.036007	0.031729	0.037790	0.029947	0.033868	0.024242	0.003209	0.006417	0.008913	0.025668	0.010695	0.011765	0.006774	0.017825	0.043137	0.016756	0.032086	0.030660	0.016756	0.014617	0.021034	0.017112	0.005704	0.004635	0.008913	0.021747	0.004991	0.004991	0.002496	0.003922	0.042781	0.011052	0.018182	0.022460	0.032442	0.021747	0.026381	0.015686	0.002496	0.002852	0.004635	0.019251	
0.011408	0.010695	0.009626	0.012834	0.003565	0.013904	0.017825	0.004635	0.003565	0.012478	0.006061	0.005704	0.006774	0.017825	0.007843	0.010339	0.024242	0.030303	0.074866	0.023529	0.016756	0.012478	0.015686	0.004635	0.013191	0.039216	0.032086	0.011052	0.000357	0.028520	0.034225	0.034581	0.027094	0.018538	0.019964	0.030660	0.005704	0.026025	0.028164	0.019964	0.012121	0.044920	0.009626	0.027094	0.014260	0.023173	0.011408	0.016399	0.005348	0.004278	0.002139	0.001070	0.000357	0.007843	0.006061	0.002496	0.002852	0.011765	0.007843	0.003209	0.000357	0.035294	0.018538	0.027451	
0.013904	0.025668	0.020321	0.008200	0.011408	0.026738	0.018895	0.006774	0.014260	0.047415	0.029947	0.014973	0.006061	0.036364	0.018182	0.007487	0.003922	0.004278	0.012478	0.005704	0.006417	0.017112	0.027807	0.008913	0.015686	0.026025	0.018538	0.007487	0.000713	0.009982	0.017825	0.003209	0.008200	0.009269	0.008913	0.005348	0.019251	0.041355	0.032086	0.015686	0.011765	0.021390	0.011408	0.011052	0.004278	0.021034	0.016756	0.004991	0.004635	0.004278	0.010695	0.002139	0.017469	0.028520	0.044920	0.013904	0.014973	0.030303	0.015686	0.011052	0.004991	0.028877	0.043494	0.011408	
0.008556	0.009626	0.007487	0.004991	0.014973	0.007843	0.011765	0.008913	0.014260	0.017469	0.009982	0.010695	0.003565	0.001426	0.005348	0.011052	0.013547	0.013904	0.016756	0.010339	0.043137	0.011052	0.034225	0.025312	0.036007	0.026381	0.036364	0.024955	0.004991	0.004635	0.008913	0.026738	0.015330	0.012121	0.007843	0.021390	0.039929	0.024599	0.031729	0.028877	0.011408	0.028164	0.018538	0.017469	0.004635	0.003209	0.011765	0.024955	0.002852	0.005348	0.003565	0.004278	0.040642	0.014617	0.021034	0.019964	0.032799	0.023173	0.021747	0.018538	0.002852	0.003209	0.005704	0.015330	
0.012834	0.011765	0.006774	0.008913	0.002852	0.013904	0.018538	0.005704	0.003922	0.016756	0.007843	0.007130	0.009269	0.016043	0.008200	0.007487	0.022103	0.032086	0.063815	0.020677	0.021747	0.014617	0.018182	0.003565	0.016756	0.038503	0.027451	0.016043	0.000357	0.023529	0.028877	0.030303	0.028877	0.022103	0.014973	0.028520	0.009269	0.038146	0.026025	0.021747	0.007843	0.044207	0.009626	0.024955	0.013904	0.023529	0.015330	0.018895	0.003565	0.007843	0.002139	0.002496	0.000357	0.004635	0.005348	0.002139	0.004278	0.013547	0.007843	0.006061	0.000357	0.036720	0.018538	0.022460	
0.012478	0.031016	0.014617	0.009269	0.011765	0.029234	0.023173	0.009626	0.015330	0.035651	0.020321	0.016399	0.004278	0.028877	0.021390	0.006061	0.003209	0.009626	0.017825	0.003565	0.012478	0.018182	0.031016	0.009626	0.011052	0.030660	0.017112	0.009269	0.002852	0.008556	0.018182	0.003565	0.008913	0.008200	0.009269	0.006417	0.020677	0.048841	0.030660	0.012834	0.009982	0.022460	0.007130	0.013191	0.008200	0.019964	0.018895	0.007130	0.005704	0.004635	0.011052	0.002496	0.015330	0.027807	0.044563	0.012121	0.013191	0.034581	0.012478	0.010695	0.004991	0.028164	0.037790	0.008200	
0.009626	0.008556	0.004278	0.007843	0.021034	0.006061	0.016043	0.010339	0.019251	0.011408	0.008556	0.013547	0.003565	0.002496	0.003922	0.011765	0.019251	0.013547	0.012478	0.014973	0.047059	0.010695	0.037433	0.028877	0.039929	0.027451	0.032799	0.029234	0.002139	0.004278	0.011052	0.026738	0.012478	0.013904	0.005348	0.017825	0.047415	0.016399	0.027451	0.032086	0.009626	0.015330	0.013547	0.018538	0.007487	0.006417	0.014617	0.021034	0.003565	0.003565	0.003922	0.009269	0.032799	0.009269	0.023173	0.020321	0.023173	0.024955	0.024955	0.023173	0.002496	0.003922	0.005704	0.012834	
0.012478	0.008913	0.007130	0.016399	0.002852	0.011765	0.017469	0.007487	0.002496	0.012121	0.006417	0.004991	0.009982	0.023886	0.008200	0.007843	0.024599	0.037077	0.065597	0.021034	0.019251	0.010339	0.010695	0.002139	0.012478	0.045989	0.033155	0.012478	0.000357	0.023173	0.033868	0.034225	0.023173	0.024599	0.016043	0.028164	0.006417	0.026381	0.029234	0.017112	0.009626	0.047059	0.003922	0.019251	0.016399	0.031016	0.013191	0.023886	0.003922	0.006417	0.003209	0.002139	0.000357	0.007487	0.007130	0.002139	0.004635	0.016043	0.009269	0.005348	0.000357	0.036007	0.014260	0.021747	
0.012121	0.028520	0.015330	0.008200	0.011052	0.030303	0.027094	0.008556	0.014973	0.036364	0.025312	0.015330	0.004278	0.032442	0.022816	0.008200	0.004278	0.007843	0.010695	0.006061	0.006774	0.017112	0.024242	0.007843	0.010695	0.030660	0.015330	0.007843	0.001783	0.010339	0.013547	0.003209	0.009982	0.007487	0.007487	0.004278	0.024599	0.046702	0.034225	0.015686	0.011408	0.023529	0.010695	0.007130	0.004991	0.016043	0.014973	0.006061	0.004635	0.007130	0.012478	0.002852	0.021747	0.034225	0.048128	0.009982	0.014260	0.030303	0.013547	0.011408	0.007130	0.031016	0.040285	0.009269	
0.007130	0.006774	0.007843	0.009269	0.016043	0.007843	0.016043	0.011052	0.012834	0.012121	0.011765	0.009269	0.002496	0.002496	0.003565	0.012834	0.016756	0.016043	0.013191	0.018182	0.048485	0.014617	0.039929	0.025312	0.032442	0.037077	0.037077	0.027094	0.002852	0.004278	0.009626	0.025312	0.014260	0.011052	0.005704	0.020321	0.042781	0.020677	0.030303	0.027094	0.009626	0.018895	0.019964	0.016399	0.004635	0.003922	0.009626	0.023529	0.002852	0.004991	0.004635	0.005704	0.040285	0.009269	0.020677	0.019608	0.029234	0.024955	0.018182	0.019251	0.001426	0.004278	0.004278	0.016756	
0.009982	0.007843	0.008200	0.014973	0.003209	0.013547	0.014617	0.007487	0.002852	0.016399	0.006061	0.006061	0.008200	0.026025	0.008913	0.010339	0.022460	0.032799	0.069519	0.022816	0.015686	0.013904	0.018895	0.003922	0.018538	0.040642	0.032086	0.015686	0.000357	0.028877	0.029234	0.024599	0.015330	0.020677	0.021034	0.027094	0.009982	0.032799	0.028877	0.021390	0.008556	0.043850	0.007843	0.026738	0.019964	0.023529	0.009982	0.018538	0.004278	0.002852	0.001783	0.002496	0.000357	0.006774	0.006061	0.001783	0.002496	0.017112	0.004278	0.003209	0.000357	0.039929	0.016043	0.022103	
0.007130	0.022816	0.015686	0.006417	0.010339	0.026738	0.019608	0.007487	0.015686	0.040998	0.030303	0.013547	0.006774	0.028877	0.024599	0.007130	0.004635	0.005704	0.015686	0.003209	0.010695	0.019964	0.029590	0.006774	0.011765	0.024599	0.022816	0.009269	0.001426	0.010695	0.017825	0.004635	0.009982	0.011052	0.008200	0.003209	0.021390	0.045633	0.035294	0.015686	0.009626	0.019964	0.009626	0.011052	0.006417	0.016399	0.019608	0.009269	0.004991	0.008200	0.013904	0.001783	0.027094	0.023886	0.053832	0.013547	0.014617	0.024599	0.018182	0.006774	0.004991	0.026381	0.037077	0.007130	
0.002852	0.009626	0.005348	0.008913	0.015686	0.006417	0.011408	0.014260	0.013191	0.017112	0.011408	0.011765	0.003209	0.002139	0.002139	0.007130	0.022816	0.017112	0.013904	0.015686	0.048485	0.011408	0.029947	0.026381	0.042068	0.038859	0.029947	0.027451	0.004635	0.003922	0.007487	0.027451	0.009626	0.011052	0.008913	0.022103	0.040998	0.014973	0.030660	0.023529	0.013904	0.022816	0.022103	0.022103	0.001783	0.007487	0.010339	0.021034	0.002139	0.007487	0.002852	0.007130	0.034938	0.008200	0.019608	0.019608	0.029234	0.026025	0.021034	0.022816	0.003565	0.002496	0.007487	0.014617	
0.009269	0.010695	0.006774	0.010695	0.003209	0.019251	0.014260	0.008556	0.004278	0.013191	0.006417	0.007130	0.011408	0.023886	0.007843	0.010695	0.020321	0.037790	0.064528	0.017469	0.013547	0.014260	0.011052	0.002139	0.017469	0.042068	0.021390	0.010695	0.000357	0.025312	0.033155	0.024955	0.027094	0.023529	0.014260	0.033512	0.008200	0.037790	0.041355	0.017469	0.005704	0.040998	0.008200	0.029590	0.016399	0.032086	0.013191	0.022460	0.001426	0.007843	0.001783	0.002139	0.000357	0.005348	0.008556	0.001783	0.004278	0.014617	0.005704	0.002852	0.000357	0.034938	0.013191	0.021747	
0.011408	0.023886	0.014260	0.008556	0.011052	0.035651	0.023529	0.009626	0.014973	0.037790	0.023173	0.011408	0.004991	0.030303	0.021034	0.007487	0.003922	0.008200	0.011408	0.001783	0.014617	0.014617	0.039216	0.008200	0.011765	0.032799	0.020321	0.010339	0.002852	0.010695	0.013904	0.002496	0.010695	0.009269	0.006417	0.005348	0.021747	0.044563	0.032442	0.012121	0.008200	0.017469	0.008200	0.007843	0.006774	0.015686	0.017112	0.010695	0.004635	0.008200	0.011052	0.004635	0.020677	0.031373	0.052050	0.012121	0.011408	0.028164	0.020321	0.007487	0.006774	0.024955	0.039929	0.008200	
0.007130	0.005704	0.009982	0.007843	0.018895	0.008556	0.009982	0.012121	0.009269	0.011765	0.012478	0.009626	0.002139	0.002139	0.005348	0.010695	0.017112	0.018895	0.011052	0.021034	0.042424	0.018182	0.036364	0.029234	0.043137	0.040285	0.034225	0.029590	0.002496	0.002139	0.011408	0.026025	0.010339	0.011408	0.007843	0.016756	0.038146	0.018895	0.034225	0.024955	0.012478	0.022103	0.018538	0.018895	0.004991	0.002496	0.008556	0.021034	0.004991	0.007130	0.002852	0.006417	0.031016	0.010339	0.022103	0.018182	0.028877	0.025312	0.019608	0.018182	0.001426	0.005348	0.006061	0.016043	
0.013191	0.007843	0.007843	0.010695	0.003209	0.014617	0.017469	0.007843	0.003209	0.011408	0.009982	0.007130	0.008913	0.021390	0.011052	0.010695	0.017825	0.032086	0.061676	0.018895	0.014260	0.017825	0.021747	0.002139	0.012478	0.041711	0.036364	0.012121	0.000357	0.024955	0.033868	0.025312	0.023173	0.019964	0.017112	0.033512	0.008556	0.038859	0.034938	0.017112	0.008556	0.043850	0.006417	0.026025	0.015330	0.027094	0.013904	0.019964	0.004278	0.003565	0.001783	0.001426	0.000357	0.005348	0.003565	0.002852	0.001783	0.018538	0.006061	0.004991	0.000357	0.035651	0.015686	0.022103	
0.012834	0.026381	0.011765	0.007487	0.007843	0.032799	0.014260	0.008556	0.012834	0.038146	0.026025	0.011408	0.006061	0.027807	0.023886	0.006774	0.002852	0.008200	0.009269	0.006061	0.013904	0.019964	0.038146	0.004635	0.012121	0.038146	0.017825	0.009626	0.002852	0.009269	0.013904	0.003922	0.008556	0.008913	0.005348	0.003209	0.022103	0.052406	0.028877	0.012121	0.007843	0.027451	0.014973	0.008556	0.003209	0.018538	0.023173	0.005348	0.005704	0.004635	0.013547	0.001070	0.018182	0.030660	0.049554	0.010695	0.013904	0.032799	0.019608	0.008200	0.004991	0.025668	0.038503	0.008913	
0.004991	0.009269	0.007130	0.008556	0.016043	0.007487	0.008913	0.015686	0.009982	0.009626	0.011408	0.008913	0.001426	0.002139	0.003922	0.010339	0.015686	0.017825	0.009626	0.018895	0.050980	0.013904	0.040642	0.030303	0.037790	0.032442	0.034581	0.026025	0.003565	0.002852	0.006774	0.022816	0.009269	0.011052	0.007130	0.019251	0.052406	0.018182	0.034581	0.031373	0.012834	0.022816	0.019964	0.022816	0.006774	0.004278	0.008200	0.018538	0.002496	0.005348	0.001070	0.008200	0.032442	0.008200	0.021747	0.018895	0.025668	0.033512	0.023173	0.017112	0.001070	0.002139	0.003565	0.018182	
0.009626	0.005348	0.008556	0.008913	0.003922	0.017825	0.013191	0.008556	0.000713	0.012834	0.004991	0.006417	0.006774	0.029234	0.010695	0.008200	0.026381	0.040998	0.067023	0.017469	0.016399	0.014260	0.014973	0.002139	0.016043	0.042424	0.031373	0.016043	0.000357	0.037433	0.032442	0.026025	0.027807	0.019608	0.014260	0.024599	0.008200	0.043850	0.029590	0.016756	0.007843	0.045989	0.008200	0.027094	0.014617	0.025668	0.011765	0.022816	0.001783	0.008556	0.001783	0.000713	0.000357	0.005348	0.004278	0.001426	0.001426	0.009626	0.006417	0.004991	0.000357	0.035294	0.015330	0.018895	
0.009269	0.028520	0.015686	0.012121	0.009269	0.035294	0.021747	0.008200	0.017112	0.032799	0.029590	0.012121	0.003922	0.022460	0.017469	0.007843	0.006061	0.008556	0.011052	0.003209	0.014260	0.021390	0.038146	0.007487	0.009269	0.025668	0.018538	0.008556	0.001783	0.006061	0.017112	0.003922	0.006061	0.010339	0.006417	0.003209	0.022460	0.042781	0.032799	0.012834	0.012478	0.019964	0.008913	0.009626	0.003922	0.022816	0.020321	0.007487	0.002852	0.005704	0.009982	0.003565	0.019608	0.035651	0.058824	0.013547	0.013904	0.027451	0.021390	0.007487	0.004991	0.026381	0.035294	0.009269	
0.006061	0.009626	0.003209	0.005348	0.016756	0.008556	0.012834	0.014973	0.009982	0.012834	0.011052	0.009269	0.003922	0.002139	0.005704	0.010339	0.018895	0.015330	0.012121	0.019251	0.054545	0.017825	0.038146	0.024599	0.040285	0.038859	0.037790	0.034581	0.002139	0.003209	0.007843	0.028877	0.013904	0.013191	0.006061	0.019608	0.038146	0.016399	0.024242	0.027094	0.010695	0.025668	0.020677	0.021390	0.004278	0.004991	0.008200	0.020321	0.002852	0.004635	0.001070	0.006061	0.033155	0.009982	0.017825	0.016756	0.030303	0.022103	0.020321	0.017469	0.000713	0.003922	0.003565	0.020321	
0.011052	0.009626	0.005704	0.015330	0.002496	0.018538	0.014617	0.007130	0.002852	0.010695	0.003209	0.005704	0.011765	0.021034	0.009626	0.007843	0.022816	0.035651	0.066667	0.017469	0.019964	0.012834	0.016756	0.003209	0.013904	0.040642	0.028877	0.009626	0.000357	0.028877	0.028877	0.025312	0.023529	0.019964	0.018182	0.029590	0.009982	0.037790	0.029590	0.022103	0.009269	0.040998	0.008556	0.031016	0.017825	0.032086	0.011765	0.021034	0.001426	0.005348	0.002496	0.001783	0.000357	0.006061	0.004635	0.003209	0.002496	0.012834	0.006417	0.003565	0.000357	0.042781	0.016043	0.020677	
0.007130	0.030660	0.013547	0.007487	0.009982	0.032086	0.021747	0.006774	0.016043	0.041355	0.024955	0.010695	0.005704	0.029234	0.021747	0.007487	0.003209	0.011408	0.015686	0.002496	0.012478	0.021390	0.032442	0.008913	0.009982	0.026738	0.022103	0.006774	0.002496	0.009626	0.018538	0.004991	0.006417	0.010339	0.006774	0.004991	0.019251	0.048128	0.026025	0.011765	0.007843	0.019251	0.011765	0.008200	0.004278	0.014617	0.025312	0.005704	0.011052	0.007487	0.009269	0.002496	0.021390	0.034938	0.054189	0.014260	0.016043	0.027807	0.013191	0.009269	0.003565	0.018538	0.043494	0.009269	
0.007487	0.006061	0.004635	0.009626	0.024599	0.007843	0.015686	0.011765	0.014617	0.012121	0.010695	0.007843	0.002852	0.002852	0.002852	0.008913	0.014973	0.013547	0.010339	0.024242	0.047415	0.017825	0.039216	0.032086	0.038146	0.037077	0.034581	0.024599	0.003922	0.002852	0.007843	0.027094	0.011052	0.012834	0.007487	0.018538	0.045633	0.013547	0.030303	0.025668	0.011765	0.018895	0.015330	0.026025	0.003209	0.003922	0.009269	0.018538	0.003922	0.003209	0.003209	0.005704	0.028164	0.007843	0.016756	0.019251	0.032442	0.027094	0.021034	0.028520	0.002852	0.002139	0.005348	0.017112	
0.012478	0.007487	0.006061	0.011408	0.001426	0.013547	0.014617	0.006061	0.002139	0.012478	0.002852	0.008200	0.012834	0.027094	0.009982	0.008200	0.023529	0.038503	0.060250	0.023529	0.014617	0.011765	0.018538	0.002139	0.015330	0.040285	0.034581	0.011765	0.000357	0.029590	0.028520	0.030303	0.022816	0.026738	0.015686	0.031729	0.008556	0.038503	0.028164	0.019964	0.009626	0.039216	0.007487	0.025312	0.016043	0.034581	0.013191	0.023173	0.003209	0.005704	0.002139	0.001783	0.000357	0.006774	0.003565	0.001070	0.001783	0.014260	0.006417	0.002852	0.000357	0.036364	0.013904	0.021034	
0.010339	0.031016	0.012834	0.007843	0.007843	0.032442	0.026025	0.012121	0.011052	0.039572	0.022103	0.011408	0.005348	0.033868	0.023529	0.005704	0.003922	0.007843	0.011408	0.001783	0.010339	0.015330	0.036007	0.008913	0.010339	0.029234	0.016043	0.009269	0.001426	0.007487	0.018538	0.001783	0.005704	0.010695	0.008200	0.004278	0.021034	0.041711	0.031016	0.012478	0.010695	0.023529	0.009269	0.007843	0.006417	0.017825	0.018182	0.005704	0.006774	0.009269	0.010339	0.003209	0.019608	0.034938	0.058467	0.014617	0.013547	0.028520	0.015330	0.008200	0.004991	0.026738	0.040285	0.010695	
0.004278	0.010339	0.004635	0.007487	0.021034	0.008556	0.018895	0.010339	0.008556	0.013904	0.010339	0.009982	0.002139	0.001070	0.003922	0.009982	0.014973	0.014617	0.011052	0.018182	0.045276	0.015686	0.032442	0.031016	0.046702	0.034938	0.038503	0.031373	0.002852	0.002139	0.008913	0.034225	0.007843	0.012121	0.006774	0.018895	0.044207	0.016399	0.032799	0.027451	0.011052	0.019251	0.014973	0.017469	0.003922	0.003922	0.009982	0.018895	0.004278	0.003922	0.002139	0.007843	0.037433	0.007487	0.020321	0.020677	0.026381	0.022816	0.025312	0.026025	0.002852	0.001783	0.007130	0.012121	
0.008913	0.004635	0.005704	0.012121	0.003209	0.015686	0.014617	0.007487	0.002852	0.011408	0.005704	0.004635	0.013547	0.017469	0.007130	0.014260	0.022816	0.038859	0.065241	0.021034	0.016043	0.013904	0.016756	0.001426	0.015330	0.040642	0.033512	0.014973	0.000357	0.026738	0.036364	0.026025	0.022816	0.023173	0.016043	0.030660	0.004635	0.035294	0.028877	0.022103	0.011052	0.037790	0.006774	0.033512	0.021390	0.026381	0.013547	0.023529	0.001070	0.005348	0.001426	0.003922	0.000357	0.004278	0.002852	0.001426	0.004278	0.014973	0.006417	0.004278	0.000357	0.040285	0.013547	0.021034	
0.008913	0.026738	0.012834	0.007130	0.012121	0.034581	0.019608	0.005704	0.012478	0.035294	0.024955	0.015686	0.004278	0.035651	0.021747	0.006061	0.003209	0.008913	0.008200	0.003922	0.009626	0.018538	0.035294	0.005704	0.007843	0.031373	0.018182	0.005704	0.002852	0.007130	0.017825	0.004635	0.008913	0.017112	0.005704	0.001783	0.019608	0.044207	0.031016	0.009982	0.007130	0.019964	0.017469	0.007843	0.004278	0.020677	0.025312	0.007130	0.006774	0.011408	0.015330	0.002139	0.020677	0.033512	0.045276	0.011408	0.016756	0.027451	0.018538	0.007843	0.005704	0.027807	0.043137	0.008200	
0.007487	0.006061	0.004991	0.009269	0.027094	0.006417	0.017469	0.013191	0.011052	0.013904	0.008200	0.008913	0.002496	0.001070	0.003209	0.008200	0.017112	0.016399	0.012121	0.016399	0.043494	0.015686	0.038859	0.032799	0.039572	0.036007	0.032442	0.023173	0.004278	0.002139	0.006774	0.019608	0.009626	0.009269	0.004635	0.020677	0.045989	0.015330	0.029234	0.023529	0.013904	0.026738	0.016756	0.021747	0.003922	0.004991	0.007843	0.020321	0.002852	0.005704	0.001783	0.006774	0.032086	0.013547	0.021034	0.024599	0.032086	0.028520	0.022103	0.025312	0.002139	0.003209	0.004635	0.016043	
0.011052	0.009269	0.006417	0.010339	0.002139	0.016399	0.013904	0.004991	0.002852	0.011052	0.005348	0.004278	0.011052	0.024599	0.010695	0.006774	0.021747	0.035651	0.069162	0.022103	0.017112	0.012121	0.018182	0.003565	0.013904	0.044563	0.035294	0.012834	0.000357	0.030660	0.031016	0.032086	0.028164	0.019964	0.021034	0.027451	0.008913	0.036720	0.037790	0.021747	0.008913	0.043494	0.004278	0.022816	0.017825	0.031729	0.010695	0.018895	0.002139	0.004991	0.002496	0.003209	0.000357	0.005348	0.004278	0.001426	0.003209	0.011408	0.003565	0.004278	0.000357	0.031016	0.013547	0.019251	
0.011408	0.029590	0.017112	0.004991	0.011765	0.029947	0.021747	0.006417	0.013547	0.043850	0.027807	0.013904	0.006061	0.030660	0.020321	0.006061	0.002852	0.011408	0.010695	0.003565	0.009269	0.018538	0.034938	0.007843	0.013191	0.032799	0.021390	0.006774	0.001070	0.008556	0.016756	0.005348	0.006061	0.008556	0.009626	0.004635	0.017825	0.039929	0.038859	0.013904	0.009626	0.021034	0.011052	0.006774	0.005348	0.013904	0.020677	0.004278	0.008913	0.007843	0.010695	0.002139	0.022816	0.029234	0.053119	0.012834	0.011052	0.032442	0.013904	0.008556	0.003565	0.026025	0.041355	0.006061	
0.006417	0.007130	0.007843	0.007843	0.020321	0.008556	0.018538	0.009982	0.013191	0.013191	0.011765	0.009982	0.002496	0.001783	0.003922	0.007130	0.016756	0.014973	0.009982	0.019964	0.041711	0.012478	0.037077	0.026381	0.040285	0.041355	0.038146	0.028877	0.002852	0.004278	0.006417	0.027451	0.009269	0.011765	0.003209	0.023173	0.052763	0.019964	0.032799	0.024599	0.015686	0.020321	0.017469	0.020677	0.004991	0.005348	0.006774	0.018895	0.004278	0.004991	0.002496	0.004278	0.033512	0.008556	0.017825	0.019251	0.026381	0.028520	0.023529	0.020677	0.002139	0.003565	0.005348	0.010695	
0.011408	0.008200	0.007130	0.009982	0.002139	0.013904	0.014260	0.008556	0.002496	0.011408	0.005348	0.004278	0.012478	0.023173	0.009269	0.010339	0.024599	0.034938	0.065954	0.022816	0.016043	0.016399	0.014973	0.002139	0.016756	0.045989	0.033868	0.009626	0.000357	0.027451	0.026381	0.026025	0.028520	0.016043	0.016043	0.034938	0.009982	0.039572	0.032086	0.021747	0.007130	0.046702	0.007843	0.029234	0.015686	0.031729	0.010339	0.022460	0.002852	0.005348	0.001426	0.002852	0.000357	0.004991	0.007487	0.002139	0.002496	0.009626	0.006061	0.004278	0.000357	0.032799	0.009269	0.021747	
0.013904	0.026381	0.018895	0.008200	0.009269	0.025668	0.022103	0.007487	0.011408	0.040998	0.026381	0.011765	0.004635	0.034581	0.024599	0.006774	0.003209	0.006417	0.016043	0.002852	0.009982	0.023173	0.035294	0.006417	0.012121	0.028877	0.020677	0.007130	0.002139	0.008913	0.018538	0.004991	0.006061	0.008200	0.008913	0.005704	0.020677	0.042781	0.036720	0.013547	0.009982	0.023173	0.011052	0.008913	0.004278	0.019964	0.017825	0.005348	0.005704	0.008556	0.011408	0.003209	0.022460	0.032442	0.051693	0.008556	0.009626	0.023529	0.016756	0.005348	0.003565	0.023886	0.046346	0.006774	
0.008200	0.008200	0.003922	0.008556	0.017112	0.004635	0.012834	0.014973	0.010695	0.012121	0.013904	0.018538	0.003209	0.002496	0.003922	0.010339	0.013904	0.017469	0.011408	0.019608	0.045276	0.014973	0.030303	0.033512	0.042781	0.036364	0.040285	0.026381	0.003209	0.002139	0.008200	0.022460	0.011052	0.010339	0.006061	0.015686	0.044920	0.008913	0.033155	0.029590	0.017112	0.017469	0.018895	0.021390	0.002496	0.002496	0.008200	0.019964	0.003922	0.003922	0.001783	0.004991	0.037433	0.010339	0.020321	0.019251	0.038859	0.032086	0.020677	0.015686	0.002139	0.001783	0.005348	0.014617	
0.008556	0.012478	0.005704	0.010339	0.001426	0.013904	0.012478	0.012121	0.001426	0.011408	0.004635	0.005704	0.007843	0.024242	0.010339	0.006417	0.025312	0.034938	0.062745	0.021747	0.014617	0.011052	0.010339	0.002852	0.011408	0.037077	0.036007	0.012121	0.000357	0.028877	0.039572	0.028520	0.033155	0.024242	0.019608	0.032442	0.009982	0.038859	0.027094	0.022103	0.004991	0.048485	0.006061	0.034225	0.015330	0.029590	0.013904	0.023173	0.000357	0.006774	0.002139	0.001783	0.000357	0.004278	0.003209	0.001070	0.003565	0.012478	0.006417	0.003209	0.000357	0.032442	0.014260	0.020321	
0.011765	0.027807	0.014973	0.012834	0.010695	0.033868	0.027094	0.006774	0.012478	0.040998	0.024955	0.011765	0.003565	0.029234	0.026738	0.006774	0.004635	0.007843	0.011765	0.002139	0.006774	0.021747	0.033155	0.006417	0.008200	0.021747	0.018538	0.004635	0.001070	0.012478	0.021390	0.003209	0.006774	0.005704	0.007487	0.001426	0.018538	0.045989	0.032799	0.012121	0.009626	0.023886	0.012834	0.006774	0.003565	0.021390	0.023173	0.007130	0.007487	0.006417	0.008200	0.001783	0.019608	0.034581	0.051693	0.009269	0.015330	0.033512	0.019964	0.009269	0.003209	0.018538	0.046346	0.010339	
0.007487	0.011052	0.002496	0.009626	0.019964	0.006417	0.010339	0.011052	0.009626	0.011408	0.010339	0.011052	0.001426	0.002139	0.006061	0.008556	0.014617	0.017112	0.009626	0.014260	0.048485	0.013191	0.037433	0.037077	0.048841	0.036720	0.032442	0.026738	0.001783	0.001783	0.007487	0.023529	0.011052	0.012478	0.005704	0.016399	0.043137	0.014260	0.031729	0.031016	0.015330	0.027451	0.015686	0.017825	0.002852	0.001783	0.006774	0.021034	0.001426	0.003209	0.001783	0.004991	0.033512	0.006774	0.022103	0.019251	0.038503	0.032086	0.021747	0.025312	0.001783	0.002852	0.004991	0.017825	
0.009982	0.009626	0.004635	0.010339	0.002496	0.019964	0.013191	0.008200	0.002496	0.009626	0.003565	0.003922	0.007843	0.017112	0.011408	0.008913	0.021034	0.040642	0.056328	0.027094	0.013904	0.013904	0.012478	0.000357	0.016043	0.040998	0.031729	0.012834	0.000357	0.032442	0.034938	0.030660	0.033155	0.025312	0.016756	0.037077	0.012478	0.042781	0.031729	0.020677	0.009269	0.035294	0.009982	0.025668	0.019608	0.029234	0.009982	0.022103	0.001070	0.003922	0.001426	0.001426	0.000357	0.004635	0.002496	0.001070	0.003209	0.012834	0.004635	0.004635	0.000357	0.041355	0.011765	0.017469	
