>NC_002678
0.000297	0.000297	0.000297	0.000297	0.000297	0.000297	0.000297	0.000297	0.000297	0.000297	0.000297	0.000297	0.000297	0.000297	0.000297	0.000297	0.000297	0.000297	0.000297	0.000297	0.000297	0.000297	0.000297	0.000297	0.000297	0.000297	0.000297	0.000297	0.254081	0.000297	0.000297	0.000297	0.000297	0.000297	0.000297	0.000297	0.000297	0.000297	0.000297	0.000297	0.000297	0.000297	0.000297	0.000297	0.000297	0.000297	0.000297	0.000297	0.000297	0.000297	0.000297	0.000297	0.596319	0.000297	0.000297	0.000297	0.000297	0.000297	0.000297	0.000297	0.150490	0.000297	0.000297	0.000297	
0.000297	0.000297	0.000297	0.000297	0.000297	0.000297	0.000297	0.000297	0.000297	0.000297	0.000297	0.000297	0.000297	0.000297	0.000297	0.000297	0.105373	0.100030	0.273078	0.118730	0.000297	0.000297	0.000297	0.000297	0.000297	0.000297	0.000297	0.000297	0.000297	0.000297	0.000297	0.000297	0.000297	0.000297	0.000297	0.000297	0.000297	0.000297	0.000297	0.000297	0.000297	0.000297	0.000297	0.000297	0.000297	0.000297	0.000297	0.000297	0.047195	0.135649	0.113684	0.108638	0.000297	0.000297	0.000297	0.000297	0.000297	0.000297	0.000297	0.000297	0.000297	0.000297	0.000297	0.000297	
0.031463	0.032354	0.040071	0.049273	0.035619	0.060849	0.065598	0.074206	0.081627	0.120807	0.113387	0.071535	0.018106	0.047789	0.077174	0.084892	0.000297	0.000297	0.000297	0.000297	0.000297	0.000297	0.000297	0.000297	0.000297	0.000297	0.000297	0.000297	0.000297	0.000297	0.000297	0.000297	0.000297	0.000297	0.000297	0.000297	0.000297	0.000297	0.000297	0.000297	0.000297	0.000297	0.000297	0.000297	0.000297	0.000297	0.000297	0.000297	0.000297	0.000297	0.000297	0.000297	0.000297	0.000297	0.000297	0.000297	0.000297	0.000297	0.000297	0.000297	0.000297	0.000297	0.000297	0.000297	
0.005936	0.010389	0.010092	0.005936	0.001781	0.016919	0.008905	0.005640	0.004452	0.022262	0.008311	0.005936	0.009202	0.018997	0.010092	0.011873	0.003562	0.008608	0.014841	0.009498	0.013357	0.018403	0.020184	0.009795	0.013654	0.034135	0.012763	0.005936	0.000297	0.024636	0.020481	0.029682	0.025527	0.019294	0.017216	0.020481	0.006530	0.057287	0.032057	0.025824	0.015138	0.074800	0.013951	0.010389	0.006233	0.029386	0.013654	0.023152	0.002078	0.005936	0.007124	0.003859	0.000297	0.018997	0.021668	0.007717	0.013060	0.040962	0.015435	0.008608	0.000297	0.032947	0.020481	0.032057	
0.008905	0.014544	0.008905	0.004749	0.007124	0.019590	0.012763	0.004749	0.005936	0.025527	0.014248	0.003562	0.003562	0.019590	0.012170	0.004452	0.003562	0.005343	0.009795	0.003265	0.018403	0.037103	0.040665	0.015435	0.010092	0.036806	0.023449	0.012467	0.004156	0.017809	0.018700	0.008311	0.011576	0.013654	0.008905	0.012170	0.019590	0.077471	0.054912	0.020184	0.007124	0.029386	0.006827	0.007124	0.003265	0.017216	0.006530	0.003859	0.002968	0.003562	0.007421	0.002078	0.011279	0.040071	0.043336	0.011279	0.010092	0.033541	0.015138	0.005936	0.002078	0.046601	0.037103	0.010982	
0.006530	0.006233	0.008311	0.005936	0.008608	0.008905	0.011279	0.008311	0.008311	0.012763	0.009795	0.004156	0.002078	0.005046	0.008014	0.007124	0.015138	0.005936	0.015435	0.019887	0.031167	0.024636	0.070644	0.047789	0.036806	0.043930	0.049866	0.021075	0.003265	0.013654	0.017216	0.017513	0.009202	0.005343	0.005343	0.013357	0.026417	0.031463	0.043039	0.024340	0.011576	0.025527	0.009202	0.013357	0.004452	0.007124	0.010092	0.007421	0.003859	0.002078	0.002078	0.005046	0.026417	0.018700	0.032651	0.023449	0.017216	0.024933	0.017216	0.015138	0.002968	0.008608	0.006827	0.009202	
0.008608	0.012170	0.007717	0.006233	0.001781	0.006530	0.008014	0.003265	0.004156	0.016028	0.008311	0.002671	0.006530	0.014544	0.012170	0.010982	0.010982	0.027011	0.040368	0.014248	0.011576	0.022855	0.035916	0.013357	0.019294	0.082517	0.033541	0.022262	0.000297	0.022559	0.028495	0.052538	0.015732	0.024340	0.013654	0.020184	0.008608	0.045117	0.030276	0.023152	0.008014	0.054912	0.010389	0.012763	0.005046	0.024636	0.008311	0.015732	0.001781	0.005046	0.003562	0.002375	0.000297	0.019590	0.008608	0.005936	0.006530	0.024043	0.004749	0.006827	0.000297	0.015732	0.009498	0.015732	
0.006530	0.011576	0.014248	0.004749	0.006530	0.032947	0.023449	0.005640	0.008905	0.031167	0.017216	0.008014	0.005046	0.017809	0.015732	0.004452	0.003562	0.005046	0.010092	0.003562	0.012763	0.029089	0.040665	0.011576	0.008014	0.040962	0.021965	0.011873	0.003562	0.016028	0.015435	0.010686	0.010092	0.010092	0.009498	0.008311	0.021075	0.077768	0.061146	0.017513	0.010092	0.028792	0.011279	0.006827	0.005046	0.020184	0.012170	0.007124	0.001484	0.002375	0.007421	0.000890	0.010092	0.025527	0.033838	0.008014	0.009795	0.024933	0.016325	0.007421	0.004156	0.034728	0.041852	0.014248	
0.006233	0.004452	0.005343	0.005640	0.006233	0.008905	0.007124	0.006827	0.011576	0.015138	0.008905	0.005640	0.001187	0.004452	0.005640	0.006233	0.014841	0.009795	0.012170	0.013654	0.034432	0.019590	0.064411	0.046898	0.050460	0.038290	0.044227	0.026121	0.003265	0.010686	0.011873	0.016919	0.009498	0.008905	0.006530	0.011873	0.031760	0.027901	0.037993	0.028198	0.014544	0.024043	0.010389	0.017809	0.002671	0.008014	0.012467	0.010982	0.004452	0.003562	0.003265	0.006530	0.024340	0.013357	0.031760	0.019294	0.023746	0.026417	0.019590	0.015435	0.003562	0.008311	0.011873	0.012763	
0.009202	0.009202	0.010389	0.006233	0.002671	0.011873	0.008014	0.004156	0.004749	0.010982	0.007124	0.004452	0.006233	0.015138	0.007124	0.009202	0.017513	0.026714	0.034135	0.018403	0.013951	0.020184	0.022855	0.012763	0.018403	0.061146	0.038290	0.023449	0.000297	0.025527	0.029682	0.045711	0.020184	0.029386	0.022262	0.028495	0.009795	0.041555	0.032651	0.019887	0.011279	0.044227	0.010092	0.017513	0.010686	0.022855	0.011279	0.020184	0.002375	0.004156	0.001781	0.002375	0.000297	0.014841	0.009795	0.006530	0.008014	0.021075	0.006827	0.005936	0.000297	0.022559	0.010389	0.013654	
0.010389	0.017513	0.012467	0.008905	0.008014	0.032651	0.021371	0.007421	0.007124	0.038587	0.014841	0.008014	0.004156	0.027011	0.018997	0.005343	0.005936	0.005936	0.011576	0.003265	0.012467	0.027308	0.038587	0.010092	0.011279	0.029089	0.024340	0.008608	0.002968	0.013357	0.019590	0.007421	0.007421	0.017809	0.009795	0.007421	0.013951	0.064411	0.040071	0.018997	0.011279	0.032947	0.011576	0.006530	0.002968	0.026417	0.016028	0.005936	0.003265	0.002671	0.009202	0.002375	0.010092	0.029682	0.038884	0.007421	0.010389	0.027308	0.015435	0.005343	0.002375	0.035619	0.036213	0.014544	
0.008014	0.005343	0.004156	0.009498	0.010686	0.010389	0.012467	0.010389	0.012170	0.014248	0.011576	0.005046	0.002078	0.003562	0.006233	0.010092	0.010389	0.008608	0.013951	0.011576	0.037103	0.024933	0.048679	0.043336	0.043633	0.033838	0.035916	0.025527	0.003562	0.012467	0.011279	0.016622	0.012763	0.008311	0.005936	0.013060	0.033244	0.025527	0.038587	0.030573	0.020778	0.021668	0.010389	0.013357	0.000890	0.005046	0.008608	0.013951	0.002671	0.003562	0.002671	0.003562	0.024636	0.022559	0.022559	0.032651	0.023449	0.027308	0.025527	0.014544	0.003859	0.006530	0.010686	0.012170	
0.005936	0.011279	0.009202	0.007421	0.001781	0.010982	0.009795	0.003265	0.003562	0.011576	0.008014	0.003562	0.005343	0.014248	0.010982	0.007124	0.012467	0.028198	0.044227	0.020778	0.013060	0.024340	0.027605	0.018403	0.018700	0.048976	0.032651	0.021965	0.000297	0.039181	0.027011	0.050460	0.026121	0.025230	0.021371	0.027308	0.006233	0.040071	0.032354	0.018403	0.012467	0.044227	0.009202	0.017513	0.009202	0.027605	0.009498	0.012170	0.000890	0.003859	0.001781	0.003859	0.000297	0.015138	0.005640	0.006530	0.007124	0.015732	0.007124	0.006827	0.000297	0.023746	0.010092	0.018700	
0.009795	0.017513	0.012467	0.005640	0.008905	0.027308	0.025527	0.006827	0.013951	0.034432	0.020184	0.008014	0.005343	0.028495	0.017513	0.008014	0.004452	0.003265	0.010092	0.003562	0.013357	0.024340	0.038290	0.014544	0.009795	0.035619	0.025230	0.004749	0.001484	0.017513	0.019294	0.008311	0.011279	0.012467	0.009795	0.008311	0.014841	0.046898	0.045414	0.013357	0.009202	0.027901	0.010982	0.008905	0.005046	0.022559	0.015138	0.007124	0.002078	0.002968	0.008608	0.001484	0.009795	0.039478	0.049273	0.006233	0.007717	0.027605	0.014841	0.007421	0.002078	0.035916	0.041259	0.009202	
0.007717	0.005343	0.006827	0.007717	0.012170	0.006233	0.010092	0.007717	0.013060	0.011576	0.013357	0.002968	0.002375	0.003265	0.006233	0.007124	0.010686	0.010092	0.011873	0.014248	0.038884	0.019294	0.040962	0.038884	0.056990	0.038290	0.040665	0.022559	0.003859	0.009498	0.009498	0.018106	0.010389	0.007421	0.005936	0.016919	0.035619	0.022559	0.036509	0.030870	0.018403	0.021965	0.015435	0.015435	0.003265	0.009202	0.006827	0.009795	0.002968	0.002968	0.002968	0.005046	0.033541	0.016028	0.029682	0.025230	0.026714	0.025824	0.020778	0.019887	0.002078	0.005640	0.010092	0.014841	
0.007421	0.010092	0.006233	0.008014	0.002375	0.009795	0.008905	0.004749	0.005046	0.014544	0.005640	0.002375	0.010982	0.017513	0.008311	0.007124	0.015732	0.030276	0.049273	0.024933	0.013060	0.013357	0.027011	0.010686	0.018997	0.048976	0.029979	0.019294	0.000297	0.035025	0.027605	0.039774	0.025824	0.029979	0.021668	0.037697	0.004452	0.048679	0.029682	0.014841	0.010092	0.045117	0.012763	0.022262	0.009498	0.026417	0.009202	0.015732	0.001187	0.002968	0.003265	0.004156	0.000297	0.012763	0.008311	0.006233	0.004156	0.016028	0.008014	0.004452	0.000297	0.025824	0.009498	0.014248	
0.010686	0.018997	0.011576	0.008905	0.008311	0.032354	0.026417	0.006233	0.013654	0.043633	0.015435	0.007717	0.008014	0.035025	0.024933	0.006827	0.002078	0.006233	0.010092	0.001781	0.015138	0.020184	0.041555	0.007717	0.013060	0.031167	0.022262	0.007421	0.002078	0.010092	0.018700	0.005640	0.006827	0.011576	0.010686	0.009202	0.016622	0.049570	0.043336	0.015138	0.011873	0.029979	0.008905	0.005640	0.004156	0.018403	0.019294	0.006530	0.004749	0.004156	0.008905	0.003265	0.012170	0.028198	0.052835	0.011576	0.009498	0.021075	0.015138	0.008905	0.002078	0.024340	0.038587	0.011873	
0.007717	0.004156	0.006233	0.006233	0.012763	0.009202	0.009795	0.009202	0.011279	0.013357	0.011873	0.004749	0.002968	0.003562	0.007124	0.009498	0.017216	0.007717	0.013357	0.013951	0.031167	0.021668	0.044227	0.033244	0.059958	0.037993	0.040368	0.025824	0.002968	0.008311	0.010389	0.018997	0.015732	0.005936	0.006233	0.020184	0.031760	0.028495	0.040665	0.024933	0.016325	0.017513	0.012763	0.015138	0.003859	0.005640	0.007717	0.012467	0.003265	0.002968	0.003265	0.006827	0.028198	0.010982	0.028792	0.019887	0.028495	0.026121	0.027901	0.018997	0.002375	0.006827	0.010686	0.010982	
0.014841	0.008905	0.011279	0.008905	0.001187	0.009795	0.007124	0.002671	0.002375	0.014544	0.007717	0.004452	0.010982	0.017216	0.011873	0.007124	0.013654	0.025824	0.041852	0.022559	0.015138	0.016028	0.024933	0.014248	0.016325	0.056693	0.032354	0.018106	0.000297	0.030870	0.021965	0.034135	0.028495	0.032354	0.018106	0.037103	0.004156	0.040071	0.034432	0.016325	0.010686	0.050163	0.011576	0.020481	0.010092	0.026714	0.009498	0.018403	0.001187	0.002968	0.003265	0.004749	0.000297	0.010982	0.006530	0.006530	0.006827	0.016919	0.007717	0.004452	0.000297	0.028198	0.010982	0.012467	
0.013654	0.018403	0.016325	0.009795	0.009202	0.028495	0.028198	0.004156	0.012467	0.038884	0.018106	0.005046	0.007717	0.033838	0.024043	0.007717	0.004452	0.003562	0.009498	0.003265	0.014544	0.018700	0.035619	0.008014	0.007124	0.033541	0.023449	0.008905	0.001187	0.013060	0.019887	0.005640	0.011576	0.008608	0.010389	0.005640	0.016919	0.055506	0.048085	0.017809	0.009795	0.029979	0.010092	0.009498	0.005046	0.018997	0.015138	0.008311	0.002078	0.002968	0.013060	0.003562	0.011576	0.033838	0.048976	0.008608	0.006827	0.029386	0.012467	0.005640	0.002968	0.024340	0.034728	0.010092	
0.008311	0.005640	0.007717	0.010092	0.009498	0.006233	0.008311	0.009498	0.017513	0.013951	0.013060	0.004749	0.001781	0.003859	0.005046	0.011576	0.018700	0.008905	0.008608	0.016028	0.037400	0.018106	0.044227	0.036806	0.056990	0.035916	0.042149	0.025824	0.001781	0.007717	0.010982	0.018106	0.008014	0.005343	0.006530	0.016325	0.033541	0.027011	0.040962	0.030276	0.016028	0.023746	0.009498	0.014841	0.001484	0.005343	0.010686	0.011576	0.003859	0.003859	0.002671	0.006530	0.023746	0.014544	0.029682	0.022262	0.029682	0.026121	0.022855	0.015138	0.003562	0.003859	0.009795	0.014544	
0.008311	0.009795	0.010686	0.010092	0.002671	0.010092	0.007421	0.003562	0.002968	0.010982	0.007717	0.003859	0.008014	0.021965	0.010092	0.008905	0.013654	0.027308	0.044524	0.018700	0.017809	0.013654	0.023746	0.010686	0.018997	0.054912	0.026714	0.022559	0.000297	0.032947	0.025230	0.040368	0.027011	0.031760	0.024340	0.037103	0.006233	0.039478	0.036509	0.017513	0.011873	0.046305	0.010982	0.018403	0.008311	0.029386	0.008014	0.014841	0.000890	0.001781	0.002375	0.003562	0.000297	0.008311	0.007421	0.004749	0.005640	0.018106	0.005936	0.006827	0.000297	0.028198	0.010389	0.016919	
0.008014	0.015732	0.017216	0.008905	0.010092	0.029682	0.027011	0.003859	0.012170	0.039181	0.021371	0.009202	0.007421	0.032354	0.023449	0.006233	0.003859	0.007124	0.012170	0.003859	0.013060	0.019590	0.032354	0.006530	0.011576	0.034135	0.022855	0.006530	0.001781	0.008905	0.017513	0.008311	0.009202	0.012170	0.011576	0.006530	0.016622	0.054319	0.046898	0.012467	0.010389	0.026714	0.008608	0.005640	0.005046	0.023746	0.015732	0.007124	0.001484	0.002078	0.010686	0.002671	0.011873	0.031463	0.060255	0.008905	0.008608	0.022262	0.013951	0.008905	0.002671	0.025824	0.040368	0.012170	
0.005046	0.003562	0.004156	0.009795	0.009498	0.008311	0.010982	0.008311	0.012170	0.014544	0.017216	0.007717	0.003265	0.002968	0.007421	0.008311	0.015138	0.008608	0.013357	0.014544	0.032651	0.013951	0.049570	0.038884	0.052538	0.037697	0.054912	0.021371	0.002375	0.003859	0.009202	0.016325	0.011576	0.008014	0.005343	0.017809	0.035025	0.024043	0.033541	0.029682	0.022262	0.018700	0.012763	0.013060	0.002968	0.004156	0.008608	0.014544	0.002671	0.004452	0.002671	0.007124	0.027011	0.011279	0.026417	0.026121	0.028792	0.029682	0.021075	0.017513	0.002375	0.006233	0.009202	0.016028	
0.009795	0.008905	0.008905	0.006827	0.001484	0.010092	0.009202	0.003859	0.003859	0.012763	0.005640	0.003265	0.011279	0.018106	0.010389	0.009498	0.008311	0.031167	0.042149	0.022559	0.015435	0.011279	0.021668	0.009202	0.017216	0.046898	0.033838	0.022559	0.000297	0.035025	0.027308	0.040368	0.023746	0.031167	0.017809	0.043039	0.005936	0.040071	0.040962	0.013654	0.014248	0.057287	0.013654	0.020778	0.009202	0.029979	0.007421	0.013060	0.001187	0.002968	0.002671	0.004156	0.000297	0.008608	0.004452	0.003859	0.005046	0.014841	0.007717	0.006827	0.000297	0.031760	0.007717	0.015435	
0.008311	0.015732	0.013951	0.005046	0.010982	0.030573	0.026714	0.005936	0.008608	0.038290	0.018106	0.006530	0.004452	0.034135	0.031760	0.006233	0.003562	0.005936	0.010092	0.003562	0.009498	0.014544	0.040665	0.005343	0.008311	0.032057	0.029089	0.006827	0.001781	0.010389	0.013951	0.004452	0.012763	0.011279	0.009498	0.006827	0.019294	0.053428	0.049570	0.009498	0.012763	0.026714	0.012170	0.009202	0.005343	0.021668	0.017809	0.008608	0.003562	0.004452	0.011279	0.001781	0.010092	0.035025	0.059958	0.009795	0.005640	0.026417	0.016028	0.004749	0.003265	0.028792	0.036806	0.009498	
0.010982	0.004749	0.004452	0.008014	0.015435	0.008014	0.006233	0.007717	0.012170	0.013357	0.012467	0.006827	0.001781	0.002968	0.005936	0.006530	0.015435	0.006530	0.009795	0.018106	0.034135	0.014248	0.042149	0.043039	0.060255	0.044227	0.049570	0.022855	0.003265	0.005936	0.006530	0.014841	0.008311	0.004156	0.002968	0.019887	0.035025	0.021965	0.042446	0.024043	0.022855	0.021371	0.011873	0.019294	0.002375	0.005640	0.008311	0.010982	0.003265	0.002968	0.001187	0.007421	0.029089	0.013357	0.028792	0.023746	0.029979	0.027308	0.025230	0.017809	0.002375	0.005640	0.009202	0.011576	
0.008905	0.007124	0.012170	0.009795	0.001781	0.008608	0.005640	0.002375	0.002078	0.009498	0.003859	0.002968	0.009202	0.022262	0.012170	0.009795	0.012763	0.028792	0.050163	0.021965	0.011873	0.014248	0.020481	0.010982	0.015732	0.054319	0.032651	0.016919	0.000297	0.029682	0.027308	0.041259	0.026417	0.031463	0.027901	0.039478	0.005343	0.047789	0.039181	0.013951	0.010389	0.053428	0.015732	0.019590	0.009498	0.033244	0.010389	0.013654	0.001484	0.002968	0.002078	0.003265	0.000297	0.008905	0.006827	0.004156	0.004452	0.013357	0.007124	0.005046	0.000297	0.024340	0.009498	0.009795	
0.010982	0.016325	0.015138	0.007124	0.010686	0.032651	0.024043	0.002968	0.013951	0.045711	0.024340	0.008311	0.006233	0.027605	0.032057	0.008608	0.002375	0.002671	0.009795	0.004452	0.012467	0.017513	0.043336	0.006233	0.011576	0.032651	0.020184	0.007717	0.002078	0.007717	0.015732	0.005936	0.009498	0.009498	0.009795	0.003859	0.021075	0.050163	0.046601	0.012763	0.010092	0.031167	0.010092	0.008014	0.003859	0.020778	0.013060	0.006827	0.005046	0.002671	0.008905	0.002671	0.010092	0.029979	0.061146	0.008311	0.011873	0.024933	0.019294	0.003265	0.001484	0.027011	0.036806	0.009202	
0.006233	0.005046	0.006530	0.010092	0.008608	0.006530	0.008905	0.007124	0.011873	0.011576	0.012467	0.007717	0.001781	0.003265	0.004452	0.008608	0.014544	0.006827	0.005936	0.027011	0.034135	0.017809	0.042446	0.035916	0.062036	0.038587	0.042446	0.032057	0.002078	0.004156	0.010982	0.013060	0.013357	0.009202	0.007124	0.017809	0.037400	0.028792	0.041852	0.026417	0.019294	0.025527	0.010092	0.018997	0.002671	0.004156	0.009498	0.010982	0.002968	0.001187	0.001187	0.008311	0.023746	0.012170	0.024636	0.022559	0.029089	0.026417	0.024636	0.017513	0.002968	0.005936	0.007717	0.013951	
0.007717	0.008608	0.012170	0.008608	0.002375	0.008905	0.008311	0.002671	0.002375	0.011576	0.003265	0.003562	0.013654	0.029089	0.011873	0.008608	0.012763	0.029386	0.044820	0.016919	0.018700	0.009498	0.025527	0.011576	0.021075	0.047492	0.029386	0.019887	0.000297	0.036509	0.020778	0.034432	0.027308	0.029089	0.023152	0.042743	0.006233	0.046601	0.037697	0.011576	0.009498	0.048976	0.009498	0.021668	0.010686	0.040665	0.009498	0.015435	0.000890	0.003562	0.002078	0.002968	0.000297	0.007421	0.006233	0.003562	0.005936	0.018403	0.003562	0.004749	0.000297	0.030870	0.006233	0.009202	
0.009202	0.015138	0.018106	0.006233	0.009202	0.030276	0.027308	0.003859	0.011279	0.042446	0.023746	0.004749	0.003562	0.034432	0.026714	0.006530	0.003265	0.007421	0.013060	0.003859	0.011576	0.014248	0.041852	0.004749	0.010686	0.037697	0.020778	0.008608	0.001187	0.008608	0.015732	0.003859	0.010092	0.011873	0.010389	0.006530	0.020184	0.050757	0.041259	0.014248	0.011279	0.019294	0.009795	0.005343	0.004452	0.021371	0.019294	0.004749	0.004749	0.002968	0.013951	0.003265	0.017216	0.035322	0.073316	0.011279	0.006530	0.022559	0.013951	0.005343	0.002078	0.022262	0.035916	0.007421	
0.007421	0.004749	0.006233	0.008905	0.010686	0.005936	0.013357	0.007421	0.016325	0.012467	0.019590	0.007124	0.001484	0.002968	0.006827	0.008608	0.017216	0.010686	0.007421	0.022855	0.038884	0.015138	0.042149	0.034432	0.060849	0.044820	0.048976	0.029089	0.003562	0.004452	0.010092	0.016028	0.011279	0.005343	0.004452	0.018700	0.031760	0.025527	0.043336	0.021371	0.017809	0.024933	0.008608	0.016919	0.003562	0.005640	0.005640	0.009202	0.002968	0.002375	0.001484	0.004452	0.023746	0.011279	0.026714	0.024933	0.028495	0.022262	0.027605	0.019294	0.001484	0.004452	0.005046	0.011576	
0.008905	0.008311	0.011873	0.009795	0.002078	0.009795	0.008905	0.002375	0.002375	0.008608	0.005046	0.003562	0.010982	0.020778	0.011279	0.011873	0.012170	0.023746	0.046601	0.022559	0.015138	0.010686	0.024340	0.007717	0.018700	0.054022	0.032651	0.020184	0.000297	0.032354	0.022262	0.033244	0.029089	0.030573	0.022262	0.041555	0.007421	0.043930	0.037103	0.016028	0.012467	0.059365	0.013951	0.018997	0.010982	0.033244	0.010686	0.017513	0.000297	0.004156	0.001187	0.004452	0.000297	0.008905	0.005343	0.002968	0.003562	0.012170	0.006530	0.005343	0.000297	0.025527	0.007717	0.011873	
0.013357	0.018106	0.013654	0.005343	0.011576	0.022262	0.027605	0.005343	0.012170	0.040368	0.022262	0.007124	0.006530	0.037697	0.028198	0.005936	0.003859	0.004749	0.012763	0.003562	0.010092	0.019294	0.038884	0.005046	0.009202	0.037993	0.020778	0.007717	0.001484	0.007421	0.014544	0.005640	0.007124	0.010092	0.012763	0.007124	0.021668	0.053725	0.049866	0.008905	0.010686	0.028198	0.010686	0.008608	0.003859	0.020184	0.019590	0.004452	0.002078	0.003265	0.015732	0.001484	0.010092	0.029979	0.065301	0.006530	0.007124	0.022855	0.015435	0.006530	0.001187	0.023746	0.040665	0.008905	
0.005046	0.006233	0.005343	0.009795	0.012763	0.004749	0.009498	0.009202	0.014841	0.018106	0.014841	0.007124	0.002375	0.003265	0.004452	0.007421	0.016325	0.008014	0.011873	0.017216	0.035322	0.016028	0.045414	0.028495	0.058178	0.045414	0.046601	0.031463	0.000890	0.003562	0.008014	0.013357	0.012170	0.003562	0.006233	0.017216	0.040665	0.024636	0.037993	0.026121	0.017513	0.024340	0.010982	0.016325	0.002671	0.005640	0.009795	0.011873	0.001484	0.002375	0.002968	0.006233	0.028792	0.011279	0.024043	0.024933	0.029979	0.028495	0.022855	0.021668	0.002375	0.002968	0.008905	0.010686	
0.010686	0.005046	0.010092	0.009202	0.001781	0.008311	0.007421	0.002671	0.003265	0.014248	0.005343	0.003562	0.010686	0.022855	0.009202	0.007717	0.012170	0.023746	0.054912	0.026714	0.016919	0.009795	0.020184	0.009795	0.020184	0.047195	0.031167	0.018403	0.000297	0.032354	0.022262	0.033838	0.028495	0.027011	0.024340	0.040665	0.008014	0.046008	0.038587	0.023746	0.009202	0.048976	0.011873	0.025230	0.010982	0.037103	0.012170	0.016325	0.001187	0.002968	0.002375	0.001781	0.000297	0.008014	0.004749	0.002375	0.004156	0.017216	0.004156	0.005640	0.000297	0.026121	0.006233	0.010686	
0.010092	0.014544	0.021371	0.006530	0.009202	0.021668	0.022559	0.005343	0.011873	0.049273	0.021075	0.009498	0.002968	0.035025	0.032947	0.007421	0.003859	0.005343	0.013060	0.004749	0.010092	0.015138	0.038884	0.008014	0.008014	0.029089	0.026417	0.007421	0.002078	0.010092	0.020778	0.005640	0.009795	0.010982	0.010686	0.005343	0.019590	0.048085	0.047195	0.012763	0.012467	0.026417	0.010092	0.003562	0.005343	0.021075	0.019294	0.007124	0.003265	0.003562	0.012170	0.003265	0.013060	0.027901	0.069457	0.008014	0.004452	0.022559	0.018997	0.003859	0.002375	0.023746	0.035916	0.006530	
0.005343	0.006233	0.006233	0.009202	0.011576	0.007124	0.010686	0.005046	0.013060	0.016028	0.019590	0.008608	0.002375	0.003265	0.003562	0.010686	0.014248	0.005343	0.010389	0.021965	0.027901	0.012170	0.040962	0.031760	0.060255	0.044820	0.050163	0.022855	0.001781	0.005936	0.005640	0.020778	0.008014	0.005936	0.003859	0.018997	0.043039	0.019590	0.036213	0.028495	0.023449	0.022855	0.013357	0.016919	0.001781	0.004749	0.006530	0.011279	0.003265	0.001484	0.002375	0.005640	0.026417	0.009202	0.024636	0.029682	0.037400	0.025824	0.024933	0.020778	0.002375	0.005343	0.009498	0.009498	
0.008014	0.006827	0.011279	0.004749	0.001781	0.008014	0.006827	0.002375	0.001781	0.013357	0.004452	0.003265	0.013357	0.021965	0.011576	0.008905	0.013951	0.028495	0.050757	0.015732	0.015138	0.008608	0.017513	0.006827	0.017809	0.050163	0.029979	0.014544	0.000297	0.038290	0.019294	0.037103	0.033838	0.027605	0.028495	0.044227	0.007421	0.049866	0.036806	0.015435	0.011576	0.058178	0.012170	0.026121	0.010982	0.035025	0.008014	0.015138	0.001781	0.002375	0.000890	0.003265	0.000297	0.007421	0.006233	0.005343	0.003859	0.012467	0.004452	0.004452	0.000297	0.031760	0.008608	0.011576	
0.009202	0.021965	0.018700	0.007717	0.011279	0.024043	0.025230	0.004749	0.013654	0.050460	0.021965	0.005343	0.004156	0.028198	0.030573	0.005046	0.003265	0.003265	0.015138	0.002968	0.011576	0.017513	0.038290	0.006530	0.008014	0.034135	0.020184	0.005046	0.000890	0.008014	0.016622	0.004452	0.008014	0.009498	0.010389	0.007124	0.018403	0.049866	0.052538	0.013357	0.012467	0.024933	0.009795	0.003859	0.002968	0.021668	0.018403	0.005343	0.002671	0.002375	0.017216	0.002671	0.013951	0.034432	0.072425	0.006233	0.006530	0.021965	0.015732	0.003265	0.000890	0.024636	0.038884	0.008311	
0.005343	0.004452	0.003859	0.009498	0.013060	0.005640	0.011279	0.007124	0.017809	0.016325	0.019294	0.008014	0.000890	0.002671	0.008014	0.008905	0.014248	0.008905	0.008608	0.023449	0.036806	0.014841	0.042149	0.032057	0.060849	0.044820	0.051054	0.031760	0.002968	0.004749	0.009795	0.013357	0.011873	0.004156	0.006233	0.018403	0.038884	0.022855	0.044820	0.024933	0.020184	0.018997	0.009795	0.018700	0.001484	0.003265	0.004452	0.008311	0.001484	0.002671	0.002078	0.002671	0.025527	0.008014	0.025527	0.023449	0.030276	0.029682	0.024933	0.019590	0.001187	0.004452	0.007421	0.010092	
0.006233	0.004749	0.013060	0.008905	0.001781	0.010686	0.005343	0.002375	0.003562	0.008905	0.004749	0.003562	0.011279	0.024340	0.008311	0.010092	0.013357	0.026121	0.052241	0.022559	0.016622	0.009795	0.019294	0.005640	0.018700	0.054022	0.029979	0.021075	0.000297	0.033838	0.021668	0.031760	0.031167	0.033244	0.025527	0.039181	0.008608	0.048976	0.041555	0.010686	0.009795	0.059068	0.012467	0.023746	0.010982	0.038884	0.009202	0.018997	0.000594	0.001781	0.001781	0.002375	0.000297	0.005640	0.005936	0.003265	0.005936	0.013654	0.005936	0.004156	0.000297	0.023152	0.007717	0.009498	
0.012170	0.013654	0.020184	0.005343	0.008905	0.027308	0.025230	0.004452	0.012170	0.049866	0.025824	0.004749	0.005046	0.031463	0.029682	0.006827	0.003859	0.005343	0.012170	0.005936	0.014248	0.012763	0.042149	0.005936	0.008905	0.032057	0.023152	0.008014	0.000890	0.005343	0.010982	0.004749	0.009795	0.010092	0.011576	0.006530	0.023449	0.055506	0.047789	0.008905	0.011873	0.024340	0.008905	0.008014	0.004156	0.020778	0.020481	0.007124	0.003265	0.001781	0.013654	0.004156	0.010686	0.031167	0.070644	0.007717	0.005343	0.023152	0.015138	0.003265	0.002078	0.025230	0.033244	0.009795	
0.007717	0.004749	0.006233	0.010389	0.012763	0.003859	0.008905	0.005343	0.015435	0.015435	0.016622	0.010092	0.002671	0.003859	0.004452	0.010982	0.013951	0.009498	0.007421	0.026417	0.038290	0.010389	0.043633	0.034432	0.063224	0.040368	0.056397	0.025824	0.002671	0.002078	0.007124	0.015138	0.010982	0.006827	0.005046	0.015435	0.040368	0.022262	0.039774	0.027011	0.022855	0.023746	0.009498	0.016919	0.001187	0.005640	0.007421	0.009795	0.002375	0.002078	0.001781	0.005936	0.018997	0.009795	0.031463	0.022559	0.028198	0.028495	0.022262	0.015435	0.002968	0.006233	0.006530	0.012763	
0.007421	0.008014	0.011873	0.007717	0.001187	0.009795	0.009202	0.002968	0.001484	0.011279	0.005046	0.002671	0.010389	0.026714	0.011873	0.009202	0.011279	0.027605	0.046305	0.025230	0.012467	0.010686	0.017216	0.005936	0.021668	0.051647	0.034432	0.016028	0.000297	0.033541	0.022855	0.032651	0.028495	0.039478	0.023152	0.038587	0.006827	0.051351	0.033838	0.016028	0.010982	0.062630	0.009202	0.021965	0.010686	0.032354	0.008311	0.016919	0.000890	0.002375	0.002671	0.003562	0.000297	0.008311	0.005343	0.003859	0.005046	0.010092	0.005343	0.005046	0.000297	0.029089	0.010389	0.008905	
0.010982	0.011873	0.018700	0.006530	0.013654	0.026714	0.033541	0.003562	0.007421	0.047195	0.021075	0.008311	0.005046	0.029682	0.034135	0.006233	0.003562	0.003562	0.011279	0.002375	0.012467	0.014841	0.045414	0.007421	0.009202	0.029979	0.020481	0.005936	0.002078	0.008608	0.013060	0.005046	0.012763	0.011279	0.010982	0.004156	0.020778	0.049570	0.050460	0.014841	0.009498	0.028198	0.010686	0.005640	0.004452	0.015732	0.019590	0.005936	0.002078	0.002968	0.013951	0.002671	0.013060	0.033838	0.067973	0.006827	0.007421	0.025527	0.016325	0.004156	0.000890	0.020778	0.040665	0.005343	
0.009498	0.006233	0.004452	0.009202	0.008608	0.005640	0.008014	0.007421	0.018700	0.013654	0.014841	0.007717	0.000890	0.002375	0.005640	0.006827	0.015732	0.009795	0.008905	0.025527	0.029386	0.013060	0.048085	0.034432	0.067676	0.043633	0.051351	0.034728	0.003265	0.002968	0.007717	0.018700	0.011279	0.005936	0.003562	0.012763	0.035916	0.023449	0.043930	0.027605	0.019590	0.021965	0.010092	0.016919	0.002078	0.001781	0.006530	0.013654	0.003265	0.002375	0.001484	0.005343	0.020778	0.009202	0.020184	0.024636	0.033541	0.026121	0.024340	0.023449	0.002671	0.003562	0.006530	0.009795	
0.010686	0.008608	0.010982	0.009498	0.002078	0.013060	0.005343	0.003859	0.002671	0.007717	0.003859	0.004156	0.013654	0.018997	0.010389	0.009795	0.013357	0.027901	0.035322	0.018106	0.013951	0.011279	0.018106	0.008014	0.019294	0.048085	0.030276	0.022559	0.000297	0.035916	0.026714	0.031167	0.027901	0.038884	0.028495	0.044227	0.007124	0.051351	0.032354	0.014544	0.010686	0.051647	0.011576	0.026714	0.011873	0.039478	0.012763	0.018700	0.000297	0.002078	0.002671	0.003859	0.000297	0.005046	0.003562	0.001781	0.004452	0.013060	0.003859	0.005046	0.000297	0.029386	0.008608	0.010686	
0.009202	0.015732	0.020184	0.007124	0.011576	0.030276	0.031760	0.003859	0.012763	0.036509	0.021371	0.006827	0.005640	0.030573	0.033244	0.006233	0.002671	0.004156	0.013357	0.003265	0.012763	0.016028	0.044820	0.007124	0.006530	0.027901	0.018700	0.006233	0.001187	0.007421	0.015732	0.003859	0.006827	0.010982	0.014248	0.005046	0.017809	0.044820	0.048976	0.008905	0.007717	0.024043	0.010982	0.006827	0.004156	0.024636	0.022262	0.007421	0.001781	0.004452	0.016028	0.003859	0.011576	0.031760	0.070644	0.009795	0.005936	0.024933	0.022855	0.004749	0.003265	0.021668	0.040071	0.005343	
0.007124	0.002078	0.004452	0.006827	0.010982	0.007124	0.011873	0.005343	0.015138	0.018106	0.021668	0.008905	0.003265	0.003562	0.004749	0.007717	0.015138	0.009202	0.006233	0.023152	0.035916	0.010686	0.041852	0.034432	0.074800	0.042149	0.052835	0.026417	0.001187	0.005343	0.007717	0.015435	0.006233	0.004749	0.004749	0.017216	0.034432	0.022262	0.036509	0.020184	0.018106	0.027308	0.008905	0.019590	0.002671	0.004452	0.007421	0.010092	0.002968	0.003265	0.001781	0.006233	0.029089	0.008311	0.027308	0.019590	0.031760	0.030573	0.027308	0.021668	0.002078	0.005046	0.005046	0.010686	
0.007124	0.008014	0.009202	0.007124	0.001484	0.007421	0.007717	0.002671	0.000890	0.010092	0.003859	0.002375	0.016028	0.018106	0.009202	0.010092	0.010686	0.029979	0.049273	0.020481	0.013357	0.008905	0.018403	0.007717	0.020481	0.045414	0.030573	0.021075	0.000297	0.028198	0.023746	0.027308	0.030870	0.036806	0.030276	0.041852	0.009498	0.054022	0.039181	0.015435	0.009795	0.066192	0.008905	0.025824	0.010686	0.041259	0.009202	0.015435	0.001484	0.003562	0.002375	0.001781	0.000297	0.010092	0.004452	0.003562	0.002671	0.013060	0.004749	0.004452	0.000297	0.025824	0.008014	0.009795	
0.008608	0.017513	0.020184	0.003859	0.014248	0.027011	0.033244	0.003859	0.016028	0.046601	0.018997	0.009498	0.003265	0.030573	0.032947	0.004452	0.003859	0.004749	0.011873	0.004156	0.015138	0.012170	0.047492	0.005640	0.009795	0.029979	0.024636	0.005343	0.001187	0.007717	0.016325	0.004156	0.007421	0.011279	0.011279	0.003859	0.020184	0.048679	0.054022	0.011873	0.007421	0.027308	0.010092	0.003265	0.002968	0.024636	0.021371	0.004749	0.002078	0.003859	0.017809	0.003562	0.012170	0.028198	0.066785	0.006233	0.005936	0.022559	0.017216	0.004452	0.002671	0.020481	0.032057	0.007421	
0.006530	0.002968	0.003562	0.008905	0.013060	0.008014	0.009795	0.006530	0.015435	0.019887	0.017216	0.008608	0.003562	0.002671	0.003265	0.005936	0.012467	0.009498	0.011279	0.028495	0.030573	0.014248	0.038884	0.032354	0.066192	0.050460	0.054319	0.030573	0.003859	0.002968	0.006827	0.013951	0.009202	0.004749	0.004452	0.020778	0.036509	0.022855	0.037697	0.029386	0.016622	0.019887	0.013951	0.020481	0.001187	0.002671	0.008608	0.010092	0.002375	0.001781	0.002078	0.003859	0.025527	0.010686	0.027901	0.019294	0.029089	0.027605	0.027011	0.018997	0.002375	0.004452	0.006530	0.007421	
0.008014	0.004452	0.008311	0.009795	0.001187	0.006233	0.008014	0.003562	0.002671	0.012170	0.003265	0.003265	0.016028	0.021668	0.011576	0.012763	0.010982	0.025527	0.048679	0.020481	0.017809	0.011873	0.018997	0.007124	0.021075	0.045117	0.032057	0.016028	0.000297	0.032354	0.023746	0.031167	0.031760	0.035619	0.018106	0.041852	0.010982	0.053428	0.038290	0.015138	0.012763	0.057287	0.015138	0.027308	0.008905	0.042446	0.009498	0.017809	0.001484	0.002968	0.003562	0.002968	0.000297	0.006530	0.003859	0.002078	0.001781	0.013060	0.005936	0.004452	0.000297	0.025824	0.005640	0.005640	
0.011873	0.018403	0.015138	0.006827	0.009202	0.026714	0.028495	0.004156	0.011576	0.037103	0.021371	0.008608	0.006530	0.031760	0.032651	0.004156	0.004156	0.006530	0.015435	0.004156	0.012467	0.014841	0.040071	0.010686	0.008014	0.029682	0.025230	0.006233	0.000890	0.008311	0.014841	0.003859	0.009202	0.012467	0.011576	0.005046	0.018997	0.047195	0.051054	0.010389	0.010092	0.029979	0.012170	0.004156	0.002968	0.023449	0.020184	0.004452	0.004156	0.003562	0.016028	0.001781	0.010982	0.035916	0.067676	0.007717	0.007717	0.021371	0.015732	0.005640	0.002671	0.022559	0.035916	0.006233	
0.007717	0.005343	0.007124	0.009202	0.012763	0.006530	0.013357	0.008311	0.019294	0.014544	0.015435	0.008905	0.002968	0.000890	0.005640	0.008311	0.016325	0.006233	0.010982	0.018106	0.034432	0.012467	0.040368	0.037400	0.067082	0.042743	0.047789	0.029682	0.004749	0.002968	0.009795	0.015435	0.011576	0.005343	0.005046	0.015435	0.033838	0.018997	0.041259	0.024043	0.019590	0.029979	0.008014	0.016919	0.001484	0.005343	0.007421	0.010389	0.002375	0.002671	0.002671	0.005343	0.029089	0.009202	0.026714	0.021075	0.029386	0.026714	0.029386	0.018106	0.001187	0.003562	0.005936	0.008014	
0.011279	0.008608	0.011576	0.006530	0.001484	0.009202	0.006530	0.002375	0.002671	0.015138	0.003859	0.004156	0.007421	0.021668	0.010982	0.008014	0.013357	0.026417	0.049570	0.020778	0.012170	0.008905	0.018403	0.007717	0.022262	0.041555	0.035619	0.022262	0.000297	0.039478	0.022559	0.028495	0.029089	0.032651	0.026714	0.046898	0.010092	0.056100	0.032651	0.015138	0.009795	0.059068	0.011873	0.019887	0.007124	0.040665	0.010092	0.015732	0.000297	0.002968	0.002078	0.005046	0.000297	0.008014	0.002375	0.002078	0.003562	0.013654	0.006827	0.004749	0.000297	0.024933	0.006530	0.010389	
0.014248	0.015435	0.019294	0.005046	0.010092	0.029979	0.026714	0.003859	0.012763	0.045117	0.026417	0.005640	0.006233	0.030870	0.036806	0.005343	0.003562	0.003562	0.013357	0.003562	0.012467	0.015732	0.045711	0.008311	0.007124	0.025230	0.022559	0.005046	0.001187	0.006827	0.014841	0.004452	0.007717	0.012467	0.010389	0.007717	0.017809	0.048085	0.051944	0.011576	0.010982	0.034432	0.008608	0.004156	0.002671	0.018700	0.024043	0.005640	0.002078	0.001781	0.009498	0.001781	0.013654	0.030870	0.074800	0.007421	0.005640	0.021668	0.018997	0.003859	0.002671	0.020481	0.032947	0.006530	
0.004156	0.006530	0.007421	0.009498	0.013357	0.005640	0.008905	0.005343	0.013357	0.016622	0.016028	0.006530	0.001484	0.003562	0.005343	0.007717	0.013951	0.008311	0.007717	0.024043	0.033541	0.015138	0.040368	0.035619	0.068566	0.046305	0.053428	0.030870	0.004749	0.003562	0.007421	0.015435	0.010092	0.006233	0.004452	0.015732	0.038587	0.022855	0.040962	0.024043	0.019887	0.027901	0.010092	0.018700	0.001781	0.003265	0.003562	0.010092	0.001484	0.003562	0.003265	0.004452	0.018700	0.011279	0.027605	0.019294	0.033541	0.028198	0.024636	0.022262	0.002375	0.005046	0.005046	0.009498	
0.005640	0.007124	0.010092	0.006827	0.001781	0.009795	0.010389	0.002671	0.002671	0.011279	0.005936	0.002968	0.011279	0.022855	0.008311	0.011279	0.010982	0.022559	0.044524	0.026121	0.015732	0.010982	0.021075	0.007124	0.022262	0.038884	0.030573	0.026121	0.000297	0.032947	0.019294	0.031760	0.030276	0.033244	0.025824	0.046008	0.008014	0.054022	0.038884	0.018106	0.010389	0.049866	0.012467	0.031463	0.011576	0.041259	0.008608	0.016919	0.001187	0.002671	0.002968	0.003562	0.000297	0.005343	0.006233	0.003562	0.002671	0.008905	0.004749	0.005046	0.000297	0.027011	0.006827	0.008608	
