>NC_004129
0.000340	0.000340	0.000340	0.000340	0.000340	0.000340	0.000340	0.000340	0.000340	0.000340	0.000340	0.000340	0.000340	0.000340	0.000340	0.000340	0.000340	0.000340	0.000340	0.000340	0.000340	0.000340	0.000340	0.000340	0.000340	0.000340	0.000340	0.000340	0.127594	0.000340	0.000340	0.000340	0.000340	0.000340	0.000340	0.000340	0.000340	0.000340	0.000340	0.000340	0.000340	0.000340	0.000340	0.000340	0.000340	0.000340	0.000340	0.000340	0.000340	0.000340	0.000340	0.000340	0.653283	0.000340	0.000340	0.000340	0.000340	0.000340	0.000340	0.000340	0.220143	0.000340	0.000340	0.000340	
0.000340	0.000340	0.000340	0.000340	0.000340	0.000340	0.000340	0.000340	0.000340	0.000340	0.000340	0.000340	0.000340	0.000340	0.000340	0.000340	0.103437	0.057843	0.391970	0.101055	0.000340	0.000340	0.000340	0.000340	0.000340	0.000340	0.000340	0.000340	0.000340	0.000340	0.000340	0.000340	0.000340	0.000340	0.000340	0.000340	0.000340	0.000340	0.000340	0.000340	0.000340	0.000340	0.000340	0.000340	0.000340	0.000340	0.000340	0.000340	0.048316	0.137462	0.102756	0.059884	0.000340	0.000340	0.000340	0.000340	0.000340	0.000340	0.000340	0.000340	0.000340	0.000340	0.000340	0.000340	
0.033685	0.035386	0.046274	0.037087	0.059544	0.027901	0.032664	0.075876	0.105138	0.140524	0.148690	0.101055	0.013270	0.021096	0.057162	0.070092	0.000340	0.000340	0.000340	0.000340	0.000340	0.000340	0.000340	0.000340	0.000340	0.000340	0.000340	0.000340	0.000340	0.000340	0.000340	0.000340	0.000340	0.000340	0.000340	0.000340	0.000340	0.000340	0.000340	0.000340	0.000340	0.000340	0.000340	0.000340	0.000340	0.000340	0.000340	0.000340	0.000340	0.000340	0.000340	0.000340	0.000340	0.000340	0.000340	0.000340	0.000340	0.000340	0.000340	0.000340	0.000340	0.000340	0.000340	0.000340	
0.005784	0.007826	0.014291	0.006805	0.001361	0.011569	0.015992	0.007486	0.003062	0.022457	0.018714	0.003062	0.004764	0.015311	0.011909	0.006125	0.011569	0.005784	0.035726	0.007486	0.012930	0.006805	0.006125	0.003062	0.006805	0.014971	0.010208	0.001701	0.000340	0.023818	0.023477	0.029262	0.037087	0.021096	0.027901	0.020075	0.009187	0.047635	0.066009	0.018714	0.019394	0.091868	0.027901	0.010548	0.010548	0.036407	0.028241	0.026880	0.003062	0.004083	0.005444	0.001701	0.000340	0.007826	0.011909	0.002042	0.007486	0.022457	0.024158	0.004083	0.000340	0.019735	0.031643	0.019394	
0.006805	0.025179	0.023137	0.002382	0.006125	0.019054	0.009187	0.004423	0.008506	0.034706	0.033004	0.007145	0.005784	0.016332	0.009527	0.004423	0.002382	0.007145	0.012249	0.002042	0.008166	0.028241	0.026199	0.011228	0.019394	0.037428	0.034025	0.009187	0.001701	0.009527	0.013610	0.006465	0.010208	0.010208	0.010888	0.005444	0.022797	0.060225	0.049337	0.019394	0.011909	0.034706	0.025859	0.008506	0.003743	0.006125	0.007145	0.002382	0.004764	0.003403	0.006805	0.001021	0.017013	0.025179	0.039809	0.013270	0.015311	0.035726	0.032324	0.011909	0.007145	0.025179	0.041851	0.007486	
0.004764	0.007826	0.006125	0.005444	0.012930	0.006125	0.012249	0.014631	0.007486	0.019735	0.014631	0.011228	0.000681	0.002042	0.003062	0.005104	0.008166	0.011228	0.014631	0.020075	0.034025	0.015311	0.034706	0.048656	0.029602	0.035386	0.034706	0.024838	0.002042	0.005784	0.010548	0.029942	0.010548	0.015311	0.013270	0.015992	0.043892	0.026880	0.030963	0.040830	0.018714	0.042872	0.037768	0.025859	0.001361	0.005104	0.008166	0.022116	0.002382	0.008166	0.002382	0.005444	0.020415	0.008847	0.013610	0.014291	0.021776	0.022457	0.017013	0.010888	0.001701	0.004423	0.006465	0.008166	
0.005104	0.009527	0.004423	0.006805	0.003403	0.014291	0.018374	0.006465	0.001701	0.022797	0.006805	0.005104	0.006805	0.018714	0.013270	0.008166	0.015311	0.027901	0.055461	0.012589	0.009527	0.020075	0.018374	0.009187	0.014631	0.039809	0.029602	0.007486	0.000340	0.027220	0.043892	0.046955	0.017693	0.017013	0.015652	0.027220	0.008166	0.040830	0.044573	0.026880	0.010548	0.055121	0.015652	0.022797	0.008166	0.023477	0.017353	0.023818	0.001361	0.001701	0.001701	0.001021	0.000340	0.008847	0.005444	0.002722	0.004083	0.017013	0.003743	0.003403	0.000340	0.024838	0.017693	0.022457	
0.007145	0.013610	0.015652	0.003062	0.007145	0.022797	0.019735	0.006465	0.007826	0.029942	0.031303	0.008166	0.004083	0.016332	0.020075	0.007145	0.003743	0.004764	0.010548	0.002382	0.008506	0.024838	0.036067	0.014631	0.009187	0.031643	0.036067	0.009867	0.001361	0.012930	0.025859	0.005104	0.007486	0.010208	0.009527	0.003743	0.018033	0.058864	0.041170	0.016672	0.004764	0.022116	0.017693	0.011228	0.003403	0.012589	0.014631	0.008166	0.004764	0.001361	0.007826	0.001701	0.012589	0.028921	0.039469	0.013270	0.015311	0.033685	0.033345	0.009867	0.005444	0.027901	0.057162	0.010888	
0.004764	0.007826	0.006125	0.004423	0.010888	0.005784	0.005784	0.007486	0.010548	0.012249	0.013610	0.007145	0.001021	0.001361	0.001701	0.006805	0.009527	0.010888	0.012930	0.012930	0.046614	0.015311	0.033685	0.039809	0.034706	0.039469	0.042872	0.019394	0.003743	0.008166	0.013950	0.025179	0.008847	0.007486	0.012249	0.008506	0.040830	0.018033	0.024838	0.033685	0.020415	0.039469	0.035046	0.023477	0.007145	0.002382	0.009187	0.020415	0.003743	0.003062	0.002722	0.004764	0.024498	0.008506	0.014291	0.022457	0.028921	0.029262	0.037428	0.022116	0.001701	0.003743	0.007145	0.018714	
0.005444	0.006805	0.005444	0.009187	0.002382	0.008847	0.012589	0.005444	0.002722	0.017693	0.009527	0.004083	0.005784	0.011569	0.008166	0.005104	0.017013	0.030963	0.062947	0.011909	0.017013	0.013270	0.010888	0.006465	0.011569	0.031643	0.027560	0.007826	0.000340	0.038448	0.030963	0.033685	0.030282	0.021096	0.019394	0.023818	0.006805	0.038789	0.043212	0.031643	0.014631	0.060905	0.025859	0.027560	0.018374	0.022457	0.015652	0.015652	0.001701	0.007486	0.003062	0.001361	0.000340	0.008506	0.003743	0.003062	0.003062	0.016672	0.008506	0.003743	0.000340	0.031643	0.019054	0.020075	
0.010208	0.018374	0.019054	0.006805	0.006805	0.031303	0.022797	0.005444	0.008506	0.031303	0.038789	0.012249	0.005444	0.015311	0.021436	0.004083	0.003403	0.004764	0.015652	0.002722	0.005444	0.028241	0.025859	0.009867	0.012249	0.027901	0.022797	0.007486	0.003743	0.012249	0.026880	0.003743	0.007826	0.010208	0.008847	0.005104	0.018033	0.051038	0.039129	0.018714	0.010888	0.035726	0.014291	0.010548	0.002722	0.018374	0.014291	0.007826	0.003403	0.004764	0.015311	0.001361	0.012930	0.037428	0.040150	0.013610	0.008506	0.032664	0.025179	0.007486	0.002722	0.023818	0.038448	0.009527	
0.004764	0.007826	0.006465	0.005784	0.010548	0.006125	0.008166	0.013270	0.012589	0.019394	0.011909	0.014971	0.002042	0.002722	0.004423	0.006805	0.009187	0.009867	0.012930	0.011228	0.042872	0.022116	0.035046	0.047976	0.029602	0.035726	0.039129	0.023477	0.002382	0.014971	0.008847	0.021436	0.009187	0.008847	0.007145	0.014971	0.040830	0.019735	0.031303	0.035726	0.013610	0.034025	0.031643	0.021776	0.005444	0.006805	0.009527	0.015992	0.003743	0.004423	0.001701	0.004764	0.025859	0.012249	0.010548	0.021096	0.025519	0.028241	0.031303	0.015992	0.002042	0.003062	0.005104	0.014971	
0.006125	0.008166	0.005784	0.006805	0.002722	0.009187	0.013610	0.005444	0.003062	0.010548	0.009187	0.005444	0.006465	0.014631	0.010548	0.005104	0.018374	0.025519	0.061245	0.014971	0.013270	0.016672	0.022457	0.007826	0.007826	0.035386	0.032664	0.009187	0.000340	0.045594	0.039129	0.033004	0.024498	0.018033	0.014631	0.024158	0.010208	0.035046	0.042872	0.029262	0.011569	0.055461	0.018033	0.028921	0.017353	0.025179	0.015992	0.017693	0.001701	0.004764	0.003062	0.002382	0.000340	0.018374	0.007145	0.001701	0.004083	0.013950	0.005444	0.004423	0.000340	0.025859	0.013950	0.019054	
0.006465	0.020755	0.019054	0.004423	0.005784	0.021776	0.021776	0.007145	0.006805	0.029262	0.039809	0.008847	0.003403	0.020075	0.018714	0.006125	0.004764	0.004083	0.015992	0.001701	0.013950	0.024498	0.028921	0.011909	0.009867	0.037087	0.029942	0.009187	0.001361	0.012930	0.024838	0.005104	0.008166	0.008506	0.007145	0.002722	0.017693	0.048656	0.034365	0.014631	0.006465	0.031643	0.018374	0.008847	0.006805	0.018033	0.015992	0.007145	0.004083	0.004423	0.014291	0.001701	0.015652	0.044913	0.042191	0.008506	0.010888	0.033004	0.028241	0.007486	0.005104	0.019394	0.043552	0.006805	
0.007145	0.007145	0.003743	0.005444	0.012589	0.006125	0.007145	0.011909	0.008506	0.019735	0.015992	0.012249	0.001361	0.001021	0.003403	0.004764	0.011228	0.012249	0.015311	0.014291	0.054781	0.015992	0.028581	0.040490	0.030282	0.035046	0.039129	0.022797	0.004083	0.004083	0.010208	0.023818	0.008506	0.007486	0.007486	0.010548	0.045594	0.018714	0.029262	0.037428	0.017013	0.036067	0.035046	0.028241	0.004423	0.002042	0.009867	0.018033	0.002042	0.004083	0.003403	0.007145	0.027220	0.012589	0.011909	0.018714	0.030623	0.026880	0.025179	0.020415	0.002042	0.005104	0.005784	0.012249	
0.006805	0.008166	0.004764	0.009187	0.002382	0.012930	0.010888	0.004764	0.002382	0.013270	0.008506	0.005784	0.007486	0.014971	0.008847	0.006125	0.018374	0.031643	0.072474	0.017693	0.019735	0.010888	0.018033	0.004764	0.013950	0.033004	0.022457	0.007486	0.000340	0.032324	0.044573	0.031303	0.021436	0.024498	0.013950	0.026540	0.008847	0.038789	0.046274	0.023818	0.008847	0.057843	0.018033	0.030623	0.018033	0.029602	0.017353	0.018714	0.002382	0.003743	0.002722	0.003062	0.000340	0.006465	0.003743	0.001701	0.002382	0.014971	0.008506	0.003403	0.000340	0.031303	0.011569	0.015652	
0.008166	0.019735	0.017013	0.004083	0.006805	0.032664	0.020755	0.007826	0.008506	0.034365	0.041851	0.009187	0.004083	0.021436	0.025519	0.005444	0.005784	0.005784	0.017693	0.002042	0.009527	0.022797	0.025519	0.011228	0.010548	0.034706	0.024158	0.009527	0.001361	0.012589	0.017353	0.003743	0.007826	0.007486	0.008166	0.004083	0.017013	0.048656	0.036747	0.016672	0.008506	0.022457	0.018374	0.008166	0.007145	0.018714	0.015311	0.006125	0.005104	0.005104	0.013610	0.002382	0.015992	0.035726	0.045253	0.011228	0.012249	0.035726	0.022797	0.011569	0.004423	0.019735	0.040830	0.006805	
0.005784	0.008506	0.005104	0.007486	0.014291	0.006465	0.006125	0.011228	0.010208	0.016672	0.019735	0.009867	0.003743	0.001021	0.002042	0.005784	0.011569	0.009867	0.015311	0.012589	0.046274	0.018033	0.034025	0.041511	0.030623	0.037428	0.037428	0.022797	0.004083	0.004423	0.011569	0.026880	0.009867	0.009187	0.006805	0.013950	0.046955	0.018374	0.027220	0.034706	0.017353	0.034025	0.032664	0.023137	0.005444	0.004083	0.008847	0.020075	0.005104	0.004764	0.003062	0.004083	0.025859	0.010888	0.013950	0.021776	0.032664	0.023477	0.025859	0.017013	0.001361	0.003403	0.005784	0.011569	
0.007826	0.006465	0.007145	0.010888	0.003062	0.007826	0.016672	0.004764	0.005104	0.010548	0.007826	0.006805	0.006805	0.015992	0.007826	0.007486	0.019394	0.026540	0.071793	0.015652	0.018033	0.010888	0.021096	0.003743	0.012930	0.030963	0.030282	0.007145	0.000340	0.029942	0.044233	0.034706	0.019394	0.026880	0.017353	0.027220	0.007145	0.036747	0.038448	0.029262	0.010208	0.058183	0.019054	0.028241	0.014971	0.027220	0.013270	0.017353	0.002722	0.007145	0.002722	0.002042	0.000340	0.006125	0.004764	0.001701	0.002722	0.015311	0.005444	0.004764	0.000340	0.027901	0.019394	0.016672	
0.008506	0.020415	0.014291	0.006125	0.009527	0.031303	0.019394	0.006805	0.010208	0.038789	0.039809	0.010208	0.004764	0.023477	0.024158	0.003403	0.003062	0.009187	0.013950	0.002382	0.006125	0.018374	0.029262	0.007826	0.010208	0.035726	0.022797	0.012249	0.001021	0.011569	0.023137	0.003743	0.007826	0.009867	0.008847	0.004423	0.014291	0.050357	0.038448	0.011909	0.009527	0.030282	0.016332	0.006465	0.004764	0.018374	0.018374	0.005444	0.003743	0.003743	0.012930	0.002042	0.014291	0.033345	0.044233	0.009187	0.010208	0.031984	0.029942	0.012589	0.003062	0.027220	0.042531	0.003403	
0.003743	0.006125	0.004764	0.008506	0.017353	0.004083	0.008506	0.013270	0.009187	0.012930	0.016672	0.011228	0.001701	0.000340	0.004083	0.008847	0.008506	0.012930	0.012589	0.010208	0.054100	0.013610	0.029942	0.035726	0.035046	0.031984	0.043212	0.021096	0.003403	0.004083	0.007145	0.021096	0.012249	0.008847	0.008506	0.010548	0.049677	0.021776	0.030623	0.034706	0.018033	0.033685	0.031643	0.025519	0.005784	0.002722	0.008506	0.024498	0.002042	0.003403	0.003743	0.004423	0.039809	0.009187	0.009187	0.022457	0.030623	0.031303	0.026880	0.019394	0.002042	0.002382	0.002722	0.008847	
0.010548	0.004423	0.006805	0.004764	0.003743	0.010208	0.013610	0.003743	0.002382	0.017013	0.005104	0.005104	0.008166	0.013270	0.006465	0.005784	0.018714	0.031643	0.091528	0.019054	0.016332	0.013270	0.015311	0.003743	0.010208	0.031303	0.027901	0.008847	0.000340	0.026540	0.047976	0.031303	0.029602	0.021096	0.017013	0.025179	0.008166	0.038448	0.038789	0.024498	0.009867	0.058183	0.017013	0.033345	0.019394	0.026540	0.015652	0.015652	0.002382	0.006125	0.003062	0.001361	0.000340	0.004423	0.003743	0.001021	0.003403	0.012249	0.004764	0.002042	0.000340	0.027560	0.018714	0.016672	
0.009187	0.024838	0.021776	0.005444	0.009187	0.031984	0.017013	0.005104	0.012930	0.041511	0.051718	0.012249	0.003743	0.024838	0.016332	0.005444	0.002722	0.005784	0.017353	0.002722	0.009867	0.015992	0.030282	0.010208	0.008847	0.029942	0.025179	0.007486	0.001361	0.008506	0.018714	0.004423	0.006805	0.008847	0.007486	0.002722	0.014631	0.052059	0.034365	0.017693	0.009867	0.026199	0.010548	0.008166	0.004764	0.014291	0.023477	0.006805	0.003743	0.007486	0.014631	0.002382	0.011228	0.030623	0.043212	0.008847	0.010548	0.037428	0.030963	0.009867	0.003743	0.019735	0.039469	0.006465	
0.004423	0.008506	0.003743	0.005784	0.018374	0.007486	0.008166	0.012930	0.013610	0.019394	0.018374	0.009867	0.002382	0.001701	0.002382	0.006805	0.012589	0.009867	0.010208	0.012249	0.050357	0.016672	0.031303	0.032324	0.036067	0.026880	0.041851	0.020075	0.004083	0.002042	0.012249	0.023477	0.011228	0.011228	0.006805	0.012930	0.048996	0.028241	0.025859	0.031984	0.020075	0.039129	0.029942	0.029262	0.005444	0.003743	0.009867	0.018714	0.002722	0.004423	0.003743	0.002722	0.025519	0.008847	0.013270	0.019735	0.027220	0.023818	0.027220	0.019735	0.001701	0.003403	0.005104	0.012930	
0.007145	0.008166	0.005784	0.009867	0.002042	0.012589	0.014631	0.004764	0.001701	0.009867	0.007145	0.005784	0.008166	0.012589	0.006465	0.006465	0.019735	0.028921	0.078598	0.015992	0.022457	0.014971	0.020415	0.003403	0.012930	0.030963	0.026880	0.007826	0.000340	0.031303	0.041851	0.023477	0.026880	0.021436	0.018374	0.030282	0.006125	0.046274	0.035046	0.021776	0.011228	0.057843	0.021436	0.026880	0.017013	0.027220	0.016332	0.018374	0.001361	0.007826	0.001361	0.003062	0.000340	0.004083	0.004764	0.001701	0.003062	0.018033	0.006125	0.002382	0.000340	0.030282	0.013610	0.017693	
0.007145	0.023818	0.020075	0.004083	0.007826	0.027901	0.022116	0.008506	0.008166	0.041511	0.045253	0.009187	0.004083	0.023137	0.026540	0.005444	0.003403	0.008506	0.016672	0.002382	0.011569	0.022116	0.036067	0.008166	0.008166	0.030282	0.026199	0.010208	0.000681	0.006465	0.020755	0.003743	0.007145	0.008506	0.009187	0.004083	0.017013	0.052739	0.036067	0.010888	0.008847	0.025179	0.017013	0.010548	0.007145	0.014971	0.017693	0.003062	0.003743	0.004423	0.015311	0.002382	0.010888	0.030623	0.049677	0.010208	0.009867	0.039129	0.020755	0.008506	0.002722	0.017013	0.040830	0.005444	
0.004083	0.005104	0.004764	0.007486	0.020075	0.007145	0.005784	0.012249	0.016672	0.013950	0.019394	0.011228	0.002042	0.001021	0.001701	0.008166	0.011909	0.009527	0.012930	0.012930	0.051038	0.018714	0.027560	0.036067	0.037087	0.035386	0.037428	0.034025	0.002722	0.004423	0.008166	0.022457	0.009527	0.008506	0.003403	0.013610	0.053079	0.022797	0.025179	0.035046	0.013610	0.034025	0.034365	0.027220	0.004083	0.003403	0.007826	0.023137	0.004764	0.003062	0.002042	0.004764	0.031643	0.006465	0.008506	0.014971	0.030623	0.026199	0.028581	0.020415	0.002382	0.001701	0.002382	0.011228	
0.010548	0.004764	0.007826	0.007145	0.001701	0.007486	0.010888	0.006125	0.002382	0.009187	0.007486	0.004083	0.007486	0.015652	0.009187	0.006465	0.017693	0.036407	0.085403	0.016332	0.018714	0.015652	0.017353	0.003403	0.007826	0.032324	0.020755	0.006125	0.000340	0.027560	0.041511	0.028921	0.026199	0.022457	0.019394	0.029942	0.008506	0.040830	0.035046	0.025179	0.010548	0.064988	0.016672	0.027560	0.023137	0.031643	0.015652	0.022457	0.002042	0.004764	0.003062	0.001361	0.000340	0.003062	0.005444	0.001701	0.002382	0.009867	0.004423	0.003403	0.000340	0.036747	0.014291	0.013610	
0.007486	0.020755	0.021436	0.006805	0.009867	0.030623	0.020755	0.007145	0.008166	0.045934	0.049677	0.011909	0.005444	0.025179	0.020415	0.003743	0.002382	0.006125	0.017013	0.003743	0.008506	0.023137	0.028581	0.006805	0.008847	0.030623	0.020755	0.008506	0.002382	0.009867	0.020415	0.003743	0.004764	0.006465	0.007145	0.004764	0.018033	0.046955	0.040830	0.010548	0.007145	0.023477	0.012930	0.005784	0.003062	0.014291	0.017693	0.006125	0.004083	0.008166	0.016672	0.002382	0.011569	0.034365	0.055461	0.010208	0.009867	0.034365	0.027560	0.008847	0.002722	0.021776	0.044573	0.002382	
0.003743	0.007826	0.003062	0.004083	0.016332	0.005104	0.006805	0.013270	0.012249	0.018033	0.020075	0.011909	0.003062	0.001361	0.003062	0.010208	0.012249	0.014971	0.008847	0.011909	0.055801	0.015652	0.030623	0.033004	0.039809	0.039469	0.039469	0.026880	0.003062	0.003403	0.006805	0.021436	0.011569	0.005784	0.007486	0.009187	0.055801	0.019054	0.026540	0.033004	0.017693	0.034365	0.029942	0.028921	0.003743	0.002382	0.007145	0.021776	0.001701	0.003403	0.003403	0.005104	0.028241	0.007826	0.013950	0.021096	0.031984	0.026199	0.028241	0.016672	0.001701	0.003062	0.004764	0.006465	
0.007486	0.005444	0.005444	0.010888	0.003062	0.011909	0.010888	0.006125	0.003062	0.010208	0.004423	0.005104	0.004764	0.013270	0.007486	0.004764	0.015992	0.033685	0.091187	0.015311	0.016332	0.012249	0.017013	0.002042	0.011228	0.034365	0.026199	0.006125	0.000340	0.026540	0.044573	0.028921	0.024158	0.025859	0.021096	0.030623	0.010888	0.040490	0.040150	0.026540	0.008506	0.065328	0.016332	0.027560	0.019735	0.034025	0.012249	0.018374	0.002042	0.005784	0.002042	0.001701	0.000340	0.004423	0.002382	0.003062	0.002382	0.010888	0.005784	0.002722	0.000340	0.031643	0.017013	0.010888	
0.007145	0.017693	0.018714	0.006125	0.009867	0.037087	0.015992	0.007826	0.009187	0.043552	0.050357	0.016672	0.004423	0.023818	0.027220	0.003062	0.002722	0.006805	0.019394	0.001701	0.007145	0.024498	0.030963	0.006465	0.009527	0.026540	0.025859	0.008506	0.001021	0.007826	0.022457	0.006465	0.005104	0.007145	0.009527	0.003403	0.019054	0.053420	0.036407	0.011909	0.005444	0.023477	0.015652	0.008166	0.005444	0.013950	0.017013	0.005104	0.002382	0.005104	0.014971	0.002722	0.015311	0.030963	0.050357	0.008847	0.009187	0.035386	0.029602	0.007145	0.002722	0.015652	0.038789	0.005784	
0.003403	0.005784	0.004083	0.004083	0.015311	0.006125	0.006465	0.008847	0.013950	0.019394	0.019054	0.010208	0.003062	0.001701	0.002722	0.006465	0.009527	0.011909	0.009527	0.020415	0.057503	0.018714	0.034365	0.035386	0.036407	0.033685	0.035046	0.028581	0.004423	0.003403	0.006465	0.020755	0.007826	0.004764	0.008166	0.012589	0.049677	0.020755	0.027901	0.030623	0.013270	0.038789	0.037087	0.032324	0.007145	0.005784	0.009867	0.017693	0.001361	0.003743	0.004083	0.004423	0.026540	0.006805	0.010548	0.017353	0.030282	0.030623	0.023818	0.020755	0.001701	0.001701	0.002382	0.014631	
0.008166	0.005104	0.003743	0.005104	0.001361	0.010548	0.010888	0.003403	0.002042	0.011909	0.007145	0.004764	0.010208	0.018033	0.007145	0.006125	0.018033	0.033345	0.080980	0.016672	0.016672	0.014291	0.019054	0.002382	0.013270	0.032664	0.024838	0.008506	0.000340	0.024498	0.039129	0.028241	0.024838	0.022116	0.012589	0.034365	0.006465	0.041511	0.049337	0.025179	0.009187	0.057843	0.017013	0.030963	0.014631	0.036067	0.019735	0.021436	0.001361	0.009187	0.004083	0.001701	0.000340	0.003403	0.007145	0.001701	0.002722	0.011569	0.005784	0.001361	0.000340	0.031303	0.014971	0.012930	
0.007145	0.020415	0.020415	0.004423	0.010208	0.030623	0.022457	0.006465	0.009867	0.038789	0.042872	0.009867	0.005444	0.023477	0.025859	0.003062	0.002382	0.004764	0.013950	0.003743	0.010208	0.015992	0.036067	0.007486	0.007486	0.038789	0.029602	0.010548	0.001701	0.007145	0.020415	0.003403	0.006465	0.008506	0.008847	0.003403	0.015652	0.052059	0.034025	0.012249	0.007486	0.022457	0.015992	0.008847	0.004764	0.012930	0.022457	0.005444	0.003743	0.006465	0.013610	0.001701	0.013270	0.041170	0.049677	0.005784	0.007486	0.035726	0.031643	0.006125	0.005104	0.018033	0.039129	0.006465	
0.002382	0.007145	0.005784	0.004423	0.019394	0.004764	0.005444	0.010548	0.010888	0.014971	0.021776	0.009187	0.001701	0.000340	0.003403	0.007826	0.011909	0.012249	0.008166	0.017013	0.056142	0.015652	0.036067	0.031984	0.035386	0.041170	0.039469	0.026199	0.002722	0.005104	0.008506	0.015652	0.009187	0.004423	0.006465	0.012249	0.050017	0.020415	0.030623	0.034706	0.014971	0.043212	0.036407	0.025519	0.004083	0.003743	0.007145	0.020415	0.003743	0.006465	0.001361	0.005444	0.023137	0.010548	0.010548	0.017353	0.028241	0.032324	0.029262	0.018033	0.002382	0.001701	0.004083	0.010208	
0.008166	0.004764	0.005784	0.008506	0.002722	0.009867	0.013950	0.003743	0.002042	0.010208	0.005104	0.004423	0.010208	0.017013	0.005104	0.006805	0.015311	0.033345	0.082001	0.018033	0.013270	0.015992	0.018374	0.003743	0.010208	0.038108	0.028241	0.006125	0.000340	0.024838	0.044573	0.024838	0.025859	0.021096	0.015311	0.027220	0.010208	0.050017	0.045594	0.025859	0.010548	0.073154	0.013950	0.029262	0.014971	0.029942	0.017013	0.017013	0.001021	0.005784	0.002382	0.001701	0.000340	0.005104	0.004423	0.001021	0.001701	0.012249	0.007145	0.002042	0.000340	0.031643	0.014291	0.007826	
0.009187	0.017693	0.017693	0.005784	0.006805	0.029602	0.020755	0.007826	0.006805	0.039129	0.048316	0.011228	0.002722	0.024838	0.023477	0.004423	0.002722	0.006805	0.013270	0.003743	0.011909	0.022797	0.041170	0.005104	0.013950	0.030963	0.027560	0.009867	0.001021	0.009187	0.020755	0.003403	0.004764	0.007486	0.008506	0.003743	0.019054	0.057162	0.041851	0.015652	0.006125	0.026880	0.013950	0.007486	0.004764	0.015992	0.018374	0.002722	0.003403	0.005104	0.014971	0.002382	0.014971	0.031643	0.048996	0.007826	0.009187	0.033685	0.028921	0.009187	0.002042	0.011909	0.037768	0.004764	
0.003403	0.004083	0.005104	0.007486	0.014291	0.005104	0.005104	0.012589	0.010548	0.015652	0.016672	0.011569	0.001701	0.001021	0.004083	0.008847	0.012589	0.014631	0.009187	0.016332	0.056482	0.014971	0.035726	0.034025	0.035726	0.040150	0.050017	0.026880	0.004083	0.004764	0.007145	0.020415	0.009187	0.007145	0.009187	0.010548	0.052399	0.020755	0.024158	0.033345	0.018374	0.036407	0.035726	0.028241	0.006125	0.001021	0.010888	0.019735	0.002722	0.004083	0.001361	0.002382	0.028581	0.007826	0.010208	0.015311	0.027220	0.025859	0.028581	0.018714	0.001701	0.001021	0.002722	0.009867	
0.009187	0.004764	0.005104	0.008847	0.002382	0.011228	0.010548	0.005784	0.001701	0.011228	0.005784	0.006125	0.006465	0.018033	0.008166	0.004083	0.015652	0.030623	0.088806	0.016672	0.016332	0.014291	0.015992	0.002042	0.009867	0.033685	0.023137	0.008506	0.000340	0.031643	0.035726	0.027560	0.025859	0.020075	0.015311	0.030623	0.006125	0.048996	0.038448	0.024498	0.008847	0.073835	0.021096	0.027220	0.015311	0.036747	0.015311	0.018033	0.001701	0.008506	0.002042	0.001361	0.000340	0.002382	0.004083	0.001021	0.001701	0.014631	0.006465	0.002042	0.000340	0.029942	0.015652	0.012930	
0.007826	0.019394	0.018033	0.007145	0.007826	0.032324	0.020075	0.003743	0.008166	0.043552	0.048996	0.010548	0.003403	0.024498	0.023137	0.006465	0.003062	0.005104	0.014971	0.002042	0.008166	0.022457	0.037768	0.008506	0.007486	0.031643	0.025519	0.004423	0.001701	0.008506	0.019394	0.003743	0.005104	0.005784	0.008506	0.002722	0.018374	0.052059	0.049677	0.013270	0.007486	0.025519	0.018374	0.005104	0.003743	0.013950	0.020075	0.006125	0.002722	0.005104	0.012930	0.001701	0.015652	0.039129	0.052399	0.009187	0.007486	0.030623	0.030282	0.006465	0.003062	0.018714	0.034706	0.006125	
0.003403	0.008166	0.004764	0.002382	0.015652	0.002382	0.004083	0.013270	0.009867	0.014631	0.016332	0.013610	0.001361	0.002042	0.003403	0.006805	0.011228	0.014291	0.007145	0.017353	0.059204	0.021776	0.035386	0.029602	0.041511	0.043892	0.043892	0.030623	0.002382	0.001701	0.009527	0.021096	0.008506	0.006805	0.004423	0.010888	0.040830	0.025179	0.027901	0.037428	0.015311	0.047295	0.034365	0.026199	0.004083	0.001701	0.005444	0.015311	0.001021	0.003062	0.002042	0.005784	0.031303	0.006805	0.008506	0.019054	0.027901	0.025859	0.023818	0.019735	0.002042	0.001701	0.002382	0.016332	
0.007486	0.003743	0.004423	0.008506	0.002382	0.014291	0.010548	0.005104	0.002042	0.007826	0.004764	0.003743	0.005784	0.016332	0.005784	0.008506	0.012589	0.036067	0.077918	0.020415	0.018033	0.018714	0.014971	0.004423	0.008166	0.028241	0.031643	0.007826	0.000340	0.034365	0.039469	0.025179	0.031303	0.018033	0.014971	0.030282	0.009187	0.050017	0.041170	0.031303	0.011228	0.062606	0.012930	0.031643	0.019394	0.039469	0.013950	0.017353	0.001021	0.004083	0.002722	0.002042	0.000340	0.002382	0.002722	0.001701	0.002042	0.012249	0.004083	0.002382	0.000340	0.036067	0.012249	0.010888	
0.005784	0.020415	0.021436	0.004764	0.008166	0.031643	0.015652	0.006465	0.006125	0.042531	0.041851	0.009527	0.003403	0.024158	0.027901	0.005784	0.002382	0.009187	0.014631	0.003743	0.009187	0.019394	0.044913	0.011909	0.006125	0.028241	0.028241	0.006805	0.002382	0.011228	0.026199	0.002722	0.003743	0.007826	0.008847	0.003062	0.016672	0.053420	0.029942	0.010888	0.007486	0.019394	0.021436	0.005104	0.005444	0.015311	0.021436	0.003403	0.003743	0.004083	0.016332	0.001701	0.015311	0.043212	0.058523	0.009187	0.008166	0.032664	0.023818	0.006805	0.002722	0.016332	0.037087	0.005784	
0.004083	0.003743	0.002382	0.005444	0.018033	0.003743	0.008166	0.011569	0.014291	0.016672	0.015992	0.014291	0.002042	0.001361	0.002382	0.007486	0.008847	0.013610	0.008166	0.018714	0.058864	0.018374	0.033345	0.037087	0.036067	0.040150	0.045934	0.026880	0.002722	0.003743	0.009187	0.022797	0.007826	0.002382	0.005104	0.012589	0.050017	0.019735	0.024838	0.028241	0.014291	0.037428	0.035726	0.027901	0.004764	0.002042	0.005444	0.015992	0.003062	0.002382	0.002382	0.006125	0.027560	0.008847	0.010208	0.020415	0.029942	0.025519	0.032664	0.024498	0.001021	0.003403	0.003403	0.009867	
0.007826	0.003403	0.004423	0.008166	0.001701	0.009187	0.006465	0.004764	0.001361	0.006805	0.005104	0.004764	0.007486	0.021096	0.008166	0.006125	0.015652	0.039809	0.077918	0.021096	0.015652	0.013950	0.018374	0.002722	0.012930	0.032324	0.025859	0.005444	0.000340	0.028921	0.039469	0.028581	0.028241	0.019394	0.010888	0.036067	0.009187	0.042531	0.042531	0.025519	0.011909	0.063627	0.019735	0.035046	0.020415	0.034365	0.015311	0.023477	0.000681	0.006465	0.002382	0.001021	0.000340	0.005784	0.003403	0.001021	0.002042	0.011909	0.005784	0.000681	0.000340	0.031643	0.013610	0.010548	
0.006805	0.024838	0.015992	0.004764	0.007145	0.034025	0.021776	0.006125	0.006805	0.039809	0.040490	0.008506	0.006805	0.026880	0.029262	0.003403	0.002722	0.005444	0.017693	0.001021	0.010888	0.023818	0.030282	0.006465	0.009527	0.027560	0.023477	0.010208	0.001701	0.009527	0.019394	0.003403	0.005784	0.008847	0.010548	0.003062	0.017353	0.047635	0.037768	0.011909	0.008506	0.027901	0.017353	0.002722	0.005444	0.015652	0.020075	0.004764	0.004764	0.006125	0.017013	0.000681	0.015652	0.039469	0.052399	0.008506	0.008166	0.032324	0.031984	0.004083	0.003062	0.017013	0.043552	0.005104	
0.003743	0.006125	0.005444	0.004764	0.018714	0.004764	0.006805	0.014971	0.015992	0.017353	0.018374	0.009527	0.001701	0.001021	0.002382	0.004423	0.007486	0.014291	0.008847	0.020415	0.054781	0.020075	0.034025	0.036067	0.036067	0.035386	0.046614	0.024158	0.001701	0.001701	0.007145	0.022457	0.008166	0.003743	0.007145	0.013950	0.053079	0.014631	0.024498	0.035386	0.017013	0.039809	0.030623	0.025859	0.004423	0.003062	0.004083	0.013950	0.004083	0.003743	0.004423	0.004764	0.031643	0.005784	0.013270	0.018374	0.027901	0.032664	0.028241	0.023477	0.000681	0.001361	0.003062	0.011569	
0.008166	0.006125	0.002722	0.006465	0.001701	0.012249	0.010208	0.003743	0.001701	0.011909	0.008166	0.004083	0.009867	0.021096	0.004764	0.008166	0.018033	0.036747	0.081320	0.022116	0.013610	0.013270	0.017013	0.001361	0.014631	0.030282	0.026880	0.006805	0.000340	0.027560	0.042872	0.034025	0.023137	0.019735	0.015311	0.038789	0.008847	0.051038	0.042191	0.023137	0.010888	0.063287	0.013270	0.036407	0.022457	0.027220	0.013610	0.019735	0.001361	0.004423	0.001361	0.001361	0.000340	0.003403	0.002722	0.000681	0.003062	0.007826	0.003403	0.002382	0.000340	0.031303	0.010888	0.009867	
0.005104	0.019054	0.021776	0.004764	0.008166	0.033685	0.019054	0.006125	0.009867	0.038789	0.041170	0.010888	0.005104	0.030282	0.027901	0.005444	0.003062	0.006125	0.012249	0.003062	0.012930	0.027560	0.034365	0.005104	0.007826	0.030963	0.026540	0.006805	0.001021	0.008166	0.018033	0.001701	0.007486	0.011569	0.009527	0.001701	0.020075	0.048656	0.035046	0.009527	0.005104	0.022457	0.018033	0.006125	0.003403	0.015652	0.025519	0.005104	0.003403	0.009867	0.017013	0.002722	0.015652	0.034365	0.048656	0.008506	0.010888	0.030282	0.026540	0.004423	0.004083	0.017353	0.046614	0.003743	
0.004764	0.006465	0.003062	0.004764	0.021436	0.004764	0.008847	0.011569	0.011228	0.017693	0.019054	0.012589	0.002382	0.000681	0.002722	0.006465	0.013270	0.016672	0.007486	0.019394	0.057162	0.017013	0.037087	0.033004	0.034706	0.036407	0.038789	0.027220	0.001021	0.002042	0.007486	0.018714	0.005784	0.007145	0.005444	0.015311	0.047635	0.020415	0.025859	0.028581	0.016672	0.032664	0.033004	0.029942	0.003062	0.002722	0.006465	0.015992	0.003743	0.003743	0.001701	0.004423	0.030963	0.008166	0.011909	0.020415	0.033685	0.028581	0.030963	0.024838	0.001021	0.002722	0.005784	0.006465	
0.009867	0.006805	0.004423	0.006465	0.002042	0.012249	0.015652	0.004083	0.001701	0.009527	0.004423	0.002042	0.007145	0.022457	0.007826	0.006465	0.013950	0.035726	0.086424	0.021096	0.015992	0.014631	0.017693	0.002042	0.013610	0.033685	0.029602	0.006805	0.000340	0.029262	0.035386	0.028581	0.029262	0.020755	0.015652	0.030623	0.010208	0.043892	0.036747	0.024498	0.009867	0.066009	0.014291	0.031643	0.016672	0.039129	0.013610	0.025179	0.002042	0.002722	0.001361	0.001361	0.000340	0.003743	0.003743	0.000340	0.002042	0.013270	0.003403	0.003743	0.000340	0.027560	0.009527	0.010208	
0.009527	0.019735	0.023137	0.002722	0.007826	0.033345	0.018374	0.006465	0.006125	0.039469	0.051038	0.011228	0.005784	0.026199	0.023477	0.004083	0.002042	0.006805	0.017013	0.002722	0.009527	0.025859	0.034365	0.004764	0.010208	0.032664	0.022797	0.008166	0.002042	0.007486	0.017693	0.003743	0.005444	0.008166	0.011909	0.001701	0.016672	0.054440	0.039129	0.012249	0.005104	0.023477	0.016672	0.006465	0.002722	0.015652	0.022116	0.003743	0.003062	0.005104	0.014631	0.001701	0.016672	0.035386	0.055121	0.011228	0.008166	0.029262	0.022116	0.006805	0.005104	0.018033	0.042191	0.005104	
0.002382	0.006465	0.005444	0.005784	0.015311	0.004423	0.006465	0.013610	0.014291	0.019394	0.021436	0.011569	0.001701	0.001361	0.001361	0.004423	0.012930	0.012249	0.009187	0.016332	0.059544	0.019054	0.039809	0.030623	0.041851	0.035046	0.042872	0.027220	0.002382	0.004083	0.007486	0.020755	0.008506	0.006465	0.004083	0.010548	0.058864	0.016332	0.020755	0.028921	0.018714	0.034706	0.027560	0.031643	0.004423	0.002722	0.006465	0.019054	0.002382	0.005784	0.000681	0.006805	0.030282	0.007826	0.010548	0.018714	0.026540	0.027220	0.029262	0.022457	0.001361	0.001361	0.002382	0.011569	
0.009527	0.005104	0.005444	0.006125	0.002722	0.012589	0.008847	0.006805	0.002042	0.010208	0.003743	0.003403	0.006805	0.017353	0.007486	0.007826	0.015992	0.038448	0.086764	0.022797	0.014631	0.013610	0.017353	0.002042	0.013950	0.031984	0.026880	0.004764	0.000340	0.027560	0.038789	0.025179	0.034706	0.017693	0.017353	0.031643	0.007145	0.048316	0.038108	0.022797	0.008506	0.067370	0.012930	0.032324	0.022797	0.034365	0.012249	0.023477	0.001021	0.005784	0.002382	0.000681	0.000340	0.004764	0.003743	0.000681	0.001701	0.009867	0.004423	0.001701	0.000340	0.031643	0.011228	0.012589	
0.008166	0.022116	0.025179	0.005784	0.008506	0.034706	0.017693	0.006125	0.007145	0.042191	0.053079	0.009527	0.005444	0.022457	0.027220	0.006125	0.002382	0.005444	0.014971	0.002042	0.012249	0.024158	0.036747	0.006125	0.009187	0.029602	0.021436	0.007826	0.001361	0.007145	0.020075	0.003743	0.005784	0.008166	0.007826	0.004423	0.015652	0.053079	0.041511	0.009187	0.003403	0.022797	0.014291	0.007486	0.002722	0.017353	0.016332	0.005784	0.002382	0.007486	0.017013	0.003403	0.014291	0.029602	0.057162	0.009867	0.005784	0.028581	0.030282	0.005104	0.003743	0.018374	0.043892	0.003062	
0.005444	0.006465	0.002042	0.004764	0.021096	0.003743	0.005104	0.013270	0.013950	0.015992	0.021776	0.013270	0.000681	0.001701	0.004083	0.009187	0.009867	0.010548	0.011569	0.018714	0.058864	0.014971	0.027220	0.040490	0.040150	0.039469	0.046614	0.026880	0.003062	0.002382	0.007486	0.018374	0.006805	0.004764	0.003743	0.010208	0.048656	0.018374	0.024838	0.031303	0.022457	0.034706	0.032324	0.029602	0.003403	0.001021	0.008506	0.017013	0.003743	0.003403	0.002042	0.004083	0.028921	0.006465	0.011228	0.018714	0.033685	0.027901	0.025179	0.020755	0.001701	0.000681	0.003743	0.012589	
0.008166	0.005444	0.004083	0.008166	0.001701	0.009187	0.009867	0.004423	0.001701	0.009187	0.004423	0.004083	0.004083	0.016672	0.009867	0.007145	0.012930	0.036747	0.087785	0.020075	0.015311	0.011569	0.014631	0.002042	0.010888	0.026199	0.026540	0.004764	0.000340	0.027220	0.045253	0.030963	0.034025	0.021436	0.017013	0.037768	0.012249	0.041170	0.033685	0.030963	0.011909	0.069411	0.012930	0.031643	0.019054	0.033685	0.018374	0.019394	0.000681	0.004764	0.001361	0.002042	0.000340	0.002722	0.002382	0.000340	0.003062	0.013950	0.006125	0.000681	0.000340	0.029602	0.015992	0.011228	
0.009527	0.020075	0.021776	0.004423	0.008506	0.030623	0.022797	0.006465	0.010548	0.046614	0.043892	0.009187	0.004423	0.027560	0.029942	0.006125	0.002042	0.007145	0.017013	0.003403	0.007486	0.025179	0.026880	0.005104	0.009187	0.020755	0.025179	0.005444	0.001701	0.008847	0.024838	0.002382	0.008166	0.009527	0.008166	0.001701	0.017353	0.053760	0.038448	0.009187	0.006805	0.025519	0.013270	0.004423	0.005104	0.016332	0.017013	0.002722	0.002382	0.004764	0.015992	0.000681	0.008847	0.034706	0.056142	0.007486	0.008847	0.039129	0.031643	0.009867	0.002722	0.019054	0.042872	0.004083	
0.003403	0.006805	0.004764	0.007145	0.017693	0.003743	0.006805	0.013270	0.012589	0.013950	0.018714	0.017693	0.002382	0.001361	0.001701	0.004764	0.010208	0.010888	0.008166	0.012930	0.057503	0.017353	0.027901	0.041511	0.043892	0.035046	0.038789	0.026540	0.002042	0.001701	0.004423	0.020075	0.012249	0.006465	0.006465	0.010208	0.051038	0.016332	0.025859	0.038789	0.017013	0.039129	0.031643	0.026199	0.004764	0.003062	0.004764	0.016332	0.002382	0.002722	0.003062	0.005784	0.033345	0.005104	0.012589	0.020755	0.031984	0.036067	0.028921	0.017693	0.001021	0.002722	0.003743	0.007826	
0.008847	0.007486	0.002722	0.009187	0.002042	0.012249	0.007826	0.004764	0.001701	0.012589	0.004423	0.003743	0.007486	0.013950	0.006465	0.008166	0.016332	0.038448	0.084723	0.020075	0.010208	0.017693	0.012589	0.002042	0.011228	0.031984	0.025859	0.004083	0.000340	0.036747	0.048316	0.028921	0.029262	0.022797	0.014971	0.038448	0.008166	0.048656	0.040490	0.026880	0.010208	0.062266	0.015652	0.029942	0.018033	0.029942	0.019394	0.020755	0.001021	0.006125	0.001361	0.001701	0.000340	0.004764	0.002722	0.001021	0.003743	0.005444	0.004423	0.001021	0.000340	0.031303	0.011228	0.006125	
