>NC_002755
0.000474	0.000474	0.000474	0.000474	0.000474	0.000474	0.000474	0.000474	0.000474	0.000474	0.000474	0.000474	0.000474	0.000474	0.000474	0.000474	0.000474	0.000474	0.000474	0.000474	0.000474	0.000474	0.000474	0.000474	0.000474	0.000474	0.000474	0.000474	0.308531	0.000474	0.000474	0.000474	0.000474	0.000474	0.000474	0.000474	0.000474	0.000474	0.000474	0.000474	0.000474	0.000474	0.000474	0.000474	0.000474	0.000474	0.000474	0.000474	0.000474	0.000474	0.000474	0.000474	0.543128	0.000474	0.000474	0.000474	0.000474	0.000474	0.000474	0.000474	0.149763	0.000474	0.000474	0.000474	
0.000474	0.000474	0.000474	0.000474	0.000474	0.000474	0.000474	0.000474	0.000474	0.000474	0.000474	0.000474	0.000474	0.000474	0.000474	0.000474	0.063981	0.161137	0.205213	0.114218	0.000474	0.000474	0.000474	0.000474	0.000474	0.000474	0.000474	0.000474	0.000474	0.000474	0.000474	0.000474	0.000474	0.000474	0.000474	0.000474	0.000474	0.000474	0.000474	0.000474	0.000474	0.000474	0.000474	0.000474	0.000474	0.000474	0.000474	0.000474	0.059242	0.152133	0.183412	0.064455	0.000474	0.000474	0.000474	0.000474	0.000474	0.000474	0.000474	0.000474	0.000474	0.000474	0.000474	0.000474	
0.026066	0.048341	0.026066	0.023697	0.054028	0.101896	0.087678	0.070616	0.061611	0.163033	0.104739	0.060190	0.018009	0.055924	0.065877	0.039810	0.000474	0.000474	0.000474	0.000474	0.000474	0.000474	0.000474	0.000474	0.000474	0.000474	0.000474	0.000474	0.000474	0.000474	0.000474	0.000474	0.000474	0.000474	0.000474	0.000474	0.000474	0.000474	0.000474	0.000474	0.000474	0.000474	0.000474	0.000474	0.000474	0.000474	0.000474	0.000474	0.000474	0.000474	0.000474	0.000474	0.000474	0.000474	0.000474	0.000474	0.000474	0.000474	0.000474	0.000474	0.000474	0.000474	0.000474	0.000474	
0.003791	0.012322	0.007109	0.004265	0.006161	0.019431	0.017536	0.006635	0.005213	0.012322	0.006635	0.003318	0.002844	0.008057	0.008531	0.005687	0.010900	0.012796	0.023697	0.008057	0.015640	0.031280	0.043602	0.012796	0.015640	0.027488	0.030806	0.015166	0.000474	0.018009	0.031280	0.022275	0.015166	0.020379	0.011848	0.015640	0.010900	0.070142	0.053555	0.029858	0.016114	0.048341	0.021327	0.020379	0.006161	0.025592	0.017062	0.012796	0.001896	0.003791	0.010900	0.002844	0.000474	0.022275	0.027962	0.006635	0.015166	0.025118	0.018483	0.008531	0.000474	0.015640	0.016588	0.008531	
0.003791	0.013270	0.011374	0.003318	0.004739	0.021327	0.016114	0.007109	0.007583	0.026540	0.014692	0.004739	0.002370	0.014218	0.010427	0.003791	0.003791	0.012322	0.012796	0.004265	0.020853	0.043128	0.067773	0.011374	0.028436	0.051659	0.041232	0.021327	0.008531	0.013744	0.027962	0.005687	0.009479	0.023223	0.011374	0.008057	0.011848	0.041232	0.044550	0.015640	0.008057	0.036967	0.019905	0.012322	0.003791	0.014692	0.019905	0.009005	0.002370	0.003318	0.003791	0.000474	0.008057	0.025118	0.029384	0.004739	0.012322	0.032701	0.016114	0.012322	0.002844	0.023697	0.018009	0.004739	
0.002844	0.009005	0.002844	0.004739	0.011374	0.015166	0.016114	0.009479	0.006635	0.012796	0.011374	0.008531	0.000948	0.006161	0.005687	0.003318	0.007583	0.014218	0.014218	0.009479	0.035071	0.020853	0.048815	0.026066	0.041706	0.036967	0.051659	0.027488	0.005687	0.011848	0.011374	0.009953	0.009953	0.018009	0.012322	0.016114	0.027962	0.042180	0.053081	0.024645	0.011848	0.030806	0.024645	0.024645	0.004265	0.015640	0.020379	0.010427	0.003791	0.003791	0.006161	0.003791	0.012322	0.018483	0.025118	0.010427	0.013270	0.020379	0.032227	0.010427	0.002370	0.007109	0.009953	0.003791	
0.005213	0.006635	0.004739	0.007583	0.003791	0.022275	0.015166	0.003791	0.003791	0.017062	0.008057	0.006635	0.006635	0.014692	0.007583	0.005213	0.016114	0.025118	0.032701	0.012796	0.018009	0.027488	0.042180	0.009005	0.030806	0.048815	0.041232	0.022275	0.000474	0.021327	0.023697	0.025118	0.018009	0.023697	0.012322	0.019431	0.009953	0.037441	0.032701	0.020853	0.014692	0.054976	0.020379	0.029858	0.007109	0.036019	0.016588	0.011374	0.003318	0.005213	0.002370	0.002370	0.000474	0.015640	0.018957	0.005687	0.009953	0.018483	0.010900	0.008057	0.000474	0.013744	0.009005	0.004265	
0.007109	0.016588	0.013270	0.005687	0.008057	0.023697	0.022275	0.006635	0.007109	0.026540	0.011374	0.007109	0.005687	0.016114	0.012796	0.007583	0.002844	0.010427	0.013270	0.005687	0.016114	0.024171	0.053081	0.009479	0.021327	0.041232	0.030332	0.016114	0.003318	0.015166	0.016114	0.004739	0.010427	0.021327	0.017536	0.009953	0.017536	0.053081	0.053081	0.015640	0.009953	0.037441	0.018009	0.015166	0.005213	0.023223	0.027488	0.010900	0.001422	0.004739	0.007109	0.001422	0.010427	0.027488	0.040758	0.007109	0.009005	0.025118	0.015166	0.007583	0.003791	0.011848	0.024171	0.006161	
0.003318	0.004739	0.006161	0.007583	0.011848	0.012796	0.017062	0.011374	0.008531	0.016114	0.014218	0.012322	0.003318	0.005213	0.007109	0.007109	0.010427	0.016114	0.011374	0.014218	0.036019	0.020853	0.048815	0.022749	0.040284	0.042654	0.053555	0.032701	0.005213	0.008531	0.014692	0.010427	0.009005	0.017536	0.009479	0.011374	0.035071	0.032227	0.041232	0.021801	0.012322	0.024645	0.017536	0.020379	0.005213	0.011374	0.014218	0.015166	0.005213	0.003791	0.003791	0.005213	0.017536	0.018483	0.018957	0.011374	0.019905	0.022749	0.022749	0.015166	0.005687	0.005213	0.009005	0.009479	
0.007109	0.009479	0.007583	0.003791	0.003318	0.018957	0.016114	0.003791	0.003318	0.013744	0.007109	0.006635	0.005687	0.020853	0.004265	0.007583	0.015166	0.036493	0.034123	0.014692	0.017536	0.025592	0.033175	0.008057	0.023697	0.043128	0.040284	0.018957	0.000474	0.032701	0.019431	0.014692	0.021801	0.023697	0.018957	0.016588	0.010427	0.041232	0.034123	0.020379	0.008057	0.048341	0.017062	0.034597	0.012796	0.031754	0.018483	0.017536	0.001896	0.004265	0.007583	0.005687	0.000474	0.013270	0.010900	0.005687	0.007583	0.017062	0.012796	0.007583	0.000474	0.019905	0.010427	0.011374	
0.006635	0.020379	0.013270	0.005687	0.009005	0.036493	0.019431	0.009005	0.005213	0.038389	0.014218	0.010427	0.003791	0.021801	0.011374	0.003791	0.003791	0.008057	0.014218	0.005687	0.011374	0.025592	0.044076	0.018009	0.011374	0.031754	0.040284	0.010900	0.004739	0.012322	0.017062	0.003791	0.008057	0.017536	0.010427	0.006635	0.018483	0.041232	0.046445	0.016114	0.009479	0.031754	0.018483	0.017536	0.003318	0.028436	0.026540	0.009479	0.003318	0.004265	0.008531	0.003318	0.017062	0.028436	0.048815	0.010900	0.008057	0.019905	0.017062	0.007583	0.006161	0.018483	0.020853	0.005687	
0.008057	0.003791	0.004265	0.005687	0.012322	0.017062	0.012322	0.008531	0.009479	0.011848	0.011848	0.013270	0.002844	0.005687	0.007583	0.005213	0.010900	0.019905	0.015166	0.009953	0.030806	0.026066	0.042654	0.032227	0.040758	0.033649	0.052607	0.031754	0.008531	0.015640	0.015166	0.014692	0.004739	0.009005	0.009005	0.011374	0.035071	0.029858	0.036493	0.020379	0.014218	0.029384	0.023223	0.023223	0.008531	0.009953	0.016114	0.011848	0.004265	0.007109	0.004739	0.001896	0.023697	0.020379	0.024171	0.012796	0.022275	0.019905	0.021801	0.011848	0.001896	0.007583	0.009479	0.003791	
0.008057	0.011374	0.003318	0.005213	0.005213	0.020853	0.006635	0.007109	0.003318	0.019431	0.005213	0.005213	0.001422	0.015166	0.008057	0.004265	0.015166	0.036967	0.037915	0.011848	0.016114	0.029858	0.033175	0.014218	0.016588	0.045024	0.032701	0.021327	0.000474	0.028910	0.021801	0.022749	0.018009	0.028436	0.017536	0.022749	0.005687	0.034597	0.034597	0.019905	0.008531	0.048815	0.024171	0.027962	0.013270	0.035545	0.014692	0.016588	0.005687	0.007109	0.005213	0.003791	0.000474	0.020379	0.014692	0.003318	0.006635	0.016114	0.016114	0.009479	0.000474	0.018957	0.007583	0.008531	
0.005687	0.025592	0.010427	0.005213	0.010427	0.043128	0.022749	0.007583	0.006635	0.027488	0.019905	0.009953	0.002844	0.020379	0.014692	0.005687	0.003318	0.008057	0.011848	0.004265	0.012322	0.036019	0.044550	0.012796	0.015166	0.034123	0.026066	0.013744	0.005213	0.010427	0.024645	0.004265	0.005687	0.010900	0.008057	0.010427	0.015640	0.054502	0.043128	0.016114	0.013270	0.034597	0.017536	0.012796	0.005687	0.020379	0.031754	0.006161	0.000474	0.006635	0.006635	0.001896	0.014218	0.025592	0.051185	0.007583	0.007583	0.019431	0.015166	0.009953	0.004739	0.020853	0.018957	0.007583	
0.004739	0.004265	0.003318	0.002844	0.010427	0.015640	0.012796	0.012322	0.008057	0.010427	0.011848	0.006635	0.003318	0.005213	0.006635	0.006635	0.013744	0.012796	0.017536	0.008531	0.040284	0.023223	0.057346	0.038389	0.039810	0.037915	0.050237	0.033649	0.007583	0.008057	0.014692	0.013744	0.010900	0.010427	0.010900	0.010427	0.033175	0.027488	0.033175	0.021801	0.013744	0.021327	0.019431	0.024171	0.007109	0.011374	0.013270	0.014692	0.006161	0.003791	0.004739	0.003791	0.021801	0.011374	0.021327	0.017536	0.028910	0.019431	0.026066	0.015640	0.003318	0.006635	0.006635	0.007109	
0.009005	0.009479	0.009953	0.007109	0.003791	0.014692	0.009479	0.003318	0.003791	0.019431	0.007109	0.006161	0.002844	0.014218	0.005213	0.003318	0.018009	0.031754	0.044550	0.011374	0.014692	0.018009	0.035071	0.009953	0.021327	0.044550	0.041232	0.017536	0.000474	0.041232	0.028436	0.019905	0.018483	0.027962	0.020853	0.023223	0.008531	0.027488	0.033175	0.019905	0.010427	0.041232	0.027488	0.028436	0.011848	0.035545	0.017062	0.015640	0.003318	0.009005	0.006161	0.002844	0.000474	0.012322	0.013744	0.004739	0.009953	0.014218	0.011848	0.005213	0.000474	0.018009	0.015166	0.008531	
0.005213	0.026066	0.011374	0.006161	0.007583	0.034597	0.029858	0.006161	0.010900	0.037915	0.023697	0.009005	0.003791	0.021801	0.016114	0.002844	0.003318	0.009479	0.009953	0.004739	0.011374	0.016588	0.038863	0.005687	0.016114	0.035071	0.030332	0.009953	0.001896	0.014218	0.016114	0.005687	0.009479	0.014692	0.011848	0.009479	0.014692	0.044550	0.048815	0.011374	0.018009	0.030806	0.020853	0.018009	0.006161	0.019905	0.025118	0.006161	0.004739	0.001896	0.006635	0.002370	0.015166	0.027962	0.055450	0.010427	0.012796	0.027488	0.018009	0.007583	0.002370	0.014692	0.027488	0.002844	
0.006635	0.005687	0.002844	0.007583	0.011848	0.014218	0.016114	0.009953	0.007109	0.012796	0.009005	0.010900	0.002844	0.007109	0.005687	0.007109	0.010427	0.016588	0.016588	0.005213	0.034597	0.027962	0.039810	0.021327	0.045972	0.036493	0.054976	0.035545	0.004265	0.005687	0.010900	0.012796	0.020379	0.015166	0.008057	0.014218	0.035545	0.030806	0.036967	0.027962	0.018009	0.027014	0.022275	0.025592	0.007109	0.008531	0.015166	0.013744	0.001896	0.004265	0.005687	0.002370	0.016588	0.014692	0.021801	0.017536	0.020853	0.022749	0.025592	0.015640	0.001422	0.005213	0.007583	0.003318	
0.007583	0.013270	0.010427	0.008057	0.001896	0.018009	0.015640	0.006161	0.004265	0.016114	0.007583	0.005213	0.004739	0.011848	0.008057	0.004739	0.018009	0.027014	0.042180	0.011374	0.013270	0.022749	0.042180	0.009479	0.018957	0.049289	0.031754	0.014692	0.000474	0.029384	0.029384	0.017536	0.014218	0.033175	0.016588	0.027962	0.009953	0.032227	0.038389	0.018483	0.011374	0.045498	0.024645	0.030332	0.010427	0.041232	0.016588	0.019431	0.003318	0.004739	0.003791	0.003791	0.000474	0.011374	0.011374	0.003318	0.007583	0.012796	0.013270	0.005687	0.000474	0.013744	0.015640	0.007109	
0.002844	0.018957	0.013270	0.008057	0.006161	0.038863	0.026066	0.007109	0.007109	0.036967	0.018957	0.009953	0.004265	0.025118	0.016588	0.005213	0.003318	0.009005	0.010427	0.002844	0.014692	0.016114	0.045972	0.007583	0.020379	0.040758	0.030806	0.015640	0.003791	0.010427	0.018009	0.005213	0.004739	0.017536	0.013744	0.006161	0.011374	0.043128	0.054976	0.014218	0.009479	0.032701	0.023223	0.011848	0.003791	0.016588	0.027488	0.008057	0.002844	0.004739	0.006161	0.002370	0.013270	0.024645	0.049763	0.008531	0.011374	0.027488	0.023223	0.007583	0.004739	0.013744	0.025592	0.004739	
0.002844	0.003318	0.003318	0.004265	0.012796	0.013744	0.014218	0.009479	0.009953	0.014692	0.009005	0.009953	0.001896	0.006161	0.004739	0.006635	0.007583	0.014692	0.011374	0.011848	0.040758	0.021327	0.042180	0.018483	0.045972	0.036967	0.058294	0.035545	0.005213	0.009953	0.010427	0.011848	0.012322	0.008057	0.012322	0.015640	0.044076	0.024645	0.036493	0.032227	0.017062	0.033175	0.022275	0.023697	0.005687	0.008057	0.014218	0.017062	0.004739	0.003791	0.004265	0.003791	0.018957	0.008531	0.022275	0.016114	0.027014	0.015166	0.028436	0.017062	0.003318	0.003791	0.009005	0.007109	
0.004739	0.008057	0.007109	0.007583	0.003318	0.013744	0.008531	0.004265	0.003318	0.015640	0.004739	0.007583	0.007583	0.018957	0.005213	0.003791	0.014218	0.036019	0.045498	0.020853	0.016114	0.014692	0.030806	0.006635	0.016588	0.046445	0.039810	0.012322	0.000474	0.034597	0.027488	0.013744	0.021327	0.030332	0.013270	0.035071	0.009479	0.043602	0.033649	0.013270	0.014692	0.050711	0.025118	0.027488	0.017536	0.036019	0.012322	0.020379	0.002844	0.004265	0.005213	0.003791	0.000474	0.013270	0.011848	0.002370	0.005687	0.018009	0.007109	0.007583	0.000474	0.023223	0.009953	0.009005	
0.004265	0.018009	0.012322	0.008531	0.009005	0.035545	0.027488	0.006635	0.009479	0.033175	0.018009	0.010427	0.005687	0.031280	0.023223	0.007109	0.006635	0.006635	0.009479	0.006635	0.010427	0.020853	0.046919	0.007109	0.012322	0.033175	0.028910	0.010427	0.003318	0.005213	0.013744	0.004265	0.005687	0.017536	0.012322	0.004739	0.015166	0.048341	0.057346	0.009953	0.010900	0.039810	0.014218	0.011848	0.004265	0.015640	0.027488	0.007583	0.004265	0.004739	0.013744	0.003318	0.013744	0.025592	0.062559	0.010900	0.006635	0.022749	0.019431	0.006161	0.002844	0.015640	0.024645	0.003791	
0.005687	0.006635	0.003318	0.005213	0.015640	0.010427	0.012796	0.008057	0.011374	0.009479	0.015640	0.011374	0.002370	0.006635	0.007583	0.006635	0.012322	0.015640	0.010427	0.009953	0.033649	0.024645	0.049289	0.022749	0.056398	0.042180	0.063033	0.032701	0.008531	0.006635	0.010427	0.009005	0.006161	0.012322	0.006161	0.014692	0.035545	0.021801	0.042654	0.029384	0.015166	0.022749	0.019431	0.023223	0.007583	0.004265	0.012322	0.014692	0.004739	0.001896	0.005213	0.004265	0.018009	0.016588	0.019431	0.013744	0.027014	0.022275	0.026540	0.013270	0.003791	0.005687	0.006161	0.007109	
0.001896	0.009479	0.009005	0.008531	0.000948	0.017536	0.012796	0.005213	0.002370	0.011374	0.006635	0.004739	0.007583	0.016114	0.005213	0.005213	0.017062	0.027014	0.043128	0.015640	0.018957	0.015640	0.030332	0.008531	0.019905	0.049289	0.035545	0.019431	0.000474	0.026540	0.028436	0.018483	0.016588	0.036967	0.022749	0.033649	0.006635	0.043602	0.028910	0.017536	0.009005	0.063033	0.020853	0.031754	0.011848	0.036019	0.018009	0.014692	0.000474	0.008531	0.007583	0.005687	0.000474	0.008531	0.011374	0.002844	0.006161	0.017062	0.008057	0.005213	0.000474	0.017062	0.011374	0.008531	
0.005687	0.012322	0.011374	0.006635	0.010427	0.029858	0.032227	0.009479	0.010900	0.039810	0.021327	0.010427	0.006635	0.029858	0.020379	0.006635	0.002370	0.006635	0.012322	0.005687	0.010900	0.022275	0.045498	0.006635	0.017536	0.024645	0.029858	0.011374	0.002370	0.006635	0.020853	0.004265	0.005687	0.015166	0.009479	0.007109	0.014218	0.058294	0.053555	0.014692	0.012322	0.032227	0.016114	0.010427	0.005213	0.019431	0.029384	0.007109	0.001896	0.007109	0.009953	0.001422	0.010427	0.023697	0.056872	0.004739	0.009953	0.024171	0.019431	0.009479	0.005213	0.009953	0.025118	0.006635	
0.003791	0.004739	0.004265	0.002844	0.008057	0.012322	0.011848	0.009005	0.007583	0.009953	0.012322	0.013270	0.002370	0.004265	0.006161	0.008057	0.011374	0.010900	0.013744	0.009953	0.043602	0.022749	0.041706	0.026066	0.051185	0.041232	0.061137	0.034597	0.006635	0.006161	0.012796	0.009953	0.009479	0.012796	0.011848	0.016588	0.033649	0.022749	0.038389	0.026066	0.014692	0.029858	0.018483	0.023697	0.007109	0.007583	0.015166	0.011848	0.004739	0.005213	0.004265	0.005213	0.019905	0.011848	0.020379	0.013744	0.027488	0.022749	0.025118	0.020379	0.003791	0.002844	0.010900	0.007109	
0.006635	0.007109	0.009005	0.006635	0.001896	0.017536	0.009479	0.004739	0.003791	0.019431	0.005687	0.005213	0.004265	0.016114	0.007583	0.006635	0.016588	0.036493	0.038863	0.013270	0.014692	0.018483	0.028910	0.007583	0.018009	0.046919	0.032227	0.015166	0.000474	0.033649	0.025118	0.015640	0.015166	0.030332	0.023223	0.032227	0.011374	0.038863	0.036019	0.017536	0.010900	0.060190	0.014218	0.031754	0.015166	0.040758	0.019431	0.016588	0.004739	0.008057	0.004739	0.002370	0.000474	0.008531	0.010900	0.000948	0.008531	0.020379	0.009953	0.006161	0.000474	0.018957	0.013270	0.004265	
0.007109	0.014218	0.011848	0.009953	0.012796	0.030332	0.031280	0.007583	0.006635	0.038863	0.021801	0.008531	0.000948	0.025592	0.021801	0.006161	0.002844	0.009479	0.011848	0.004265	0.009005	0.025118	0.043128	0.006161	0.009479	0.032227	0.031280	0.012322	0.003791	0.009953	0.012796	0.004265	0.005687	0.018957	0.009479	0.007109	0.017536	0.054976	0.058294	0.016114	0.010900	0.024171	0.014692	0.012322	0.006635	0.020379	0.023697	0.007583	0.001896	0.004265	0.012796	0.001422	0.011374	0.023223	0.064455	0.010427	0.010427	0.025592	0.021327	0.008057	0.004265	0.012322	0.023223	0.003318	
0.004739	0.004739	0.004265	0.003791	0.016114	0.009479	0.010900	0.010427	0.008057	0.015166	0.009005	0.013744	0.004739	0.006161	0.007109	0.004739	0.015166	0.010900	0.013270	0.011374	0.039336	0.021327	0.046919	0.026066	0.049763	0.040758	0.068720	0.037915	0.006635	0.011374	0.010900	0.011374	0.008531	0.011374	0.007109	0.010427	0.040284	0.024171	0.027962	0.028436	0.018483	0.024171	0.021327	0.025118	0.005213	0.007583	0.015166	0.013270	0.002844	0.003791	0.006161	0.002844	0.017536	0.011848	0.022275	0.016588	0.020853	0.021327	0.024171	0.015166	0.002844	0.007109	0.007109	0.004265	
0.005213	0.012796	0.005687	0.007583	0.002370	0.014692	0.008531	0.005213	0.001896	0.016588	0.007109	0.005213	0.002844	0.014692	0.008057	0.002844	0.016588	0.036493	0.044076	0.016114	0.013270	0.016588	0.031280	0.005687	0.016588	0.046445	0.030332	0.014692	0.000474	0.033649	0.027488	0.019905	0.023223	0.027962	0.013744	0.032227	0.006635	0.045024	0.032701	0.017062	0.009953	0.061137	0.023223	0.028910	0.014692	0.045972	0.018483	0.012796	0.002844	0.006635	0.007583	0.002370	0.000474	0.015166	0.009953	0.006635	0.008057	0.016588	0.008531	0.007109	0.000474	0.018957	0.010427	0.003791	
0.007583	0.019905	0.014218	0.006161	0.010900	0.039810	0.025118	0.008057	0.007583	0.036493	0.017536	0.009479	0.005687	0.025118	0.022275	0.005213	0.003318	0.006635	0.008531	0.004265	0.014692	0.023697	0.046445	0.006635	0.014692	0.034123	0.024645	0.009005	0.002370	0.007109	0.019431	0.005687	0.007583	0.015166	0.008057	0.005687	0.018957	0.054028	0.050237	0.017536	0.011374	0.029858	0.015166	0.012796	0.003791	0.018957	0.024645	0.008531	0.001422	0.004739	0.009953	0.002370	0.011848	0.024171	0.065403	0.011848	0.010900	0.023223	0.022749	0.007583	0.002844	0.010900	0.019431	0.006161	
0.003791	0.005213	0.005687	0.005213	0.010900	0.011848	0.013270	0.010427	0.010900	0.009953	0.008531	0.011374	0.003791	0.002370	0.008057	0.004265	0.013270	0.020379	0.008531	0.014218	0.042654	0.025118	0.046445	0.027488	0.052133	0.037915	0.059242	0.037915	0.008531	0.008057	0.013270	0.014218	0.010427	0.013744	0.007583	0.012796	0.033175	0.026066	0.034597	0.029858	0.017536	0.020379	0.019431	0.022749	0.005213	0.008531	0.014692	0.010427	0.002370	0.005213	0.004265	0.002844	0.020379	0.011848	0.018957	0.010900	0.020853	0.020853	0.027962	0.016114	0.005213	0.003791	0.007109	0.009479	
0.007109	0.007583	0.006635	0.008531	0.007109	0.018957	0.012796	0.005687	0.001422	0.015166	0.006161	0.003318	0.003791	0.014692	0.009953	0.006635	0.014692	0.026540	0.047393	0.018483	0.015166	0.016114	0.037441	0.006161	0.021801	0.050711	0.027962	0.012796	0.000474	0.032701	0.029858	0.015640	0.024645	0.033649	0.016114	0.027014	0.008531	0.030806	0.035545	0.014218	0.013744	0.052133	0.018957	0.030332	0.021801	0.034597	0.017062	0.014692	0.002844	0.005687	0.008531	0.005687	0.000474	0.008057	0.009479	0.004739	0.008531	0.017536	0.008057	0.009005	0.000474	0.018009	0.015166	0.004739	
0.007109	0.020379	0.013270	0.008531	0.008057	0.039810	0.022275	0.003318	0.005213	0.037441	0.024645	0.011374	0.005213	0.027014	0.022275	0.005213	0.004265	0.010900	0.010427	0.005687	0.012322	0.017062	0.039810	0.004739	0.016114	0.036493	0.030806	0.011848	0.001896	0.008057	0.016114	0.004739	0.006635	0.018483	0.010900	0.009479	0.024645	0.045972	0.051185	0.013744	0.008057	0.026540	0.010900	0.015640	0.006161	0.019431	0.022749	0.007109	0.002844	0.004739	0.011848	0.007109	0.011374	0.023223	0.060664	0.004739	0.009005	0.026540	0.021327	0.015166	0.004739	0.010427	0.021327	0.005213	
0.003791	0.006161	0.004265	0.006635	0.019905	0.008057	0.018009	0.008531	0.010427	0.012796	0.012796	0.010427	0.007109	0.008057	0.008531	0.007109	0.013270	0.014692	0.010427	0.018009	0.036493	0.017536	0.044550	0.027488	0.043128	0.038863	0.057820	0.034123	0.004739	0.006161	0.008531	0.007109	0.009479	0.011374	0.006635	0.010900	0.037915	0.033649	0.031280	0.024171	0.017062	0.022749	0.021801	0.026066	0.007109	0.009005	0.021801	0.016114	0.003318	0.004265	0.004739	0.005687	0.018483	0.009005	0.020379	0.017062	0.026066	0.020379	0.023223	0.012796	0.004265	0.003791	0.009005	0.005213	
0.004739	0.012322	0.007109	0.005687	0.003318	0.017536	0.013270	0.002370	0.002370	0.014692	0.005213	0.003791	0.005687	0.021327	0.006161	0.008057	0.018483	0.033649	0.049289	0.011374	0.015166	0.017536	0.030806	0.004739	0.015166	0.051659	0.033175	0.014218	0.000474	0.030332	0.028436	0.018009	0.020853	0.027488	0.020379	0.027962	0.003791	0.036019	0.041706	0.013270	0.009005	0.060664	0.018009	0.027962	0.012322	0.044076	0.013270	0.013744	0.003318	0.006161	0.010900	0.002844	0.000474	0.013744	0.010427	0.002370	0.007109	0.023223	0.010427	0.007109	0.000474	0.020379	0.011374	0.003318	
0.005213	0.019905	0.011374	0.010900	0.011374	0.034597	0.024645	0.009005	0.011374	0.039336	0.026540	0.010427	0.001896	0.024171	0.016114	0.005687	0.002370	0.009953	0.008057	0.002370	0.008531	0.022749	0.045498	0.008057	0.015640	0.033175	0.035071	0.012322	0.001422	0.006161	0.013270	0.001896	0.006161	0.012796	0.007583	0.007109	0.023223	0.055450	0.056398	0.015166	0.012322	0.030806	0.014692	0.009005	0.002844	0.018009	0.025592	0.006635	0.002844	0.004739	0.009479	0.001896	0.015640	0.026066	0.063507	0.010900	0.008531	0.027962	0.016114	0.006635	0.004265	0.010900	0.023223	0.004739	
0.003318	0.004265	0.005687	0.003318	0.012796	0.011374	0.014218	0.009005	0.006161	0.011848	0.008531	0.009953	0.003791	0.005213	0.006161	0.007109	0.012322	0.015640	0.013744	0.017062	0.041706	0.017536	0.046445	0.033175	0.042654	0.044076	0.066351	0.036967	0.008057	0.008531	0.012322	0.014218	0.009953	0.012796	0.009005	0.016114	0.037441	0.031280	0.036493	0.026066	0.016588	0.029384	0.024171	0.022275	0.006161	0.008057	0.012796	0.011374	0.003318	0.002370	0.002844	0.001896	0.017062	0.009005	0.017062	0.016114	0.026540	0.016588	0.021801	0.013270	0.002370	0.002844	0.005213	0.008531	
0.006161	0.008531	0.005213	0.009005	0.003791	0.018483	0.008531	0.004265	0.004265	0.017062	0.004739	0.005213	0.005687	0.018957	0.008531	0.005213	0.016588	0.028436	0.046919	0.017062	0.019905	0.016114	0.030332	0.002844	0.016114	0.051659	0.028436	0.018009	0.000474	0.036019	0.028910	0.018957	0.018009	0.026066	0.016114	0.031754	0.009953	0.046445	0.031280	0.014218	0.015166	0.060190	0.018009	0.027488	0.010427	0.042180	0.013744	0.016114	0.002844	0.009005	0.005687	0.002844	0.000474	0.009953	0.010900	0.003318	0.006161	0.013270	0.009005	0.008057	0.000474	0.023223	0.012322	0.005213	
0.004265	0.022275	0.009953	0.007109	0.012796	0.031280	0.022749	0.005213	0.006161	0.038863	0.020853	0.008057	0.005213	0.023697	0.025118	0.006635	0.007109	0.008531	0.015166	0.003318	0.009953	0.020379	0.050711	0.009953	0.014692	0.032227	0.024645	0.009479	0.001896	0.002844	0.016588	0.003318	0.009005	0.018957	0.006635	0.007109	0.018957	0.054976	0.052133	0.016114	0.010900	0.022749	0.015166	0.011374	0.006635	0.020853	0.021801	0.009479	0.002844	0.004739	0.006635	0.002844	0.016588	0.028436	0.069194	0.006161	0.011848	0.024171	0.017062	0.010427	0.000948	0.012322	0.028910	0.003318	
0.003318	0.007109	0.004265	0.008531	0.015640	0.012796	0.018009	0.008057	0.004739	0.011848	0.009953	0.011848	0.001422	0.006161	0.005687	0.007109	0.010427	0.019905	0.013744	0.014218	0.045024	0.018483	0.040758	0.030806	0.052133	0.039336	0.063507	0.039810	0.004739	0.005687	0.011848	0.015166	0.008531	0.015640	0.008057	0.011374	0.038863	0.025592	0.029858	0.023697	0.009479	0.024645	0.018957	0.024645	0.007109	0.005687	0.013270	0.013270	0.003791	0.003791	0.002844	0.004265	0.016588	0.012796	0.019431	0.010900	0.018483	0.025592	0.026540	0.021801	0.003791	0.007109	0.004265	0.007583	
0.004265	0.007109	0.006635	0.008057	0.004265	0.021327	0.014218	0.006635	0.003791	0.013270	0.006635	0.005213	0.006635	0.021327	0.006161	0.004265	0.014218	0.036019	0.050711	0.015166	0.017062	0.019431	0.028910	0.003791	0.017536	0.051185	0.026066	0.013270	0.000474	0.032701	0.027014	0.013270	0.015640	0.030332	0.014692	0.024171	0.011374	0.036967	0.036967	0.016114	0.009479	0.061611	0.021327	0.026540	0.015166	0.041232	0.017536	0.024171	0.003318	0.006161	0.003791	0.003791	0.000474	0.010900	0.009953	0.003318	0.005687	0.015166	0.008057	0.006161	0.000474	0.027014	0.009953	0.005687	
0.003318	0.015166	0.013744	0.005213	0.012796	0.033175	0.027488	0.006161	0.009005	0.039336	0.019431	0.008057	0.004739	0.022275	0.018009	0.006161	0.002370	0.010900	0.014692	0.005213	0.017062	0.022749	0.043602	0.005213	0.011848	0.036967	0.027014	0.014218	0.005687	0.003318	0.018957	0.001896	0.006161	0.015166	0.008531	0.006635	0.021327	0.048815	0.055924	0.015166	0.008531	0.026540	0.017062	0.009953	0.004739	0.021327	0.019431	0.005687	0.003318	0.005213	0.010900	0.003318	0.011848	0.031280	0.072038	0.007109	0.011848	0.018483	0.023223	0.007109	0.002370	0.014218	0.028910	0.001896	
0.005687	0.003318	0.003791	0.002370	0.009005	0.013270	0.013744	0.010427	0.012796	0.011848	0.009479	0.013744	0.004739	0.004739	0.003791	0.007109	0.009479	0.022749	0.014692	0.016114	0.042654	0.022749	0.039336	0.031280	0.051185	0.044076	0.063507	0.040284	0.004739	0.006161	0.011848	0.010900	0.009953	0.009953	0.005687	0.015640	0.035545	0.028436	0.032227	0.025118	0.018009	0.026066	0.018483	0.024171	0.006161	0.007583	0.013744	0.011848	0.004265	0.005687	0.002370	0.005213	0.019431	0.008057	0.018957	0.014692	0.022749	0.021801	0.025118	0.015640	0.001896	0.004265	0.005213	0.004265	
0.006635	0.008057	0.006161	0.008531	0.003318	0.020379	0.014218	0.003791	0.003791	0.013744	0.004739	0.004265	0.008531	0.020379	0.003318	0.007109	0.016114	0.033175	0.042654	0.014692	0.017536	0.019431	0.030806	0.004739	0.018009	0.041232	0.032227	0.012796	0.000474	0.033649	0.025592	0.021801	0.022749	0.034597	0.018009	0.029384	0.009005	0.045024	0.032227	0.018009	0.009479	0.064929	0.015640	0.026540	0.017536	0.042654	0.015640	0.018009	0.002370	0.006161	0.007583	0.001422	0.000474	0.009479	0.011374	0.001422	0.006161	0.015640	0.007583	0.005213	0.000474	0.016588	0.009479	0.007583	
0.007109	0.022275	0.011848	0.006635	0.011374	0.039810	0.027488	0.003318	0.006161	0.038863	0.016114	0.013270	0.007583	0.020853	0.019431	0.006161	0.005213	0.010427	0.010900	0.003791	0.009479	0.021327	0.058294	0.005213	0.011374	0.033175	0.029384	0.014692	0.003791	0.004739	0.016114	0.003318	0.005687	0.017536	0.007109	0.007109	0.017062	0.051659	0.053081	0.013744	0.006635	0.026066	0.017062	0.010427	0.002844	0.021801	0.019431	0.004739	0.001896	0.007109	0.011848	0.006161	0.014218	0.030806	0.061611	0.006635	0.006635	0.021801	0.018957	0.006635	0.002844	0.013744	0.032701	0.005213	
0.005687	0.005213	0.004265	0.004739	0.017536	0.010427	0.019905	0.009479	0.008531	0.013270	0.008057	0.011848	0.002844	0.006635	0.006635	0.007583	0.012322	0.015166	0.012322	0.012322	0.046445	0.021801	0.049763	0.025592	0.053081	0.038389	0.059716	0.049289	0.002370	0.003791	0.007583	0.015166	0.006635	0.006161	0.006161	0.011848	0.036493	0.021801	0.036967	0.024645	0.014218	0.022749	0.020853	0.023697	0.007583	0.008531	0.013270	0.015640	0.004265	0.004739	0.001896	0.006161	0.018009	0.009953	0.017536	0.015640	0.018483	0.026540	0.024645	0.018009	0.002844	0.004739	0.005687	0.006161	
0.005687	0.008531	0.008057	0.006635	0.001896	0.018957	0.007109	0.003318	0.003791	0.011374	0.005213	0.004265	0.008057	0.014692	0.009005	0.003318	0.021327	0.040284	0.038863	0.018009	0.014218	0.019905	0.024645	0.005213	0.022749	0.049289	0.035545	0.016588	0.000474	0.029384	0.027962	0.017536	0.020853	0.027488	0.018483	0.027488	0.006635	0.040284	0.036019	0.018009	0.010427	0.055450	0.018483	0.028910	0.014692	0.050237	0.018009	0.019905	0.002844	0.003791	0.005687	0.003318	0.000474	0.008531	0.012796	0.001896	0.005687	0.014692	0.008057	0.004739	0.000474	0.025118	0.010427	0.008531	
0.006635	0.024645	0.014692	0.004739	0.011374	0.034597	0.027014	0.007109	0.007583	0.036967	0.017062	0.009479	0.003791	0.024645	0.021801	0.005213	0.003318	0.008531	0.009479	0.001896	0.013270	0.020853	0.047867	0.005687	0.010900	0.026066	0.032227	0.011374	0.003318	0.005687	0.015640	0.003791	0.009005	0.017062	0.011374	0.005213	0.019431	0.046919	0.052607	0.011848	0.011374	0.027962	0.015166	0.012796	0.006161	0.023697	0.017062	0.007583	0.003791	0.004265	0.012322	0.003318	0.016588	0.030332	0.067773	0.004739	0.009005	0.026540	0.022275	0.007583	0.002844	0.015166	0.026540	0.004739	
0.005213	0.006635	0.004739	0.006161	0.015640	0.010900	0.015640	0.012322	0.008531	0.012796	0.012796	0.013744	0.003318	0.003791	0.005213	0.002844	0.012796	0.019905	0.011374	0.016588	0.037915	0.023223	0.044076	0.027488	0.056398	0.040758	0.061137	0.036967	0.005687	0.007583	0.006161	0.009953	0.008057	0.007109	0.010900	0.012796	0.039810	0.020379	0.035545	0.021801	0.018009	0.018483	0.021327	0.028910	0.004265	0.006635	0.016588	0.013744	0.002844	0.004265	0.002844	0.006161	0.018483	0.012322	0.025592	0.012796	0.017062	0.022749	0.027488	0.013744	0.002370	0.006635	0.006635	0.005687	
0.005687	0.010900	0.006635	0.005687	0.003318	0.018483	0.009005	0.007109	0.002370	0.015640	0.006635	0.005213	0.005687	0.020379	0.007583	0.008057	0.015640	0.034123	0.042180	0.019905	0.016588	0.020379	0.023223	0.006635	0.024171	0.048341	0.032227	0.016114	0.000474	0.036019	0.020379	0.017536	0.016114	0.035071	0.017062	0.031754	0.008531	0.040758	0.033649	0.011848	0.010900	0.056398	0.018957	0.036493	0.016588	0.037915	0.020853	0.018009	0.003318	0.005687	0.003318	0.003318	0.000474	0.009953	0.012322	0.001896	0.005687	0.014218	0.009479	0.005213	0.000474	0.019905	0.008531	0.003318	
0.003791	0.023697	0.006161	0.007109	0.010900	0.039336	0.029858	0.005687	0.009479	0.031754	0.018483	0.009479	0.005687	0.027488	0.023697	0.003791	0.003791	0.009005	0.011374	0.004739	0.009479	0.025118	0.048815	0.006161	0.012796	0.027962	0.025592	0.011848	0.002370	0.009479	0.014218	0.001422	0.009005	0.016114	0.011848	0.006161	0.022749	0.045024	0.055450	0.011374	0.012322	0.026540	0.015166	0.013270	0.005213	0.021327	0.029384	0.007109	0.002370	0.006635	0.010427	0.003791	0.018957	0.028436	0.059242	0.007583	0.008531	0.027014	0.016114	0.005687	0.003318	0.014218	0.027014	0.002370	
0.005213	0.005213	0.002844	0.005687	0.016114	0.010900	0.018009	0.010427	0.009953	0.014218	0.010427	0.005213	0.004265	0.006161	0.005687	0.005687	0.014218	0.018483	0.011848	0.017536	0.041232	0.023223	0.047867	0.025592	0.051659	0.041232	0.059242	0.041232	0.004265	0.004265	0.011848	0.010427	0.008531	0.009953	0.008057	0.016588	0.036019	0.025592	0.031754	0.019905	0.017062	0.022749	0.018009	0.017536	0.004265	0.009479	0.011374	0.015166	0.005687	0.004265	0.002370	0.004265	0.020853	0.009953	0.024171	0.017536	0.025118	0.027962	0.027488	0.013744	0.001896	0.003318	0.003791	0.005687	
0.005687	0.014218	0.006635	0.007109	0.002370	0.017062	0.010900	0.007583	0.003318	0.012796	0.002844	0.006161	0.008057	0.023223	0.005213	0.007583	0.017536	0.034123	0.044550	0.018009	0.015640	0.017536	0.032701	0.003791	0.025118	0.045498	0.033649	0.017536	0.000474	0.034597	0.022749	0.015640	0.021801	0.033649	0.017536	0.030806	0.007109	0.047393	0.031754	0.019905	0.011848	0.055450	0.018957	0.028910	0.011848	0.036493	0.015166	0.014218	0.001422	0.007109	0.002370	0.003791	0.000474	0.009479	0.010900	0.002370	0.004739	0.012322	0.009479	0.006161	0.000474	0.021801	0.008057	0.006635	
0.006161	0.021327	0.012796	0.006161	0.009953	0.045972	0.022749	0.010427	0.008057	0.031754	0.019905	0.010900	0.002844	0.026540	0.025592	0.004739	0.002370	0.009005	0.011848	0.002370	0.013270	0.022749	0.050711	0.004739	0.012796	0.030806	0.031280	0.011374	0.004265	0.007583	0.017536	0.004265	0.007109	0.015166	0.016114	0.006635	0.014218	0.045024	0.051659	0.015166	0.011848	0.028436	0.013270	0.011374	0.003791	0.018957	0.029384	0.006635	0.003791	0.005213	0.008531	0.003318	0.013270	0.032227	0.063033	0.007583	0.004739	0.022749	0.017062	0.006635	0.002370	0.011848	0.025118	0.004739	
0.004265	0.006161	0.003318	0.005687	0.015166	0.008531	0.014692	0.012322	0.010427	0.013270	0.011848	0.013744	0.002370	0.003318	0.007109	0.005687	0.008531	0.018009	0.011374	0.012796	0.048815	0.017536	0.049289	0.030332	0.044550	0.047867	0.053555	0.042180	0.006161	0.006161	0.009479	0.016114	0.005687	0.012322	0.006635	0.012796	0.035545	0.019431	0.035545	0.023223	0.016588	0.019431	0.020853	0.024645	0.007109	0.007583	0.012322	0.013270	0.003318	0.002844	0.002844	0.004265	0.019431	0.010900	0.018483	0.016114	0.023697	0.029858	0.027488	0.016588	0.001422	0.002844	0.008531	0.007583	
0.004265	0.007109	0.005687	0.004739	0.003791	0.021327	0.009005	0.005213	0.002844	0.013270	0.002844	0.005213	0.006635	0.017536	0.005687	0.005687	0.017062	0.041232	0.043602	0.017062	0.013270	0.013270	0.027014	0.002844	0.013744	0.047867	0.041232	0.015166	0.000474	0.039336	0.027488	0.014692	0.021327	0.028436	0.013744	0.031754	0.010900	0.042180	0.043128	0.014218	0.009479	0.054028	0.019431	0.030806	0.013270	0.048815	0.019431	0.015640	0.001422	0.008531	0.004265	0.002844	0.000474	0.009479	0.007109	0.002844	0.005687	0.015166	0.007583	0.009005	0.000474	0.022275	0.014692	0.005213	
0.002844	0.021801	0.016114	0.003318	0.010427	0.044550	0.025118	0.005213	0.011374	0.031280	0.017062	0.007583	0.005687	0.026066	0.018483	0.006161	0.004739	0.009479	0.009953	0.004265	0.012796	0.019431	0.048341	0.005687	0.016114	0.032701	0.025118	0.012322	0.002844	0.006635	0.014692	0.000948	0.006161	0.012796	0.006635	0.006161	0.022275	0.042180	0.052133	0.013744	0.011848	0.028910	0.018957	0.011374	0.004739	0.021801	0.027014	0.006635	0.003318	0.003791	0.008531	0.005213	0.013744	0.032701	0.072986	0.008531	0.008057	0.029858	0.019431	0.009953	0.001896	0.009953	0.024645	0.005213	
0.003318	0.006161	0.003318	0.004265	0.017536	0.007583	0.014692	0.008057	0.006161	0.013270	0.008057	0.013744	0.002844	0.005213	0.005687	0.005213	0.014218	0.016114	0.013270	0.015640	0.041706	0.025592	0.047867	0.023697	0.050237	0.041706	0.068720	0.037915	0.004739	0.005687	0.009005	0.013744	0.010900	0.016588	0.007109	0.012796	0.040284	0.027014	0.031754	0.023697	0.017062	0.022749	0.020853	0.019905	0.007109	0.008057	0.011374	0.014692	0.001896	0.002844	0.004739	0.005687	0.021801	0.006161	0.019905	0.016588	0.026540	0.020379	0.020853	0.017062	0.003791	0.004265	0.005213	0.005687	
0.005687	0.011848	0.006635	0.006161	0.004265	0.022275	0.011374	0.003791	0.003791	0.012796	0.006635	0.005213	0.007583	0.014692	0.009005	0.007109	0.018957	0.038863	0.049289	0.014218	0.013270	0.014218	0.032701	0.006161	0.019905	0.042654	0.036019	0.015640	0.000474	0.033175	0.022749	0.015640	0.015166	0.028436	0.020853	0.035545	0.006635	0.042180	0.036019	0.013270	0.010427	0.051185	0.020379	0.036493	0.013270	0.038389	0.018483	0.018483	0.002370	0.006161	0.007109	0.002844	0.000474	0.010427	0.009005	0.003318	0.006161	0.013744	0.007109	0.004265	0.000474	0.018957	0.013270	0.006635	
