>NC_008463
0.000334	0.000334	0.000334	0.000334	0.000334	0.000334	0.000334	0.000334	0.000334	0.000334	0.000334	0.000334	0.000334	0.000334	0.000334	0.000334	0.000334	0.000334	0.000334	0.000334	0.000334	0.000334	0.000334	0.000334	0.000334	0.000334	0.000334	0.000334	0.119064	0.000334	0.000334	0.000334	0.000334	0.000334	0.000334	0.000334	0.000334	0.000334	0.000334	0.000334	0.000334	0.000334	0.000334	0.000334	0.000334	0.000334	0.000334	0.000334	0.000334	0.000334	0.000334	0.000334	0.785284	0.000334	0.000334	0.000334	0.000334	0.000334	0.000334	0.000334	0.096656	0.000334	0.000334	0.000334	
0.000334	0.000334	0.000334	0.000334	0.000334	0.000334	0.000334	0.000334	0.000334	0.000334	0.000334	0.000334	0.000334	0.000334	0.000334	0.000334	0.079264	0.097324	0.491973	0.117726	0.000334	0.000334	0.000334	0.000334	0.000334	0.000334	0.000334	0.000334	0.000334	0.000334	0.000334	0.000334	0.000334	0.000334	0.000334	0.000334	0.000334	0.000334	0.000334	0.000334	0.000334	0.000334	0.000334	0.000334	0.000334	0.000334	0.000334	0.000334	0.017391	0.086288	0.075585	0.037124	0.000334	0.000334	0.000334	0.000334	0.000334	0.000334	0.000334	0.000334	0.000334	0.000334	0.000334	0.000334	
0.015050	0.033445	0.020067	0.028763	0.042475	0.031104	0.031104	0.079599	0.120401	0.171237	0.164548	0.112040	0.010702	0.026087	0.062207	0.056522	0.000334	0.000334	0.000334	0.000334	0.000334	0.000334	0.000334	0.000334	0.000334	0.000334	0.000334	0.000334	0.000334	0.000334	0.000334	0.000334	0.000334	0.000334	0.000334	0.000334	0.000334	0.000334	0.000334	0.000334	0.000334	0.000334	0.000334	0.000334	0.000334	0.000334	0.000334	0.000334	0.000334	0.000334	0.000334	0.000334	0.000334	0.000334	0.000334	0.000334	0.000334	0.000334	0.000334	0.000334	0.000334	0.000334	0.000334	0.000334	
0.001338	0.005017	0.007023	0.002676	0.003010	0.013043	0.012709	0.005686	0.002007	0.013378	0.003679	0.002007	0.001672	0.014381	0.009365	0.004348	0.005017	0.005686	0.027090	0.005686	0.010368	0.007023	0.007692	0.007023	0.004348	0.012375	0.013378	0.002007	0.000334	0.029431	0.022408	0.028428	0.036789	0.021739	0.041137	0.021739	0.006689	0.065886	0.086622	0.013043	0.019398	0.108027	0.028428	0.009699	0.011371	0.053512	0.028763	0.019398	0.000669	0.005351	0.005351	0.000334	0.000334	0.009030	0.015050	0.002676	0.008361	0.026087	0.024415	0.004348	0.000334	0.028094	0.016054	0.013043	
0.010368	0.018729	0.012375	0.002341	0.002676	0.018395	0.013043	0.003679	0.006689	0.033110	0.031773	0.009030	0.005017	0.013712	0.009030	0.002676	0.002007	0.003679	0.012040	0.002676	0.009030	0.028094	0.046823	0.011037	0.013378	0.055518	0.038462	0.014716	0.002341	0.011037	0.010702	0.004348	0.007358	0.011037	0.010368	0.005351	0.017057	0.069565	0.058194	0.015050	0.009030	0.040468	0.013378	0.007023	0.001338	0.007692	0.006020	0.003010	0.001338	0.004013	0.006689	0.001672	0.014716	0.040134	0.062207	0.008361	0.013378	0.029097	0.028094	0.006020	0.003344	0.026756	0.029431	0.005686	
0.002676	0.006020	0.006689	0.005686	0.011706	0.005686	0.011706	0.008361	0.008696	0.015385	0.010702	0.006689	0.001003	0.002341	0.005017	0.003679	0.005351	0.009365	0.009365	0.019398	0.036120	0.022408	0.044147	0.053512	0.039465	0.055184	0.048161	0.037458	0.002676	0.009030	0.010033	0.016388	0.006020	0.016722	0.009365	0.010368	0.044482	0.026087	0.046488	0.041137	0.013043	0.045819	0.031438	0.021405	0.003010	0.011371	0.008696	0.013712	0.001338	0.003679	0.003344	0.003679	0.016054	0.010702	0.012375	0.020067	0.014047	0.019398	0.012709	0.009030	0.001003	0.006020	0.001672	0.007023	
0.003010	0.005351	0.003679	0.003344	0.002341	0.011706	0.016722	0.005017	0.004013	0.014716	0.005017	0.005017	0.003344	0.013378	0.013712	0.008696	0.012375	0.023746	0.060201	0.012040	0.010368	0.018060	0.027425	0.009030	0.016722	0.048161	0.034783	0.015050	0.000334	0.031438	0.048829	0.042475	0.021070	0.016388	0.019064	0.018729	0.009365	0.046823	0.053846	0.025753	0.007692	0.058528	0.017057	0.019732	0.012040	0.030435	0.013378	0.018729	0.000669	0.002341	0.003679	0.001003	0.000334	0.015719	0.009365	0.003344	0.002676	0.012375	0.007358	0.003010	0.000334	0.022074	0.007692	0.010702	
0.005017	0.017726	0.010033	0.004348	0.005686	0.022074	0.016388	0.003679	0.004682	0.037793	0.033110	0.011037	0.001672	0.016388	0.013043	0.004013	0.002676	0.003344	0.012709	0.003679	0.006020	0.031104	0.042809	0.012375	0.009030	0.048495	0.034114	0.015719	0.002007	0.015050	0.022074	0.004013	0.007692	0.010702	0.009030	0.003679	0.009699	0.057525	0.053846	0.012709	0.010033	0.031773	0.015050	0.007358	0.006689	0.015385	0.014047	0.006689	0.002676	0.003010	0.009030	0.001338	0.005351	0.034783	0.048495	0.008696	0.008027	0.031104	0.035452	0.009030	0.002007	0.028094	0.042140	0.008361	
0.003010	0.007358	0.004682	0.003010	0.010368	0.006020	0.006020	0.012375	0.010368	0.013043	0.011037	0.006355	0.004348	0.001338	0.003010	0.004348	0.004348	0.006020	0.007358	0.009030	0.040803	0.018395	0.040468	0.045819	0.041806	0.048829	0.042140	0.028763	0.005351	0.009365	0.008696	0.014047	0.008027	0.008361	0.005351	0.010033	0.041137	0.029766	0.043478	0.034783	0.021070	0.039130	0.030435	0.027090	0.005017	0.011037	0.007692	0.019398	0.002676	0.004348	0.002676	0.002676	0.022742	0.011706	0.019064	0.021405	0.021070	0.025753	0.030769	0.013712	0.002007	0.005017	0.005351	0.010702	
0.003344	0.003344	0.004348	0.007023	0.000669	0.010702	0.010033	0.004682	0.001338	0.008696	0.005351	0.004682	0.003344	0.012375	0.006020	0.003010	0.009030	0.024080	0.069900	0.012040	0.015719	0.016054	0.025084	0.009030	0.013712	0.045151	0.039130	0.011037	0.000334	0.045485	0.034114	0.034448	0.023077	0.025418	0.021405	0.024415	0.005017	0.041137	0.055853	0.024749	0.014716	0.062542	0.014716	0.022408	0.017057	0.028763	0.013712	0.016388	0.002007	0.006689	0.003344	0.004682	0.000334	0.013378	0.009365	0.003679	0.002341	0.012040	0.008027	0.002341	0.000334	0.028763	0.011371	0.008027	
0.005686	0.012709	0.015050	0.004013	0.002676	0.032441	0.020067	0.004348	0.004682	0.044816	0.039799	0.009699	0.004013	0.021070	0.018395	0.004682	0.002007	0.003344	0.014381	0.002007	0.006020	0.023411	0.039130	0.012709	0.009365	0.045819	0.033445	0.011706	0.002341	0.014047	0.022742	0.003010	0.010033	0.010702	0.007692	0.003679	0.006020	0.054849	0.049833	0.017726	0.009699	0.034783	0.016054	0.006689	0.005686	0.015385	0.013712	0.005686	0.001338	0.003679	0.013712	0.002341	0.005351	0.043478	0.057525	0.009030	0.005351	0.028763	0.025084	0.006020	0.003010	0.025753	0.026756	0.006355	
0.003344	0.003679	0.005017	0.007023	0.010033	0.004013	0.006689	0.009699	0.013712	0.014381	0.009699	0.013043	0.002341	0.002341	0.001672	0.005686	0.004013	0.002341	0.006020	0.007692	0.043478	0.022408	0.038127	0.050167	0.037124	0.050167	0.048161	0.031104	0.002341	0.015385	0.006689	0.019398	0.007023	0.004682	0.006355	0.011037	0.046154	0.024080	0.047826	0.036120	0.023411	0.040803	0.026756	0.023411	0.006355	0.007023	0.004682	0.016054	0.003679	0.005351	0.002341	0.003679	0.020401	0.012709	0.018729	0.024415	0.021405	0.028763	0.020736	0.010702	0.001338	0.005686	0.003010	0.009699	
0.002341	0.005351	0.007692	0.002676	0.000669	0.005686	0.007692	0.002007	0.001338	0.009030	0.006355	0.003010	0.006020	0.011706	0.008696	0.003010	0.012040	0.025418	0.071237	0.011371	0.016054	0.017726	0.018395	0.011037	0.017057	0.041137	0.040803	0.012375	0.000334	0.053177	0.033779	0.033110	0.024415	0.028094	0.020736	0.022408	0.010368	0.043813	0.054181	0.025753	0.011037	0.053846	0.015050	0.025418	0.013378	0.028094	0.016388	0.020401	0.001338	0.006689	0.002007	0.002341	0.000334	0.021739	0.006020	0.002341	0.002676	0.007023	0.004682	0.001672	0.000334	0.030435	0.009699	0.010368	
0.005017	0.015385	0.015050	0.004682	0.003010	0.034114	0.023077	0.005351	0.007692	0.044147	0.041806	0.008027	0.002341	0.019398	0.015050	0.002007	0.002676	0.004682	0.017726	0.002341	0.006355	0.018729	0.048161	0.015719	0.008696	0.036120	0.029431	0.012040	0.001672	0.016054	0.019064	0.004348	0.009030	0.009030	0.011037	0.003010	0.008361	0.048161	0.045819	0.008696	0.010033	0.038462	0.012709	0.005686	0.006355	0.015719	0.015050	0.005351	0.001672	0.002676	0.013712	0.002007	0.007358	0.047492	0.057860	0.010702	0.005017	0.030435	0.024749	0.008361	0.002341	0.027090	0.030435	0.007023	
0.003679	0.004348	0.004013	0.006355	0.010702	0.003679	0.008361	0.009030	0.014047	0.017391	0.016722	0.009365	0.001672	0.002676	0.002341	0.005351	0.004682	0.007692	0.005686	0.007023	0.043478	0.020401	0.037793	0.046823	0.050502	0.045151	0.046154	0.033110	0.002341	0.009030	0.006355	0.022742	0.009365	0.009030	0.004348	0.008696	0.049498	0.020736	0.041137	0.037793	0.018729	0.039130	0.025418	0.025418	0.004348	0.007692	0.006689	0.015385	0.002676	0.002676	0.001672	0.005686	0.028428	0.013043	0.018729	0.018060	0.026421	0.021739	0.016722	0.014716	0.001672	0.004013	0.004013	0.009030	
0.003679	0.006355	0.006020	0.004348	0.001672	0.007358	0.012040	0.002676	0.003010	0.005686	0.004682	0.002341	0.008027	0.010033	0.005686	0.004013	0.013712	0.025418	0.078261	0.014716	0.019732	0.012040	0.021739	0.004348	0.012709	0.044816	0.035452	0.013043	0.000334	0.042475	0.037458	0.031438	0.026756	0.027759	0.027759	0.027425	0.005351	0.041137	0.054181	0.022742	0.017057	0.052174	0.014047	0.021739	0.017057	0.035452	0.015385	0.014716	0.001338	0.005017	0.002341	0.001338	0.000334	0.013712	0.007692	0.001672	0.002676	0.007023	0.006355	0.003344	0.000334	0.032441	0.009699	0.010033	
0.008696	0.012375	0.020401	0.004013	0.003010	0.036789	0.021739	0.003010	0.008027	0.039799	0.052174	0.014381	0.002676	0.022742	0.018060	0.004348	0.002341	0.003010	0.019732	0.002007	0.006020	0.018729	0.041137	0.008361	0.009030	0.045819	0.030769	0.010033	0.001003	0.007358	0.018729	0.004348	0.010033	0.010702	0.010702	0.004013	0.005686	0.049164	0.048495	0.006355	0.009365	0.023077	0.018395	0.009699	0.004348	0.014716	0.018395	0.003010	0.002341	0.005686	0.015719	0.002007	0.005351	0.041137	0.067893	0.006020	0.005351	0.028094	0.025084	0.009699	0.001003	0.022742	0.031438	0.005017	
0.003679	0.008696	0.005686	0.005351	0.009030	0.005017	0.006355	0.011371	0.011706	0.020401	0.018395	0.016054	0.002676	0.001672	0.002676	0.005017	0.004013	0.005017	0.003010	0.008027	0.048161	0.018060	0.039465	0.040134	0.045485	0.053846	0.053177	0.026756	0.001338	0.005017	0.003679	0.013712	0.005686	0.009699	0.006689	0.009699	0.043813	0.025753	0.037124	0.030100	0.023077	0.047157	0.024749	0.031438	0.009365	0.007358	0.007358	0.019732	0.000669	0.003344	0.002676	0.002341	0.026087	0.008027	0.013043	0.020401	0.022742	0.030100	0.021405	0.012375	0.003344	0.003010	0.002007	0.008361	
0.001338	0.004348	0.005351	0.003010	0.001672	0.006355	0.013712	0.005017	0.003010	0.007023	0.004682	0.003344	0.006355	0.007023	0.007358	0.004682	0.010033	0.027425	0.075585	0.014047	0.017726	0.012709	0.022074	0.004348	0.009699	0.042140	0.034448	0.009699	0.000334	0.036455	0.037124	0.028094	0.025753	0.025753	0.024749	0.026756	0.008027	0.052508	0.062876	0.028094	0.011037	0.062207	0.017391	0.027090	0.018729	0.037793	0.012375	0.017726	0.001003	0.007358	0.003679	0.004682	0.000334	0.009030	0.006689	0.001003	0.002676	0.006689	0.004682	0.001672	0.000334	0.028428	0.010702	0.007358	
0.005686	0.016054	0.012709	0.003679	0.002341	0.032776	0.025418	0.004348	0.007692	0.047492	0.042475	0.011706	0.002341	0.023411	0.020736	0.002007	0.003344	0.005686	0.016388	0.002341	0.007692	0.021070	0.047157	0.004682	0.008361	0.059197	0.024749	0.013043	0.002007	0.012375	0.021405	0.002676	0.009699	0.007358	0.006020	0.003344	0.008696	0.056522	0.044147	0.008696	0.011037	0.030435	0.011371	0.008361	0.003344	0.017057	0.015719	0.005686	0.002007	0.004348	0.016722	0.002676	0.004682	0.042140	0.054849	0.008027	0.007358	0.030769	0.023077	0.006355	0.002341	0.021405	0.030769	0.003344	
0.003679	0.005351	0.006355	0.005351	0.011706	0.006020	0.005686	0.010033	0.010702	0.016054	0.015385	0.009699	0.002007	0.001672	0.002341	0.006020	0.004682	0.006355	0.004013	0.008361	0.052174	0.018060	0.033779	0.048495	0.049833	0.048829	0.045485	0.027425	0.002676	0.002676	0.004348	0.016054	0.007358	0.010033	0.005686	0.011371	0.060870	0.025418	0.042140	0.039465	0.022408	0.035452	0.022074	0.021739	0.004682	0.005351	0.007023	0.022408	0.001672	0.003344	0.002341	0.002676	0.026756	0.011371	0.015385	0.020736	0.026087	0.020401	0.024080	0.018060	0.001003	0.002341	0.003010	0.007358	
0.004348	0.003679	0.005017	0.004348	0.000669	0.008696	0.012709	0.003010	0.002676	0.008696	0.004348	0.002676	0.005686	0.009699	0.007692	0.004682	0.011037	0.031104	0.090635	0.018729	0.018729	0.011706	0.025418	0.005017	0.011706	0.044482	0.032776	0.008027	0.000334	0.039130	0.043813	0.035452	0.032441	0.023411	0.025418	0.027759	0.009030	0.040468	0.049164	0.022074	0.010702	0.056856	0.016722	0.022742	0.018395	0.028763	0.010368	0.019398	0.001003	0.004682	0.001672	0.003010	0.000334	0.004682	0.005351	0.001672	0.003010	0.007358	0.002676	0.003679	0.000334	0.029431	0.012375	0.009699	
0.005686	0.016722	0.020736	0.005686	0.004348	0.030435	0.025084	0.003010	0.009365	0.048161	0.054515	0.010702	0.002341	0.024080	0.024415	0.003010	0.001338	0.004682	0.021070	0.001672	0.005686	0.014381	0.037458	0.008027	0.010033	0.043813	0.032107	0.006689	0.001003	0.007023	0.021070	0.002676	0.008027	0.008361	0.007692	0.004013	0.008696	0.050502	0.049833	0.008361	0.008027	0.033445	0.010033	0.005017	0.004348	0.015719	0.012375	0.004682	0.003010	0.002007	0.017391	0.002341	0.004348	0.032441	0.062876	0.007358	0.008361	0.034783	0.024749	0.006355	0.001672	0.021070	0.041806	0.004682	
0.002341	0.004682	0.005686	0.005351	0.012709	0.004682	0.007358	0.007023	0.015385	0.022742	0.016722	0.012040	0.003679	0.001672	0.003010	0.005351	0.004013	0.006689	0.005351	0.007023	0.042475	0.016054	0.029431	0.039799	0.050836	0.045151	0.046823	0.032441	0.002007	0.002676	0.005017	0.017057	0.005351	0.012375	0.004013	0.014047	0.055518	0.023746	0.047826	0.033110	0.020401	0.044147	0.027759	0.029097	0.004348	0.005017	0.003344	0.016054	0.002341	0.001003	0.001672	0.004348	0.028094	0.009365	0.012040	0.018395	0.028094	0.027759	0.024749	0.019064	0.002007	0.003010	0.001672	0.008361	
0.001338	0.004682	0.004013	0.004013	0.002341	0.007023	0.013378	0.002007	0.002676	0.005017	0.005686	0.003344	0.007692	0.013378	0.006355	0.003344	0.013378	0.029097	0.081271	0.015050	0.020401	0.008696	0.021070	0.003679	0.012709	0.044816	0.032776	0.006355	0.000334	0.034448	0.037124	0.026421	0.029431	0.026421	0.028094	0.030769	0.008361	0.054849	0.057191	0.019398	0.008361	0.066221	0.015050	0.026421	0.020401	0.041472	0.014047	0.016722	0.000669	0.004348	0.004013	0.003010	0.000334	0.006020	0.005686	0.000334	0.001672	0.006689	0.003344	0.001338	0.000334	0.027425	0.010033	0.009030	
0.006689	0.017391	0.015385	0.005351	0.002676	0.029097	0.027425	0.005351	0.009365	0.044482	0.050836	0.012709	0.002007	0.025418	0.020067	0.005351	0.002676	0.005686	0.019398	0.003679	0.006355	0.017391	0.046154	0.006689	0.012040	0.041472	0.034783	0.009030	0.001338	0.004013	0.017391	0.002676	0.006689	0.009030	0.007692	0.002007	0.008361	0.057525	0.047492	0.009365	0.010702	0.026087	0.015050	0.005017	0.003679	0.013712	0.015385	0.004682	0.003679	0.006020	0.017057	0.002007	0.004682	0.036789	0.066890	0.008361	0.002341	0.030100	0.028094	0.007023	0.002676	0.017726	0.031773	0.003344	
0.004348	0.004013	0.003679	0.007692	0.014381	0.005017	0.009365	0.009365	0.012375	0.018395	0.017726	0.011037	0.002676	0.001338	0.004013	0.005017	0.003344	0.004348	0.003344	0.011037	0.053177	0.017391	0.036120	0.034114	0.065886	0.046488	0.046488	0.029097	0.003010	0.002676	0.003679	0.020401	0.006355	0.008696	0.006355	0.013043	0.048829	0.025084	0.037793	0.030435	0.022074	0.037793	0.036455	0.032441	0.006355	0.004348	0.002676	0.020401	0.001672	0.004348	0.001338	0.002341	0.027425	0.006020	0.009030	0.018395	0.019064	0.024749	0.024749	0.016054	0.002341	0.003010	0.002007	0.008696	
0.003344	0.003010	0.004348	0.005017	0.001338	0.008027	0.008027	0.004013	0.002341	0.006689	0.003010	0.002676	0.006689	0.016388	0.006355	0.004682	0.009699	0.033110	0.086957	0.014047	0.017057	0.011706	0.019732	0.005017	0.011037	0.041806	0.032776	0.006689	0.000334	0.036789	0.029766	0.025418	0.029766	0.027090	0.026756	0.035786	0.009699	0.047826	0.050836	0.019064	0.010033	0.073244	0.017726	0.024415	0.021405	0.032776	0.016722	0.017726	0.002341	0.006355	0.003679	0.002007	0.000334	0.005017	0.004348	0.001672	0.002007	0.007023	0.003010	0.000334	0.000334	0.033445	0.011706	0.009030	
0.005351	0.016388	0.018060	0.005351	0.003679	0.034114	0.028094	0.003679	0.008361	0.047826	0.051839	0.013712	0.003679	0.026087	0.023077	0.004013	0.001672	0.006020	0.018395	0.002341	0.007358	0.022742	0.033779	0.008696	0.008027	0.039465	0.028094	0.007358	0.001338	0.007023	0.018060	0.003344	0.006689	0.008361	0.008361	0.002007	0.010368	0.047157	0.062207	0.009030	0.008027	0.029766	0.011706	0.007023	0.003679	0.012709	0.014047	0.003679	0.001003	0.004348	0.020401	0.003010	0.007023	0.038796	0.065552	0.008027	0.004348	0.028094	0.024080	0.008027	0.002007	0.023411	0.026421	0.005017	
0.003679	0.004348	0.002676	0.004013	0.012709	0.006020	0.007692	0.008696	0.015050	0.021739	0.017391	0.011037	0.001338	0.001338	0.001672	0.008361	0.005351	0.007692	0.006689	0.008696	0.051505	0.016054	0.037458	0.037793	0.060201	0.052843	0.049164	0.027425	0.003344	0.003679	0.006355	0.016054	0.006020	0.005017	0.005017	0.012709	0.045485	0.026087	0.036789	0.036789	0.022074	0.043144	0.024080	0.026421	0.004682	0.004348	0.005686	0.021405	0.000669	0.003679	0.002007	0.004348	0.028428	0.007023	0.015050	0.018729	0.023077	0.023746	0.020736	0.014047	0.001672	0.003344	0.002007	0.009030	
0.003010	0.003679	0.003010	0.006020	0.001338	0.007023	0.009030	0.003344	0.001338	0.007692	0.005017	0.002341	0.008027	0.011371	0.007358	0.003010	0.014716	0.023077	0.082274	0.018060	0.016388	0.011706	0.024749	0.002341	0.010702	0.042809	0.035452	0.008027	0.000334	0.036120	0.039465	0.026087	0.031438	0.027759	0.031104	0.030100	0.012709	0.044482	0.049833	0.034448	0.013043	0.061204	0.013043	0.024080	0.014047	0.038127	0.010702	0.016054	0.001338	0.004682	0.003010	0.002007	0.000334	0.005351	0.005686	0.001338	0.001338	0.010702	0.002007	0.001672	0.000334	0.032441	0.011037	0.011037	
0.004348	0.023746	0.019398	0.003010	0.003344	0.029431	0.021739	0.004682	0.007692	0.050502	0.048829	0.012375	0.005017	0.027090	0.020401	0.003679	0.002676	0.005686	0.020067	0.002341	0.008696	0.014381	0.038127	0.007358	0.008361	0.040803	0.031438	0.008696	0.001672	0.010368	0.024415	0.005017	0.004682	0.009699	0.010033	0.002007	0.009699	0.052174	0.050502	0.010033	0.011037	0.029431	0.011037	0.004013	0.003010	0.013043	0.015719	0.004348	0.002007	0.004682	0.015050	0.001003	0.004348	0.038796	0.068896	0.006020	0.004348	0.026756	0.032107	0.005351	0.001338	0.019732	0.030769	0.004348	
0.004013	0.004348	0.002341	0.003010	0.017057	0.006689	0.008027	0.012040	0.011371	0.023077	0.018729	0.011371	0.001003	0.002341	0.002007	0.003010	0.003679	0.007023	0.005017	0.010368	0.047492	0.016388	0.035117	0.035786	0.048829	0.051505	0.039799	0.039130	0.001003	0.004013	0.006689	0.016388	0.007023	0.008361	0.004682	0.011371	0.048829	0.022074	0.042809	0.033779	0.021405	0.039799	0.029431	0.032776	0.005351	0.005351	0.002676	0.017057	0.001003	0.003010	0.001672	0.005351	0.029097	0.006355	0.016722	0.018060	0.023077	0.029431	0.019064	0.019732	0.002007	0.002676	0.002007	0.010702	
0.002007	0.004348	0.005351	0.004013	0.001672	0.008696	0.009699	0.002676	0.000669	0.007692	0.002007	0.003344	0.005686	0.013712	0.006689	0.004013	0.012040	0.033779	0.082943	0.013712	0.016388	0.010702	0.020736	0.003679	0.012709	0.051171	0.029097	0.009699	0.000334	0.036455	0.038796	0.024080	0.030100	0.024080	0.020736	0.029766	0.008361	0.050167	0.062542	0.022742	0.011037	0.060201	0.008361	0.027425	0.022408	0.046154	0.016388	0.018060	0.000334	0.005686	0.002341	0.001003	0.000334	0.006689	0.006020	0.001338	0.001338	0.006020	0.003679	0.002341	0.000334	0.031438	0.009365	0.006020	
0.005686	0.018060	0.016722	0.004013	0.004013	0.034448	0.025753	0.003679	0.004682	0.047157	0.047157	0.012375	0.001672	0.022074	0.021739	0.003010	0.002341	0.006355	0.014716	0.003344	0.004682	0.021070	0.046823	0.003679	0.012375	0.045819	0.030769	0.010033	0.000669	0.008361	0.017057	0.004348	0.009030	0.008027	0.007692	0.001003	0.009030	0.060870	0.045485	0.009699	0.006689	0.023077	0.008361	0.005017	0.003679	0.017391	0.017726	0.004013	0.001672	0.009365	0.015385	0.002341	0.007692	0.035786	0.077926	0.006355	0.006355	0.030100	0.028094	0.006689	0.002007	0.016388	0.032107	0.001672	
0.003679	0.006020	0.003010	0.006020	0.015385	0.006020	0.009699	0.010702	0.013043	0.016722	0.016722	0.008027	0.001338	0.001672	0.001672	0.006020	0.004348	0.006355	0.007023	0.007692	0.058194	0.016054	0.032776	0.045151	0.056187	0.054181	0.048161	0.037458	0.001338	0.003010	0.003679	0.015385	0.005686	0.008361	0.004682	0.011371	0.046154	0.025418	0.040468	0.034114	0.023077	0.031773	0.029431	0.030100	0.005017	0.006689	0.006020	0.016388	0.002007	0.003344	0.001003	0.001672	0.022408	0.007023	0.014047	0.020736	0.022408	0.026756	0.024080	0.015385	0.001003	0.001338	0.001003	0.009699	
0.003344	0.004013	0.004013	0.004348	0.001338	0.009365	0.010368	0.003010	0.001003	0.009030	0.003679	0.002007	0.005017	0.011371	0.007358	0.003010	0.010702	0.033445	0.077926	0.020067	0.017726	0.010033	0.024415	0.002341	0.010368	0.041806	0.039130	0.005686	0.000334	0.043478	0.042809	0.024080	0.025418	0.025418	0.025084	0.038796	0.006020	0.054181	0.047492	0.021739	0.010702	0.070903	0.008696	0.028094	0.017726	0.042475	0.010702	0.020067	0.000669	0.005017	0.001672	0.001338	0.000334	0.007023	0.004682	0.000669	0.001338	0.008027	0.001672	0.001338	0.000334	0.033110	0.009030	0.005017	
0.004348	0.015050	0.017057	0.003679	0.004682	0.033110	0.025753	0.004348	0.007358	0.040468	0.053512	0.007358	0.005686	0.026756	0.028428	0.003679	0.002341	0.004013	0.017057	0.002007	0.009365	0.020067	0.047157	0.004013	0.008696	0.039799	0.031104	0.007358	0.001672	0.007023	0.015385	0.003679	0.003010	0.009365	0.007692	0.003344	0.011371	0.055184	0.055184	0.008027	0.010702	0.029431	0.010702	0.002341	0.004013	0.018395	0.012375	0.002341	0.001003	0.003679	0.016388	0.002341	0.005351	0.040803	0.078930	0.005351	0.002676	0.028094	0.033445	0.005686	0.000334	0.020067	0.027425	0.004348	
0.003010	0.004013	0.001338	0.002341	0.011037	0.003679	0.007023	0.010368	0.015050	0.016722	0.016388	0.010033	0.002007	0.001338	0.001338	0.006689	0.002676	0.009365	0.005686	0.013043	0.046488	0.015050	0.039799	0.047826	0.056187	0.061873	0.055853	0.033110	0.003344	0.003010	0.002676	0.012709	0.006689	0.007692	0.003344	0.011706	0.045151	0.019732	0.039465	0.033445	0.026087	0.039799	0.032441	0.030435	0.003010	0.003679	0.003010	0.013043	0.001003	0.005017	0.001338	0.004348	0.027090	0.009030	0.015385	0.020736	0.018729	0.028094	0.021070	0.015719	0.001338	0.002007	0.001338	0.009365	
0.001338	0.005686	0.002676	0.003679	0.002007	0.008027	0.012040	0.004013	0.001672	0.006689	0.002341	0.001003	0.004682	0.012709	0.007358	0.006689	0.009699	0.024415	0.077592	0.018060	0.016054	0.007692	0.019732	0.004013	0.010702	0.044147	0.038796	0.008027	0.000334	0.044816	0.039799	0.027425	0.026421	0.028428	0.028094	0.033110	0.009030	0.055853	0.058194	0.023411	0.011037	0.068227	0.013043	0.033445	0.019064	0.042140	0.011706	0.016388	0.001003	0.002341	0.003679	0.002676	0.000334	0.003344	0.005351	0.001003	0.000334	0.006020	0.001338	0.000669	0.000334	0.026756	0.010033	0.004682	
0.004013	0.015719	0.015385	0.003344	0.003344	0.034114	0.018729	0.004682	0.006355	0.045151	0.051505	0.009030	0.003010	0.029431	0.019064	0.006020	0.002007	0.006355	0.016722	0.002341	0.006355	0.022408	0.040803	0.005351	0.007023	0.046488	0.028428	0.013378	0.001338	0.009699	0.019732	0.001672	0.003344	0.008361	0.009699	0.002341	0.009365	0.059197	0.047826	0.008696	0.009030	0.029766	0.010702	0.006020	0.006355	0.015385	0.018060	0.003344	0.003010	0.005686	0.014716	0.001003	0.004348	0.043478	0.073244	0.005351	0.004013	0.031773	0.029097	0.004013	0.001338	0.021070	0.030100	0.002676	
0.003679	0.003679	0.001672	0.003344	0.011706	0.004348	0.009365	0.010702	0.011037	0.018060	0.018395	0.009030	0.001338	0.001672	0.001338	0.004682	0.003679	0.006020	0.004348	0.009365	0.055853	0.016722	0.039465	0.047157	0.047157	0.053512	0.045819	0.034114	0.004348	0.003679	0.003010	0.013043	0.006355	0.007358	0.004348	0.008361	0.053846	0.027425	0.040468	0.031438	0.020401	0.044482	0.023746	0.031104	0.002676	0.008027	0.004682	0.017057	0.001672	0.004682	0.001672	0.004013	0.026756	0.010702	0.015719	0.022408	0.020736	0.026087	0.021739	0.018395	0.001003	0.002676	0.001003	0.009030	
0.004013	0.004682	0.003679	0.003010	0.001672	0.007358	0.009699	0.003010	0.001338	0.006689	0.003010	0.001003	0.004682	0.011037	0.006355	0.003010	0.013378	0.034448	0.085619	0.014716	0.018060	0.012709	0.026087	0.002341	0.012375	0.047826	0.034114	0.010702	0.000334	0.044482	0.037458	0.029431	0.026087	0.021405	0.020067	0.031773	0.008361	0.057191	0.048495	0.028094	0.007358	0.061873	0.011037	0.029431	0.015719	0.044816	0.013043	0.019064	0.000334	0.005686	0.000334	0.003010	0.000334	0.007023	0.006020	0.002676	0.000669	0.003010	0.003679	0.002676	0.000334	0.027090	0.009365	0.007023	
0.004682	0.019398	0.016388	0.003344	0.004682	0.034114	0.024749	0.002676	0.006020	0.049164	0.044816	0.009699	0.003344	0.020736	0.024749	0.003679	0.002007	0.007023	0.017726	0.001672	0.008027	0.020736	0.047157	0.008361	0.007692	0.046488	0.029431	0.006689	0.000669	0.010368	0.020401	0.004682	0.004013	0.008696	0.007358	0.001672	0.014047	0.045819	0.052508	0.007023	0.009365	0.025753	0.013043	0.003679	0.006355	0.015385	0.019398	0.002676	0.002007	0.004682	0.013043	0.001338	0.006020	0.038796	0.074247	0.008361	0.000669	0.029766	0.029431	0.006355	0.001003	0.023411	0.031104	0.003010	
0.001672	0.005351	0.001338	0.004348	0.015385	0.003344	0.008361	0.012709	0.011371	0.012375	0.016388	0.014381	0.001338	0.000669	0.001003	0.005017	0.004682	0.008027	0.006689	0.013378	0.047157	0.015719	0.037124	0.039465	0.046488	0.062542	0.046823	0.042809	0.001672	0.003010	0.004682	0.017057	0.003344	0.006355	0.003010	0.011037	0.053177	0.017726	0.045485	0.034783	0.029097	0.034783	0.025753	0.027090	0.003010	0.004348	0.004682	0.014381	0.000334	0.003344	0.001672	0.006020	0.024080	0.008361	0.016388	0.021070	0.023411	0.027090	0.024749	0.020401	0.002007	0.003679	0.001672	0.006689	
0.000334	0.002341	0.003010	0.004348	0.001338	0.009699	0.008027	0.004013	0.000669	0.005686	0.004013	0.002341	0.007692	0.013378	0.009365	0.004348	0.009699	0.032107	0.083278	0.014716	0.018729	0.008361	0.015719	0.002341	0.012040	0.042475	0.042475	0.010368	0.000334	0.038462	0.044147	0.025084	0.027759	0.023746	0.021739	0.037124	0.008361	0.050502	0.055184	0.022742	0.010702	0.066555	0.012375	0.024080	0.023411	0.044147	0.016722	0.020401	0.000334	0.004013	0.002007	0.001672	0.000334	0.006355	0.003679	0.001338	0.001672	0.007358	0.001672	0.001338	0.000334	0.028428	0.008027	0.006355	
0.003344	0.014381	0.016722	0.003679	0.002676	0.033445	0.021405	0.004682	0.007358	0.046823	0.047492	0.008361	0.002676	0.028763	0.024080	0.002341	0.002341	0.007023	0.017726	0.001672	0.006689	0.019064	0.044816	0.004348	0.009365	0.036120	0.029097	0.008027	0.001672	0.007692	0.019064	0.002007	0.006355	0.007023	0.009030	0.002676	0.009699	0.047157	0.056856	0.008361	0.011037	0.027425	0.014716	0.007358	0.002676	0.016054	0.017057	0.002341	0.002676	0.009030	0.019064	0.001003	0.006355	0.042475	0.068227	0.007358	0.004013	0.036789	0.032776	0.004682	0.001003	0.021739	0.029431	0.004013	
0.002341	0.006020	0.002007	0.004348	0.013378	0.004348	0.006689	0.013043	0.011706	0.022074	0.018395	0.010368	0.002676	0.001003	0.002007	0.003344	0.002341	0.007692	0.005351	0.010033	0.045485	0.019732	0.034448	0.042475	0.052843	0.054849	0.048829	0.034783	0.001338	0.002341	0.005017	0.016054	0.006355	0.008696	0.005686	0.011037	0.052174	0.019732	0.038127	0.037124	0.021405	0.045819	0.027759	0.029097	0.006020	0.004682	0.004682	0.013043	0.001003	0.003010	0.001003	0.003010	0.027759	0.006689	0.019398	0.020401	0.024080	0.024080	0.019398	0.022074	0.001338	0.001338	0.002007	0.006020	
0.002676	0.003010	0.003679	0.002676	0.001672	0.009365	0.010702	0.003679	0.002007	0.007358	0.003010	0.001672	0.006355	0.011037	0.008361	0.002676	0.009699	0.034114	0.076254	0.018729	0.017391	0.010702	0.017726	0.004682	0.010702	0.046154	0.031104	0.010702	0.000334	0.040468	0.041806	0.030435	0.027425	0.025084	0.021405	0.036120	0.006689	0.055518	0.055853	0.028763	0.013378	0.058863	0.011706	0.030435	0.021405	0.037793	0.017391	0.019732	0.001003	0.005686	0.003010	0.001672	0.000334	0.006020	0.002007	0.001003	0.000669	0.010368	0.001672	0.001003	0.000334	0.028428	0.005351	0.004348	
0.005017	0.015719	0.015719	0.004348	0.004682	0.035117	0.024415	0.003679	0.006020	0.045819	0.045151	0.007358	0.002007	0.024749	0.029766	0.002676	0.003344	0.005351	0.015719	0.001672	0.006689	0.019732	0.048161	0.007023	0.007692	0.044147	0.028428	0.006020	0.001672	0.008696	0.024749	0.003010	0.005017	0.008027	0.009365	0.004348	0.010368	0.044816	0.058863	0.008696	0.007358	0.022408	0.013043	0.004682	0.005017	0.015719	0.021070	0.002007	0.001338	0.006020	0.018729	0.002341	0.006355	0.035117	0.069565	0.006689	0.003010	0.030100	0.034783	0.005017	0.001338	0.018729	0.035452	0.001672	
0.004013	0.004348	0.002676	0.003679	0.012375	0.005351	0.007358	0.010033	0.014381	0.015719	0.017057	0.012375	0.001003	0.000669	0.004013	0.007023	0.003679	0.007692	0.004348	0.012375	0.048161	0.014716	0.035452	0.036455	0.058863	0.052508	0.051505	0.038127	0.001672	0.002676	0.003679	0.018060	0.005017	0.006689	0.003344	0.009030	0.052508	0.021070	0.035786	0.033110	0.026756	0.036455	0.029097	0.029097	0.003010	0.003679	0.005351	0.011037	0.000669	0.002341	0.002007	0.005017	0.026087	0.007358	0.015719	0.018729	0.026421	0.035452	0.026421	0.022742	0.000334	0.002007	0.001672	0.005351	
0.002676	0.002676	0.003344	0.004682	0.000669	0.008027	0.010368	0.002007	0.001672	0.005351	0.004013	0.001338	0.004013	0.014047	0.007023	0.005017	0.009365	0.030435	0.081940	0.017391	0.014716	0.009365	0.020401	0.004013	0.012040	0.040134	0.036120	0.006020	0.000334	0.034783	0.037793	0.025418	0.033779	0.025084	0.034783	0.032776	0.009365	0.057191	0.051171	0.022408	0.010702	0.065217	0.016722	0.031438	0.018060	0.044816	0.017391	0.022074	0.000334	0.004013	0.001338	0.000334	0.000334	0.004682	0.003010	0.001003	0.002676	0.007358	0.001672	0.003010	0.000334	0.029097	0.005686	0.006355	
0.005351	0.020401	0.016388	0.004013	0.004013	0.038127	0.017391	0.002676	0.007358	0.051505	0.053512	0.009030	0.002676	0.022074	0.025418	0.005017	0.002341	0.005351	0.014716	0.002676	0.007023	0.020067	0.045819	0.006355	0.005686	0.041472	0.029431	0.008361	0.002007	0.007358	0.017391	0.002676	0.004013	0.009699	0.011706	0.001672	0.010702	0.048495	0.048495	0.010368	0.011037	0.026087	0.015050	0.006355	0.004013	0.014716	0.020067	0.003010	0.001338	0.005017	0.014716	0.001672	0.006355	0.040134	0.069231	0.007023	0.004682	0.030100	0.028763	0.004348	0.002341	0.018729	0.035786	0.002007	
0.001338	0.004348	0.003344	0.004013	0.015050	0.002007	0.011037	0.012375	0.012040	0.018395	0.016388	0.010702	0.002007	0.001003	0.002341	0.004682	0.004348	0.006689	0.006020	0.011037	0.055184	0.014047	0.037124	0.040468	0.054181	0.047157	0.044482	0.035117	0.001003	0.002341	0.005017	0.018060	0.006689	0.008361	0.005017	0.008696	0.056187	0.020067	0.035786	0.037124	0.024080	0.042140	0.024749	0.035786	0.004013	0.003679	0.002676	0.017726	0.000669	0.003679	0.002341	0.004348	0.021739	0.009030	0.014047	0.018060	0.026756	0.029766	0.023411	0.018729	0.001003	0.002341	0.002007	0.007358	
0.001672	0.004682	0.002341	0.004348	0.002676	0.009030	0.007358	0.004013	0.002007	0.006689	0.006020	0.002007	0.006689	0.010702	0.006689	0.004013	0.014716	0.030435	0.081940	0.021070	0.014716	0.009365	0.017391	0.003679	0.013043	0.047157	0.029766	0.008027	0.000334	0.041806	0.035786	0.030100	0.032776	0.024749	0.025753	0.033779	0.007692	0.058528	0.044482	0.026756	0.007692	0.064548	0.012709	0.024080	0.020736	0.043478	0.012709	0.023411	0.000334	0.005351	0.001672	0.000669	0.000334	0.004348	0.003344	0.001338	0.001003	0.006355	0.002341	0.002341	0.000334	0.029431	0.008696	0.009365	
0.003010	0.016722	0.021070	0.008696	0.002007	0.034783	0.024749	0.003679	0.008361	0.044816	0.046488	0.012040	0.004348	0.026756	0.025418	0.003344	0.002341	0.004013	0.017391	0.001672	0.007023	0.022074	0.047492	0.004682	0.006020	0.032107	0.028763	0.005686	0.001672	0.008361	0.023077	0.002676	0.003344	0.007358	0.011371	0.001672	0.011706	0.052174	0.052174	0.008696	0.008361	0.025084	0.010368	0.007023	0.004013	0.015719	0.013043	0.003679	0.002007	0.005351	0.018729	0.002007	0.005017	0.038796	0.072575	0.009030	0.003679	0.028094	0.027090	0.005017	0.002341	0.018729	0.041806	0.004013	
0.001338	0.002676	0.003679	0.003010	0.011037	0.002676	0.009365	0.010368	0.016388	0.019398	0.018729	0.014047	0.002341	0.002007	0.003344	0.006355	0.003344	0.006355	0.004013	0.012040	0.053177	0.016388	0.038796	0.039465	0.056856	0.051839	0.050502	0.037793	0.000669	0.002007	0.004682	0.018729	0.005017	0.008696	0.004013	0.008696	0.040803	0.019398	0.035452	0.034448	0.018729	0.038462	0.025753	0.029766	0.004013	0.004348	0.005351	0.016054	0.001338	0.001672	0.002341	0.007023	0.020736	0.007692	0.021070	0.020067	0.025753	0.030769	0.028763	0.018060	0.001338	0.002007	0.001338	0.009030	
0.002007	0.002676	0.003010	0.003344	0.001338	0.007692	0.008361	0.002007	0.000669	0.006355	0.003679	0.003344	0.005686	0.011706	0.007692	0.005686	0.008696	0.027759	0.074247	0.015050	0.015719	0.011037	0.016388	0.003010	0.018395	0.043478	0.036455	0.006355	0.000334	0.042809	0.032776	0.028428	0.034114	0.025418	0.030100	0.028094	0.014047	0.050167	0.052174	0.024080	0.009030	0.066555	0.016388	0.031773	0.022408	0.043144	0.016388	0.017726	0.000669	0.003679	0.003010	0.001003	0.000334	0.004682	0.004682	0.000669	0.001003	0.008027	0.003344	0.002341	0.000334	0.037458	0.007692	0.004682	
0.004013	0.017057	0.020401	0.004013	0.002676	0.029431	0.023411	0.004013	0.006020	0.046823	0.047492	0.010033	0.004013	0.022742	0.019398	0.001338	0.003010	0.005686	0.019732	0.003010	0.006355	0.016388	0.046154	0.004682	0.007358	0.033445	0.033110	0.007692	0.001338	0.009030	0.017726	0.001672	0.006020	0.010368	0.010702	0.002007	0.013043	0.051171	0.052174	0.008027	0.012040	0.029097	0.011706	0.007023	0.004682	0.016722	0.019064	0.003344	0.003010	0.007692	0.017391	0.000669	0.006355	0.040803	0.081605	0.006355	0.004013	0.028094	0.027759	0.004682	0.001672	0.016388	0.036455	0.002007	
0.004682	0.003679	0.004013	0.003679	0.015050	0.004013	0.008027	0.013712	0.013378	0.024415	0.016722	0.013712	0.001003	0.002007	0.002341	0.004348	0.004348	0.006020	0.004348	0.013712	0.051839	0.016054	0.036789	0.033110	0.058863	0.060870	0.048495	0.035117	0.003344	0.001672	0.004682	0.013378	0.005351	0.007692	0.003344	0.013043	0.056522	0.017057	0.034783	0.029097	0.024749	0.037793	0.026756	0.030769	0.007023	0.005017	0.003344	0.014047	0.001672	0.002341	0.001672	0.006020	0.023746	0.006689	0.013043	0.021405	0.023746	0.028763	0.021070	0.019064	0.001338	0.001338	0.001003	0.004682	
0.002007	0.005017	0.006689	0.002341	0.001003	0.010368	0.005686	0.002676	0.001003	0.008027	0.002341	0.002007	0.008027	0.015050	0.008696	0.004682	0.012709	0.028428	0.088294	0.017726	0.015050	0.009365	0.016054	0.003344	0.014381	0.041137	0.029766	0.007358	0.000334	0.035786	0.037793	0.023411	0.026421	0.029431	0.029097	0.035786	0.009365	0.062207	0.051505	0.028763	0.009699	0.059197	0.013043	0.031104	0.021739	0.038462	0.018729	0.019732	0.000334	0.007692	0.003344	0.001338	0.000334	0.004682	0.004682	0.000334	0.000669	0.007692	0.002341	0.000669	0.000334	0.022742	0.007692	0.005686	
