>NC_002929
0.000596	0.000596	0.000596	0.000596	0.000596	0.000596	0.000596	0.000596	0.000596	0.000596	0.000596	0.000596	0.000596	0.000596	0.000596	0.000596	0.000596	0.000596	0.000596	0.000596	0.000596	0.000596	0.000596	0.000596	0.000596	0.000596	0.000596	0.000596	0.241215	0.000596	0.000596	0.000596	0.000596	0.000596	0.000596	0.000596	0.000596	0.000596	0.000596	0.000596	0.000596	0.000596	0.000596	0.000596	0.000596	0.000596	0.000596	0.000596	0.000596	0.000596	0.000596	0.000596	0.617034	0.000596	0.000596	0.000596	0.000596	0.000596	0.000596	0.000596	0.143538	0.000596	0.000596	0.000596	
0.000596	0.000596	0.000596	0.000596	0.000596	0.000596	0.000596	0.000596	0.000596	0.000596	0.000596	0.000596	0.000596	0.000596	0.000596	0.000596	0.075640	0.055390	0.357951	0.129839	0.000596	0.000596	0.000596	0.000596	0.000596	0.000596	0.000596	0.000596	0.000596	0.000596	0.000596	0.000596	0.000596	0.000596	0.000596	0.000596	0.000596	0.000596	0.000596	0.000596	0.000596	0.000596	0.000596	0.000596	0.000596	0.000596	0.000596	0.000596	0.022633	0.136391	0.155450	0.071471	0.000596	0.000596	0.000596	0.000596	0.000596	0.000596	0.000596	0.000596	0.000596	0.000596	0.000596	0.000596	
0.011316	0.027397	0.026206	0.034544	0.048839	0.027397	0.045265	0.071471	0.066706	0.162597	0.192972	0.092317	0.015485	0.028588	0.084574	0.073853	0.000596	0.000596	0.000596	0.000596	0.000596	0.000596	0.000596	0.000596	0.000596	0.000596	0.000596	0.000596	0.000596	0.000596	0.000596	0.000596	0.000596	0.000596	0.000596	0.000596	0.000596	0.000596	0.000596	0.000596	0.000596	0.000596	0.000596	0.000596	0.000596	0.000596	0.000596	0.000596	0.000596	0.000596	0.000596	0.000596	0.000596	0.000596	0.000596	0.000596	0.000596	0.000596	0.000596	0.000596	0.000596	0.000596	0.000596	0.000596	
0.001787	0.005360	0.004765	0.001191	0.001787	0.016081	0.008338	0.002978	0.002382	0.014890	0.006552	0.004169	0.007147	0.016677	0.005956	0.006552	0.004765	0.010721	0.026802	0.008338	0.010125	0.006552	0.006552	0.005956	0.009529	0.019059	0.013103	0.005360	0.000596	0.017272	0.022037	0.033353	0.018463	0.020846	0.014890	0.014294	0.002382	0.051817	0.067302	0.042883	0.014294	0.113163	0.035140	0.032162	0.011316	0.039905	0.016677	0.026206	0.001191	0.008338	0.005360	0.002382	0.000596	0.008934	0.019059	0.001787	0.011912	0.036927	0.026206	0.011316	0.000596	0.025015	0.026802	0.023228	
0.002978	0.011912	0.008934	0.002382	0.005956	0.015485	0.020846	0.002978	0.007743	0.024419	0.011912	0.007743	0.003574	0.008338	0.011912	0.002382	0.001191	0.003574	0.008338	0.001787	0.005956	0.027397	0.038714	0.011316	0.007743	0.047052	0.036927	0.009529	0.001191	0.005956	0.042287	0.004169	0.004169	0.020250	0.004765	0.008934	0.013103	0.073853	0.083383	0.013699	0.009529	0.047052	0.017272	0.007147	0.003574	0.012507	0.032758	0.004169	0.000596	0.007147	0.010721	0.001191	0.010125	0.031566	0.047052	0.010125	0.007147	0.033949	0.023228	0.007147	0.002978	0.034544	0.041691	0.010125	
0.000596	0.002978	0.003574	0.001787	0.011912	0.002978	0.019059	0.008934	0.004169	0.016081	0.007147	0.005360	0.000596	0.000596	0.004765	0.008338	0.007147	0.002382	0.011316	0.014294	0.040500	0.013699	0.056581	0.037522	0.023228	0.058368	0.072662	0.035736	0.004765	0.004765	0.006552	0.022037	0.008934	0.005360	0.006552	0.011316	0.031566	0.029780	0.055390	0.035736	0.014890	0.033949	0.026206	0.014294	0.001787	0.008338	0.005956	0.015485	0.002382	0.001787	0.004169	0.002978	0.014294	0.012507	0.015485	0.019059	0.012507	0.024419	0.016081	0.075640	0.002978	0.004169	0.005360	0.008338	
0.004765	0.003574	0.006552	0.004169	0.001191	0.003574	0.005956	0.001787	0.002978	0.010125	0.008338	0.004169	0.005956	0.008934	0.012507	0.002978	0.007147	0.027397	0.049434	0.014294	0.011316	0.014294	0.023824	0.009529	0.016677	0.070876	0.040500	0.018463	0.000596	0.017272	0.045265	0.038118	0.013103	0.010721	0.011316	0.019655	0.002382	0.049434	0.061346	0.019655	0.007743	0.074449	0.022633	0.017272	0.013699	0.023228	0.075045	0.019059	0.000596	0.004765	0.002382	0.002382	0.000596	0.009529	0.005956	0.001787	0.002382	0.013699	0.003574	0.002978	0.000596	0.020250	0.014890	0.018463	
0.004765	0.006552	0.011912	0.002382	0.001787	0.021441	0.018463	0.004765	0.005956	0.032162	0.023824	0.007743	0.003574	0.016081	0.017868	0.002978	0.001787	0.004169	0.005956	0.003574	0.004169	0.026802	0.038118	0.007743	0.007147	0.053008	0.032162	0.004765	0.001191	0.006552	0.019059	0.005956	0.005956	0.010721	0.007743	0.005360	0.017272	0.077427	0.063133	0.011316	0.008934	0.041691	0.018463	0.005956	0.005956	0.014294	0.017272	0.005360	0.001787	0.004765	0.013103	0.001191	0.003574	0.023824	0.035140	0.007147	0.069684	0.035736	0.032758	0.009529	0.002382	0.027993	0.039309	0.008934	
0.004765	0.003574	0.002382	0.003574	0.007147	0.002382	0.008934	0.007743	0.009529	0.011912	0.012507	0.004765	0.002382	0.002382	0.002978	0.004765	0.007743	0.006552	0.004765	0.007743	0.044074	0.016677	0.048243	0.040500	0.025015	0.050030	0.052412	0.027397	0.001787	0.006552	0.008934	0.013699	0.066706	0.007147	0.005360	0.012507	0.042883	0.024419	0.058368	0.036927	0.022037	0.033353	0.030375	0.021441	0.001191	0.005956	0.002978	0.017868	0.003574	0.004169	0.001787	0.003574	0.026802	0.010721	0.013103	0.014294	0.022633	0.029184	0.023824	0.017868	0.003574	0.004765	0.004765	0.010125	
0.005360	0.069684	0.003574	0.004169	0.000596	0.009529	0.008338	0.002978	0.002382	0.005956	0.003574	0.002382	0.005360	0.008934	0.007147	0.005956	0.012507	0.022633	0.066111	0.019655	0.007743	0.013103	0.023228	0.010125	0.011316	0.057772	0.041096	0.018463	0.000596	0.025610	0.041691	0.031566	0.021441	0.022037	0.010721	0.025015	0.003574	0.048243	0.057772	0.014890	0.010721	0.063728	0.023824	0.020846	0.013699	0.025610	0.011912	0.020250	0.000596	0.005360	0.001191	0.001787	0.000596	0.008338	0.006552	0.004169	0.001191	0.009529	0.003574	0.005360	0.000596	0.021441	0.017272	0.007147	
0.007147	0.015485	0.010721	0.006552	0.002978	0.019059	0.026802	0.070876	0.006552	0.045861	0.022633	0.006552	0.001787	0.015485	0.028588	0.004765	0.000596	0.001787	0.007743	0.002382	0.005956	0.025610	0.035736	0.011912	0.010125	0.049434	0.029184	0.007147	0.002382	0.010721	0.014294	0.004765	0.002382	0.007147	0.010125	0.005956	0.010125	0.055390	0.059559	0.011912	0.009529	0.039905	0.014294	0.008338	0.004765	0.017868	0.019059	0.005360	0.002978	0.002978	0.011316	0.002978	0.003574	0.026802	0.034544	0.016677	0.006552	0.043478	0.022037	0.005956	0.001191	0.019059	0.039905	0.004765	
0.004765	0.001191	0.002978	0.004169	0.007743	0.002978	0.008338	0.008338	0.011316	0.013103	0.011316	0.004169	0.002382	0.003574	0.005360	0.006552	0.003574	0.004169	0.007147	0.007743	0.042883	0.013699	0.040500	0.029780	0.025610	0.045861	0.060750	0.024419	0.002978	0.017868	0.068493	0.022037	0.010125	0.006552	0.005360	0.010721	0.042883	0.028588	0.068493	0.038714	0.014294	0.039309	0.016081	0.018463	0.005360	0.006552	0.004169	0.011912	0.002382	0.001787	0.002382	0.003574	0.019059	0.015485	0.011912	0.016677	0.024419	0.023228	0.040500	0.013699	0.001787	0.004169	0.003574	0.010125	
0.005360	0.005360	0.003574	0.006552	0.000596	0.005360	0.004765	0.002978	0.002978	0.005956	0.006552	0.002382	0.006552	0.010721	0.004765	0.004169	0.007147	0.030375	0.060750	0.014294	0.014294	0.013103	0.022037	0.011316	0.018463	0.054795	0.035736	0.020250	0.000596	0.032162	0.032758	0.027993	0.017868	0.018463	0.014294	0.025015	0.001787	0.051817	0.050625	0.017272	0.010125	0.076831	0.024419	0.017272	0.005956	0.025610	0.012507	0.016677	0.001191	0.005360	0.002382	0.003574	0.000596	0.023228	0.006552	0.001787	0.002382	0.011316	0.004169	0.063728	0.000596	0.023228	0.012507	0.014294	
0.005360	0.012507	0.010721	0.002978	0.004169	0.026206	0.023228	0.005956	0.008338	0.036927	0.024419	0.011316	0.002978	0.021441	0.020846	0.004169	0.002382	0.003574	0.009529	0.001787	0.005360	0.023228	0.053008	0.011912	0.005956	0.035736	0.033949	0.008338	0.001191	0.011316	0.016081	0.004765	0.008934	0.010721	0.010125	0.004169	0.008338	0.055986	0.073258	0.011316	0.007743	0.040500	0.017868	0.004765	0.002382	0.078618	0.020250	0.002382	0.001191	0.002382	0.008338	0.001787	0.004765	0.035736	0.044669	0.006552	0.004765	0.027993	0.025015	0.004765	0.002382	0.019655	0.037522	0.003574	
0.005956	0.001787	0.005956	0.004169	0.009529	0.004169	0.005956	0.009529	0.003574	0.012507	0.011912	0.010721	0.000596	0.001191	0.004169	0.004765	0.002978	0.002978	0.010125	0.006552	0.047052	0.015485	0.040500	0.038118	0.047647	0.054199	0.064920	0.027397	0.003574	0.007147	0.004765	0.020250	0.004765	0.003574	0.004169	0.014294	0.040500	0.022633	0.050030	0.027993	0.017272	0.035140	0.023824	0.025015	0.004765	0.006552	0.004765	0.013103	0.001787	0.002382	0.000596	0.004169	0.086957	0.011316	0.014890	0.017868	0.022633	0.028588	0.027397	0.016081	0.001191	0.002978	0.001787	0.008934	
0.004169	0.005360	0.002382	0.003574	0.001787	0.005360	0.002382	0.001191	0.002382	0.005360	0.008338	0.004765	0.007743	0.011316	0.004169	0.005956	0.078618	0.025610	0.060155	0.019655	0.016081	0.008934	0.019655	0.008934	0.009529	0.045861	0.039309	0.016677	0.000596	0.032162	0.033949	0.026802	0.021441	0.030375	0.013699	0.025610	0.005956	0.057177	0.057177	0.010125	0.009529	0.077427	0.019059	0.022037	0.024419	0.030971	0.009529	0.014294	0.001787	0.004169	0.001787	0.002382	0.000596	0.013103	0.002978	0.001191	0.001787	0.007743	0.002382	0.003574	0.000596	0.027993	0.010125	0.008338	
0.002978	0.019059	0.013103	0.070876	0.004765	0.021441	0.035736	0.003574	0.007147	0.028588	0.032758	0.009529	0.005360	0.017868	0.023824	0.004169	0.003574	0.005956	0.011912	0.002978	0.002978	0.023228	0.047647	0.010721	0.004765	0.042883	0.027397	0.007147	0.000596	0.007147	0.013103	0.000596	0.005956	0.008338	0.004169	0.004765	0.009529	0.050030	0.069089	0.007743	0.008338	0.030971	0.022037	0.007743	0.003574	0.015485	0.021441	0.006552	0.006552	0.011912	0.013103	0.001787	0.007147	0.032162	0.058368	0.004765	0.004765	0.026802	0.021441	0.004765	0.001191	0.016081	0.033353	0.004765	
0.004765	0.002978	0.002978	0.008338	0.015485	0.005360	0.016081	0.008338	0.007743	0.015485	0.012507	0.006552	0.066111	0.001787	0.002978	0.009529	0.004765	0.004765	0.004169	0.010721	0.036331	0.013699	0.044669	0.032162	0.042883	0.072067	0.063133	0.032758	0.001191	0.002382	0.007743	0.015485	0.004765	0.003574	0.005360	0.011316	0.045861	0.018463	0.044669	0.020250	0.018463	0.041096	0.024419	0.019655	0.003574	0.003574	0.005956	0.016081	0.002978	0.001787	0.000596	0.005360	0.024419	0.005360	0.014294	0.012507	0.023824	0.030971	0.025610	0.011316	0.001191	0.003574	0.004169	0.007147	
0.007147	0.005360	0.001787	0.002978	0.001787	0.004169	0.005360	0.001787	0.004169	0.002978	0.005360	0.000596	0.004765	0.011316	0.007743	0.011912	0.007743	0.025610	0.073853	0.014890	0.015485	0.009529	0.014294	0.003574	0.012507	0.061942	0.030971	0.014294	0.000596	0.018463	0.028588	0.025610	0.022037	0.025015	0.014294	0.031566	0.009529	0.060155	0.069684	0.020250	0.012507	0.064324	0.026802	0.022037	0.019059	0.031566	0.007743	0.011912	0.001191	0.002978	0.066706	0.001191	0.000596	0.007147	0.002382	0.001191	0.003574	0.011912	0.002382	0.002978	0.000596	0.022633	0.014294	0.010721	
0.005956	0.014890	0.010125	0.007147	0.002978	0.026206	0.025015	0.004765	0.007147	0.039905	0.095295	0.014294	0.002978	0.016677	0.025610	0.005360	0.002382	0.006552	0.014890	0.003574	0.005956	0.023824	0.048243	0.002978	0.004765	0.055390	0.025015	0.006552	0.001787	0.007743	0.015485	0.001787	0.005956	0.011316	0.009529	0.005956	0.008934	0.059559	0.065515	0.007147	0.010125	0.037522	0.011912	0.005956	0.005360	0.014294	0.016081	0.004169	0.003574	0.007743	0.011316	0.002382	0.002382	0.027993	0.050625	0.002978	0.004765	0.030971	0.018463	0.004169	0.001787	0.013699	0.038714	0.005956	
0.004169	0.003574	0.003574	0.006552	0.013699	0.005956	0.008338	0.012507	0.010125	0.011912	0.017272	0.006552	0.003574	0.001191	0.004169	0.010125	0.004765	0.002382	0.002978	0.010125	0.055986	0.010125	0.037522	0.033949	0.043478	0.048839	0.058368	0.038714	0.001787	0.002382	0.004169	0.009529	0.005360	0.005360	0.002978	0.013103	0.052412	0.025610	0.053008	0.032758	0.014890	0.031566	0.017272	0.086957	0.004169	0.002978	0.004169	0.019655	0.001787	0.003574	0.001787	0.004765	0.019059	0.008338	0.010721	0.014294	0.017868	0.032758	0.032758	0.012507	0.001787	0.003574	0.000596	0.011316	
0.004765	0.002978	0.002382	0.005956	0.000596	0.004765	0.006552	0.002978	0.000596	0.003574	0.005956	0.001191	0.007743	0.013699	0.008338	0.004765	0.010721	0.033353	0.078618	0.018463	0.015485	0.010125	0.019059	0.005360	0.011912	0.054795	0.028588	0.014294	0.000596	0.028588	0.039905	0.024419	0.025015	0.019059	0.014294	0.027993	0.002978	0.047052	0.062537	0.012507	0.006552	0.066111	0.029780	0.023228	0.015485	0.027397	0.016081	0.085765	0.001787	0.006552	0.001191	0.001787	0.000596	0.006552	0.001191	0.001787	0.001787	0.007147	0.001787	0.002382	0.000596	0.027397	0.013103	0.009529	
0.005956	0.013699	0.015485	0.007147	0.003574	0.022633	0.032758	0.002978	0.006552	0.050030	0.031566	0.008338	0.002978	0.020250	0.027397	0.003574	0.002382	0.004169	0.011316	0.001787	0.000596	0.021441	0.041096	0.005360	0.003574	0.047052	0.032162	0.006552	0.001787	0.004765	0.011316	0.004765	0.005360	0.008338	0.004169	0.002978	0.004169	0.053603	0.066706	0.007147	0.008934	0.042287	0.011316	0.003574	0.006552	0.011912	0.018463	0.004169	0.001787	0.004169	0.014890	0.003574	0.009529	0.022037	0.062537	0.002978	0.004169	0.036331	0.032162	0.004765	0.002978	0.012507	0.104824	0.004169	
0.005360	0.002978	0.001787	0.005360	0.014890	0.003574	0.005956	0.005956	0.010125	0.009529	0.016081	0.010125	0.001191	0.001787	0.002978	0.009529	0.004765	0.003574	0.002978	0.006552	0.044669	0.015485	0.032758	0.026802	0.038118	0.063133	0.068493	0.033353	0.001191	0.002978	0.004765	0.009529	0.004169	0.005360	0.003574	0.010125	0.055390	0.022037	0.057772	0.040500	0.019655	0.039309	0.022633	0.025610	0.002978	0.001787	0.002382	0.016081	0.004765	0.001787	0.001787	0.005956	0.019655	0.004765	0.011316	0.013699	0.025015	0.035736	0.026206	0.075045	0.001787	0.001787	0.003574	0.009529	
0.005360	0.002978	0.004765	0.005956	0.001191	0.005360	0.005956	0.001191	0.001787	0.004169	0.003574	0.000596	0.004169	0.013699	0.004169	0.005956	0.011912	0.035736	0.067898	0.019059	0.016677	0.008934	0.018463	0.001787	0.014294	0.048839	0.027993	0.016677	0.000596	0.022037	0.035140	0.029184	0.022633	0.030375	0.008338	0.031566	0.006552	0.058964	0.069684	0.012507	0.009529	0.081001	0.023824	0.019059	0.083383	0.038118	0.008934	0.013699	0.001191	0.003574	0.000596	0.001787	0.000596	0.004765	0.001787	0.001191	0.001191	0.008338	0.002978	0.001191	0.000596	0.020846	0.012507	0.010721	
0.003574	0.016081	0.014890	0.006552	0.004765	0.029780	0.035736	0.002382	0.003574	0.047052	0.026206	0.004765	0.002978	0.019059	0.029184	0.007147	0.002382	0.007147	0.013103	0.002382	0.007743	0.020846	0.044669	0.004765	0.005360	0.056581	0.028588	0.005360	0.000596	0.004765	0.010721	0.000596	0.004169	0.008934	0.006552	0.007147	0.005360	0.061346	0.066706	0.008934	0.006552	0.037522	0.010721	0.003574	0.001787	0.008934	0.023824	0.002978	0.002978	0.005360	0.014294	0.066111	0.004765	0.017868	0.066111	0.005956	0.002382	0.026206	0.027993	0.004169	0.001787	0.016677	0.036331	0.004765	
0.002978	0.002978	0.001191	0.005956	0.016081	0.003574	0.007743	0.010125	0.011316	0.014890	0.013699	0.008934	0.002978	0.004169	0.004169	0.070876	0.007147	0.001787	0.001191	0.012507	0.048243	0.013699	0.039309	0.028588	0.049434	0.061346	0.063133	0.039309	0.002382	0.002978	0.004765	0.011912	0.005360	0.004169	0.002382	0.005956	0.054795	0.019655	0.063133	0.029780	0.023228	0.032758	0.016081	0.021441	0.002978	0.002978	0.002382	0.009529	0.000596	0.001191	0.001787	0.003574	0.018463	0.005360	0.014294	0.011316	0.025610	0.025610	0.030971	0.017868	0.000596	0.002382	0.001787	0.010721	
0.004169	0.004169	0.004169	0.003574	0.001787	0.002978	0.003574	0.001787	0.001191	0.002382	0.002382	0.000596	0.004765	0.013699	0.005360	0.004169	0.009529	0.032758	0.075640	0.019655	0.016677	0.005360	0.017868	0.002382	0.008934	0.063728	0.027397	0.024419	0.000596	0.020250	0.030971	0.027993	0.026802	0.026802	0.014294	0.041691	0.008934	0.058368	0.051817	0.015485	0.010125	0.069684	0.023824	0.020250	0.017272	0.033949	0.016677	0.019655	0.000596	0.004765	0.001787	0.001787	0.000596	0.005956	0.004169	0.001787	0.000596	0.007743	0.002978	0.001787	0.000596	0.086361	0.006552	0.009529	
0.007743	0.016677	0.014294	0.002382	0.008338	0.031566	0.025015	0.003574	0.008338	0.050030	0.032162	0.005360	0.003574	0.027993	0.030375	0.004765	0.004765	0.007147	0.011912	0.004169	0.007147	0.018463	0.041096	0.005956	0.003574	0.041691	0.027993	0.004169	0.001191	0.004765	0.011912	0.003574	0.003574	0.006552	0.007743	0.002978	0.012507	0.064324	0.061942	0.004765	0.010125	0.031566	0.009529	0.005360	0.005360	0.017272	0.021441	0.002978	0.001787	0.007147	0.010721	0.003574	0.006552	0.025015	0.119119	0.003574	0.004169	0.032162	0.021441	0.001787	0.002382	0.016081	0.037522	0.005360	
0.003574	0.001787	0.005956	0.006552	0.014294	0.002978	0.008338	0.011912	0.008934	0.013699	0.016677	0.005360	0.002382	0.002382	0.002382	0.005956	0.007743	0.008338	0.005956	0.012507	0.053008	0.012507	0.042287	0.031566	0.048243	0.048839	0.058964	0.091126	0.002382	0.002382	0.003574	0.009529	0.008338	0.002978	0.002382	0.012507	0.055986	0.018463	0.060750	0.020250	0.019059	0.029780	0.020250	0.022037	0.003574	0.001191	0.002978	0.008934	0.002382	0.003574	0.002382	0.004169	0.035140	0.007743	0.005956	0.017272	0.027993	0.028588	0.025015	0.019655	0.001191	0.002382	0.001787	0.011316	
0.003574	0.003574	0.005956	0.008934	0.001787	0.004765	0.007743	0.002382	0.002382	0.006552	0.003574	0.004169	0.007147	0.014890	0.008338	0.005360	0.014890	0.039905	0.088743	0.014890	0.014890	0.011316	0.013699	0.001787	0.014890	0.051221	0.029184	0.022037	0.000596	0.025610	0.033949	0.020846	0.030375	0.033353	0.010125	0.030375	0.006552	0.052412	0.043478	0.018463	0.010125	0.066706	0.021441	0.022633	0.018463	0.094699	0.011316	0.013699	0.001191	0.002978	0.001787	0.003574	0.000596	0.004765	0.002382	0.000596	0.001787	0.004169	0.002382	0.002382	0.000596	0.022633	0.009529	0.002978	
0.007147	0.020250	0.019655	0.002978	0.004765	0.035736	0.034544	0.004765	0.005956	0.055986	0.036331	0.008338	0.000596	0.017868	0.032758	0.006552	0.004169	0.003574	0.013699	0.002382	0.006552	0.022633	0.038118	0.005956	0.007147	0.032758	0.021441	0.005956	0.001191	0.004765	0.016081	0.001191	0.004169	0.011316	0.010721	0.002978	0.010125	0.056581	0.055390	0.006552	0.007147	0.028588	0.017868	0.002978	0.005360	0.013103	0.029184	0.003574	0.002978	0.007147	0.014294	0.002382	0.004169	0.088743	0.058964	0.005956	0.001787	0.030375	0.023824	0.007147	0.001191	0.013103	0.026206	0.002382	
0.005956	0.004169	0.003574	0.004765	0.014890	0.005956	0.010125	0.011316	0.013699	0.017868	0.017868	0.008934	0.000596	0.001787	0.002382	0.005956	0.003574	0.003574	0.005956	0.012507	0.116141	0.014294	0.040500	0.032758	0.043478	0.053008	0.058368	0.032162	0.002978	0.001787	0.004765	0.013699	0.004765	0.004765	0.002382	0.010125	0.044074	0.022037	0.047647	0.033949	0.019655	0.037522	0.019655	0.022633	0.002978	0.002978	0.005360	0.013103	0.001191	0.001787	0.000596	0.004765	0.018463	0.004765	0.010125	0.015485	0.025015	0.027993	0.032162	0.019059	0.001787	0.002978	0.001191	0.007743	
0.004765	0.004169	0.002382	0.004169	0.002382	0.005956	0.004169	0.001787	0.001787	0.006552	0.002382	0.001787	0.006552	0.011912	0.006552	0.007147	0.011912	0.040500	0.125670	0.015485	0.016081	0.006552	0.019655	0.004765	0.014294	0.055986	0.024419	0.013699	0.000596	0.036927	0.030375	0.025610	0.026206	0.026206	0.014294	0.035140	0.004169	0.050625	0.066706	0.014890	0.013103	0.066111	0.016677	0.032162	0.013699	0.041691	0.012507	0.014890	0.001191	0.002978	0.001191	0.002978	0.000596	0.005360	0.001191	0.002382	0.002382	0.008338	0.001787	0.001191	0.000596	0.025015	0.007743	0.007147	
0.005956	0.020846	0.012507	0.004765	0.004765	0.032758	0.030971	0.005360	0.004169	0.041096	0.092912	0.005360	0.002978	0.017868	0.033353	0.003574	0.001787	0.004169	0.015485	0.001787	0.004765	0.017272	0.041691	0.004765	0.003574	0.048839	0.030971	0.008338	0.000596	0.002382	0.017868	0.002978	0.002978	0.010721	0.011316	0.006552	0.008934	0.057772	0.062537	0.007743	0.005360	0.026206	0.011316	0.002382	0.004169	0.011912	0.029780	0.002978	0.001191	0.009529	0.008934	0.001787	0.004765	0.030971	0.074449	0.005360	0.001787	0.027397	0.023824	0.004169	0.000596	0.013699	0.036927	0.003574	
0.002978	0.002382	0.004169	0.002382	0.020846	0.005360	0.012507	0.006552	0.009529	0.011912	0.015485	0.011316	0.002382	0.002978	0.001191	0.008338	0.004765	0.003574	0.004765	0.010125	0.050030	0.016081	0.032758	0.039905	0.053008	0.063728	0.055986	0.036927	0.001191	0.003574	0.004765	0.013699	0.005956	0.001787	0.001191	0.005956	0.041691	0.018463	0.053008	0.030375	0.017272	0.033949	0.020250	0.087552	0.004169	0.005360	0.001191	0.009529	0.001191	0.000596	0.001787	0.004765	0.014890	0.005360	0.008338	0.017272	0.022633	0.038714	0.038714	0.017868	0.001787	0.001191	0.001787	0.008338	
0.004765	0.003574	0.001191	0.005360	0.000596	0.002382	0.004169	0.001191	0.000596	0.005360	0.002978	0.002978	0.004169	0.006552	0.009529	0.002978	0.010721	0.030971	0.067898	0.017868	0.017272	0.008934	0.017272	0.001787	0.017868	0.052412	0.023824	0.012507	0.000596	0.024419	0.039309	0.029780	0.027397	0.023824	0.011912	0.039309	0.011912	0.048839	0.068493	0.019059	0.013103	0.076831	0.017868	0.022633	0.020846	0.036331	0.014294	0.082192	0.001787	0.002978	0.001787	0.002978	0.000596	0.007147	0.004169	0.001191	0.001191	0.004765	0.001787	0.001191	0.000596	0.025015	0.005956	0.008338	
0.008338	0.015485	0.015485	0.005360	0.005360	0.026206	0.027993	0.001787	0.004169	0.048243	0.025610	0.004765	0.002382	0.024419	0.035140	0.003574	0.002382	0.005360	0.017272	0.005360	0.006552	0.022633	0.032758	0.005360	0.008338	0.041096	0.038118	0.006552	0.000596	0.004169	0.016677	0.001787	0.007147	0.011316	0.011912	0.002382	0.011912	0.064920	0.056581	0.005956	0.002382	0.027397	0.014294	0.002382	0.004765	0.011316	0.019059	0.004169	0.002382	0.007743	0.013699	0.002382	0.003574	0.020250	0.064920	0.003574	0.004169	0.033353	0.029780	0.001787	0.001191	0.015485	0.101251	0.005360	
0.005956	0.005956	0.002978	0.005360	0.017868	0.004169	0.009529	0.008338	0.008934	0.018463	0.022633	0.008338	0.002382	0.001787	0.003574	0.007743	0.007147	0.003574	0.004765	0.011912	0.053008	0.014890	0.032758	0.033353	0.037522	0.051817	0.059559	0.033353	0.001787	0.001191	0.004169	0.009529	0.003574	0.002382	0.005360	0.007743	0.058368	0.017868	0.048839	0.025015	0.014890	0.033949	0.028588	0.030375	0.002382	0.001787	0.001787	0.009529	0.001191	0.002382	0.001787	0.003574	0.019059	0.011912	0.011316	0.013103	0.086361	0.035140	0.035140	0.015485	0.002382	0.004169	0.002382	0.005956	
0.004765	0.002382	0.004765	0.005956	0.000596	0.005956	0.007147	0.000596	0.000596	0.006552	0.003574	0.004169	0.004169	0.016081	0.004169	0.004169	0.011316	0.040500	0.078618	0.017868	0.032162	0.006552	0.008934	0.001191	0.018463	0.044669	0.025015	0.014294	0.000596	0.030375	0.032758	0.016081	0.017868	0.024419	0.075045	0.030375	0.010125	0.055986	0.058964	0.014294	0.013103	0.085765	0.022633	0.024419	0.022037	0.029780	0.016081	0.019655	0.001191	0.004169	0.001787	0.001787	0.000596	0.005360	0.001191	0.001787	0.001191	0.005360	0.002382	0.002978	0.000596	0.019059	0.010721	0.002382	
0.006552	0.010721	0.012507	0.005360	0.004765	0.032758	0.031566	0.002382	0.002382	0.056581	0.033353	0.067898	0.004169	0.019059	0.028588	0.004169	0.004765	0.008934	0.021441	0.008338	0.007743	0.019655	0.042883	0.003574	0.003574	0.039905	0.028588	0.004169	0.000596	0.006552	0.008338	0.002382	0.002978	0.016081	0.010125	0.004169	0.013103	0.053008	0.067898	0.008338	0.011316	0.026206	0.011912	0.004169	0.004765	0.010721	0.025610	0.004765	0.002382	0.008934	0.013699	0.002382	0.002978	0.026206	0.061942	0.004169	0.003574	0.033353	0.024419	0.002382	0.001787	0.009529	0.022633	0.008338	
0.001787	0.002978	0.004169	0.007743	0.017868	0.007147	0.008338	0.011316	0.010721	0.022037	0.016081	0.008934	0.003574	0.002978	0.003574	0.010125	0.005360	0.006552	0.003574	0.013103	0.045265	0.013103	0.044074	0.029184	0.047647	0.061942	0.055390	0.039309	0.001191	0.002382	0.004169	0.010721	0.002978	0.005360	0.001787	0.010721	0.052412	0.026802	0.052412	0.024419	0.013103	0.039905	0.023228	0.022037	0.004765	0.063728	0.003574	0.006552	0.002978	0.001191	0.001191	0.005956	0.014294	0.003574	0.012507	0.015485	0.022633	0.022633	0.023228	0.016677	0.002382	0.001191	0.002382	0.013699	
0.002978	0.002382	0.003574	0.004169	0.001787	0.002978	0.010125	0.001191	0.001191	0.005360	0.001787	0.002382	0.005360	0.018463	0.007743	0.005956	0.004765	0.036331	0.068493	0.020250	0.024419	0.007147	0.015485	0.003574	0.014890	0.055390	0.031566	0.015485	0.000596	0.023824	0.034544	0.021441	0.027993	0.025610	0.005956	0.034544	0.013103	0.054795	0.063728	0.014890	0.007147	0.066706	0.019655	0.024419	0.014890	0.042883	0.009529	0.019655	0.001191	0.006552	0.002978	0.001191	0.000596	0.003574	0.002382	0.063728	0.001787	0.005956	0.002382	0.003574	0.000596	0.020250	0.009529	0.010721	
0.004765	0.012507	0.015485	0.004169	0.006552	0.026802	0.034544	0.002978	0.004765	0.041096	0.028588	0.006552	0.001787	0.017272	0.033353	0.007743	0.004169	0.008338	0.021441	0.005956	0.003574	0.021441	0.041096	0.002382	0.006552	0.049434	0.029184	0.006552	0.000596	0.004169	0.077427	0.001191	0.004169	0.010721	0.008934	0.001191	0.010721	0.060155	0.054795	0.007743	0.009529	0.030971	0.012507	0.002382	0.003574	0.013699	0.025610	0.002978	0.000596	0.007743	0.010721	0.002382	0.005956	0.027993	0.066111	0.005360	0.002382	0.032758	0.022633	0.003574	0.001191	0.013699	0.039309	0.003574	
0.001787	0.003574	0.002382	0.005956	0.011316	0.006552	0.012507	0.008934	0.014294	0.013103	0.018463	0.010721	0.002382	0.001191	0.003574	0.006552	0.005360	0.004169	0.004169	0.013103	0.057772	0.012507	0.036331	0.029780	0.041096	0.057177	0.067898	0.030375	0.001787	0.001787	0.002978	0.011912	0.004169	0.005956	0.001191	0.011912	0.052412	0.020250	0.052412	0.029184	0.016081	0.027993	0.022037	0.026802	0.002978	0.001191	0.002978	0.011912	0.001191	0.001191	0.000596	0.004169	0.015485	0.007743	0.009529	0.016081	0.030375	0.033353	0.096486	0.015485	0.000596	0.001191	0.003574	0.010125	
0.004169	0.001191	0.001191	0.005956	0.000596	0.003574	0.008338	0.002382	0.000596	0.005360	0.001787	0.000596	0.007147	0.016081	0.007147	0.004765	0.008338	0.042287	0.071471	0.014890	0.018463	0.009529	0.016081	0.002978	0.019059	0.050030	0.030375	0.011316	0.000596	0.027397	0.030375	0.025610	0.026802	0.023824	0.014890	0.036331	0.011316	0.054795	0.052412	0.013103	0.072662	0.080405	0.017868	0.033949	0.015485	0.039309	0.012507	0.016081	0.000596	0.003574	0.000596	0.002978	0.000596	0.002978	0.001191	0.000596	0.001191	0.008338	0.001787	0.001787	0.000596	0.026802	0.008338	0.004765	
0.005956	0.014890	0.016081	0.002978	0.007147	0.026206	0.032162	0.005360	0.001191	0.036927	0.042883	0.007147	0.001787	0.022633	0.030375	0.005360	0.001191	0.008338	0.019059	0.002382	0.006552	0.019059	0.040500	0.004765	0.003574	0.041691	0.028588	0.004169	0.001787	0.002978	0.012507	0.001787	0.004169	0.011316	0.070876	0.007147	0.010125	0.061346	0.063133	0.009529	0.007147	0.029780	0.011912	0.002978	0.004765	0.020846	0.019059	0.002978	0.000596	0.006552	0.014890	0.001787	0.002978	0.030375	0.070280	0.005956	0.004765	0.023228	0.026802	0.003574	0.000596	0.012507	0.036331	0.001787	
0.002382	0.001787	0.001787	0.005956	0.013699	0.005360	0.011912	0.010125	0.078023	0.013699	0.020846	0.008338	0.002978	0.001787	0.003574	0.005956	0.005956	0.005360	0.004765	0.010721	0.061942	0.008338	0.028588	0.038118	0.055390	0.055986	0.056581	0.038118	0.003574	0.002382	0.003574	0.016081	0.006552	0.001787	0.002382	0.005956	0.045861	0.019059	0.039309	0.027397	0.029780	0.036927	0.022633	0.020846	0.003574	0.002978	0.003574	0.007743	0.000596	0.002382	0.002382	0.003574	0.022633	0.005956	0.012507	0.017868	0.023228	0.028588	0.028588	0.017868	0.001787	0.001787	0.002382	0.005956	
0.005360	0.002978	0.002382	0.004765	0.001191	0.004169	0.004765	0.001191	0.001787	0.004765	0.001787	0.002978	0.005360	0.008934	0.005360	0.006552	0.008338	0.034544	0.081001	0.020250	0.013699	0.007743	0.015485	0.001787	0.011316	0.041096	0.027993	0.011912	0.000596	0.030375	0.032162	0.030375	0.026802	0.038118	0.012507	0.108993	0.007147	0.059559	0.053008	0.015485	0.008934	0.075640	0.016081	0.027993	0.015485	0.039905	0.013699	0.016081	0.001191	0.004169	0.002978	0.003574	0.000596	0.005360	0.002382	0.000596	0.001191	0.007147	0.002978	0.001787	0.000596	0.022037	0.007147	0.005956	
0.004765	0.013699	0.016677	0.006552	0.005360	0.042883	0.026802	0.004765	0.004765	0.049434	0.035140	0.009529	0.002382	0.026802	0.098868	0.009529	0.001191	0.004765	0.011912	0.004765	0.006552	0.019059	0.045861	0.005360	0.005360	0.039309	0.022633	0.008338	0.001787	0.002978	0.012507	0.001787	0.005956	0.005956	0.008338	0.002978	0.013699	0.051221	0.053603	0.010125	0.004765	0.029184	0.013103	0.001787	0.004765	0.014294	0.019655	0.005956	0.001787	0.007147	0.011912	0.001191	0.005956	0.026206	0.064324	0.004765	0.002978	0.030971	0.020846	0.003574	0.000596	0.015485	0.040500	0.002382	
0.004169	0.002382	0.002382	0.004765	0.013103	0.004765	0.005956	0.007743	0.009529	0.020250	0.014294	0.004765	0.002382	0.002978	0.003574	0.006552	0.007147	0.004169	0.004169	0.016081	0.054795	0.017272	0.037522	0.029780	0.051817	0.048243	0.056581	0.033949	0.001787	0.001787	0.001191	0.020250	0.003574	0.001787	0.001787	0.010721	0.055986	0.022633	0.042287	0.027993	0.014294	0.035736	0.022037	0.019655	0.004169	0.001787	0.002978	0.014294	0.001787	0.002978	0.001191	0.003574	0.022633	0.004765	0.013103	0.019059	0.025015	0.027993	0.091126	0.027397	0.001787	0.001191	0.002382	0.014294	
0.007147	0.001787	0.001787	0.005956	0.001191	0.005360	0.004169	0.000596	0.001787	0.004169	0.001191	0.002382	0.007147	0.013699	0.010125	0.004169	0.008934	0.038714	0.078023	0.020846	0.016677	0.013699	0.016081	0.002978	0.017868	0.045861	0.021441	0.013699	0.000596	0.032162	0.030971	0.020846	0.025610	0.029184	0.010721	0.035140	0.008338	0.055390	0.054795	0.013699	0.011912	0.065515	0.079214	0.027397	0.017272	0.037522	0.012507	0.018463	0.001191	0.003574	0.000596	0.004765	0.000596	0.004765	0.001191	0.001191	0.001191	0.005956	0.001787	0.001191	0.000596	0.037522	0.012507	0.004765	
0.004169	0.019655	0.012507	0.006552	0.006552	0.033353	0.026802	0.006552	0.004765	0.050030	0.030971	0.005360	0.002978	0.021441	0.039905	0.002382	0.001787	0.004765	0.016081	0.004169	0.004765	0.027993	0.042883	0.003574	0.003574	0.043478	0.023824	0.005360	0.000596	0.004765	0.011912	0.001191	0.004169	0.012507	0.012507	0.003574	0.010125	0.057177	0.046456	0.007743	0.007743	0.021441	0.010125	0.064324	0.005360	0.012507	0.023824	0.002978	0.001787	0.007147	0.014890	0.001787	0.005956	0.037522	0.073258	0.004169	0.004169	0.032162	0.023228	0.006552	0.000596	0.014294	0.027993	0.005360	
0.002382	0.002978	0.002382	0.004169	0.016677	0.003574	0.009529	0.014294	0.008934	0.015485	0.022037	0.009529	0.001787	0.002382	0.005360	0.006552	0.006552	0.002978	0.004765	0.013103	0.064324	0.010125	0.042287	0.039309	0.050030	0.053008	0.055390	0.030971	0.000596	0.001191	0.005360	0.014890	0.005360	0.001787	0.002978	0.010125	0.047052	0.022037	0.054199	0.023824	0.015485	0.038118	0.011912	0.022633	0.064324	0.002978	0.001787	0.012507	0.001787	0.002978	0.001191	0.003574	0.020250	0.003574	0.011316	0.017868	0.027397	0.027397	0.032162	0.016677	0.001787	0.001191	0.001787	0.007147	
0.002382	0.003574	0.002978	0.007147	0.000596	0.003574	0.005360	0.001191	0.001191	0.007743	0.001787	0.000596	0.008934	0.011316	0.005360	0.005360	0.008338	0.035736	0.088148	0.016081	0.017868	0.007743	0.012507	0.001191	0.020250	0.050625	0.025610	0.020846	0.000596	0.036927	0.033949	0.023824	0.030971	0.024419	0.015485	0.030971	0.009529	0.055986	0.052412	0.016081	0.011316	0.064920	0.019059	0.026206	0.011316	0.046456	0.011316	0.010721	0.000596	0.066706	0.000596	0.000596	0.000596	0.004169	0.001787	0.001191	0.000596	0.010125	0.001787	0.001787	0.000596	0.026206	0.010721	0.003574	
0.004765	0.013103	0.022633	0.001787	0.065515	0.033353	0.026802	0.004765	0.007147	0.052412	0.038714	0.008934	0.002978	0.014294	0.033353	0.004169	0.001787	0.011316	0.013699	0.001787	0.007147	0.022037	0.035736	0.006552	0.005956	0.033353	0.027397	0.005360	0.000596	0.002978	0.013699	0.002382	0.006552	0.011912	0.010125	0.004765	0.010721	0.063133	0.056581	0.002978	0.006552	0.028588	0.009529	0.003574	0.004765	0.018463	0.023228	0.002978	0.002382	0.003574	0.014890	0.000596	0.004169	0.032162	0.077427	0.007147	0.003574	0.033353	0.022037	0.002382	0.002382	0.008934	0.029184	0.002978	
0.005956	0.004169	0.001787	0.003574	0.016677	0.004169	0.011912	0.007147	0.012507	0.025610	0.014890	0.008338	0.001787	0.001787	0.001191	0.004169	0.004765	0.003574	0.066111	0.013103	0.063133	0.007147	0.036927	0.043478	0.051817	0.051817	0.055390	0.037522	0.003574	0.001787	0.002978	0.013103	0.007147	0.002978	0.001787	0.011316	0.041096	0.021441	0.050625	0.034544	0.017272	0.035736	0.018463	0.026206	0.004169	0.001191	0.001787	0.013103	0.001191	0.004169	0.001191	0.004169	0.021441	0.005360	0.008338	0.009529	0.029184	0.025015	0.026802	0.018463	0.000596	0.001191	0.001191	0.009529	
0.004765	0.005360	0.002382	0.006552	0.001191	0.005360	0.007743	0.000596	0.000596	0.067302	0.001787	0.001191	0.006552	0.014294	0.007743	0.003574	0.010125	0.039905	0.075640	0.016677	0.011316	0.010721	0.013699	0.002382	0.017868	0.047647	0.025015	0.017272	0.000596	0.032758	0.032162	0.029184	0.033353	0.026802	0.015485	0.035140	0.014890	0.060155	0.047647	0.015485	0.008934	0.065515	0.022633	0.018463	0.015485	0.043478	0.011912	0.019655	0.001787	0.002978	0.001787	0.003574	0.000596	0.002978	0.001787	0.000596	0.000596	0.004169	0.001191	0.001191	0.000596	0.027993	0.006552	0.004765	
0.003574	0.020846	0.019059	0.006552	0.001787	0.033949	0.036331	0.002978	0.005956	0.047647	0.034544	0.007147	0.002382	0.026802	0.027397	0.005360	0.003574	0.012507	0.009529	0.002382	0.005360	0.024419	0.044669	0.004765	0.002382	0.038714	0.025015	0.004765	0.001191	0.004169	0.011316	0.002382	0.006552	0.008338	0.008934	0.004169	0.010721	0.055986	0.113163	0.004765	0.010721	0.023824	0.012507	0.003574	0.003574	0.014294	0.016677	0.003574	0.002978	0.006552	0.011316	0.002382	0.005360	0.030375	0.078618	0.004169	0.001787	0.027993	0.024419	0.004169	0.001787	0.014294	0.038714	0.002382	
0.002978	0.005956	0.002978	0.004765	0.024419	0.007743	0.009529	0.006552	0.010721	0.009529	0.017868	0.010721	0.001787	0.001787	0.001787	0.010125	0.003574	0.004765	0.003574	0.011316	0.057177	0.006552	0.050625	0.030375	0.054795	0.122096	0.060750	0.035140	0.001787	0.002382	0.002978	0.009529	0.005956	0.005956	0.001191	0.007743	0.048839	0.016677	0.047647	0.025015	0.022037	0.035736	0.016677	0.022037	0.002978	0.004169	0.003574	0.008934	0.001787	0.001191	0.001191	0.004765	0.029184	0.004765	0.012507	0.013103	0.027397	0.024419	0.025015	0.017272	0.002382	0.001787	0.002382	0.007147	
0.004765	0.002978	0.001787	0.004765	0.001191	0.007147	0.008338	0.001191	0.000596	0.005360	0.001787	0.001191	0.007743	0.010721	0.006552	0.003574	0.010721	0.045265	0.083979	0.019655	0.011912	0.007743	0.013103	0.002978	0.016677	0.055986	0.033949	0.013699	0.000596	0.027993	0.030971	0.015485	0.026802	0.037522	0.011912	0.038714	0.010125	0.051221	0.114354	0.016081	0.008338	0.075045	0.013103	0.023824	0.013103	0.034544	0.017272	0.020250	0.000596	0.003574	0.000596	0.004169	0.000596	0.006552	0.001787	0.001191	0.001787	0.004169	0.002978	0.001787	0.000596	0.022633	0.010125	0.002382	
