>NC_007494
0.002331	0.002331	0.002331	0.002331	0.002331	0.002331	0.002331	0.002331	0.002331	0.002331	0.002331	0.002331	0.002331	0.002331	0.002331	0.002331	0.002331	0.002331	0.002331	0.002331	0.002331	0.002331	0.002331	0.002331	0.002331	0.002331	0.002331	0.002331	0.081585	0.002331	0.002331	0.002331	0.002331	0.002331	0.002331	0.002331	0.002331	0.002331	0.002331	0.002331	0.002331	0.002331	0.002331	0.002331	0.002331	0.002331	0.002331	0.002331	0.002331	0.002331	0.002331	0.002331	0.846154	0.002331	0.002331	0.002331	0.002331	0.002331	0.002331	0.002331	0.079254	0.002331	0.002331	0.002331	
0.002331	0.002331	0.002331	0.002331	0.002331	0.002331	0.002331	0.002331	0.002331	0.002331	0.002331	0.002331	0.002331	0.002331	0.002331	0.002331	0.044289	0.100233	0.503497	0.205128	0.002331	0.002331	0.002331	0.002331	0.002331	0.002331	0.002331	0.002331	0.002331	0.002331	0.002331	0.002331	0.002331	0.002331	0.002331	0.002331	0.002331	0.002331	0.002331	0.002331	0.002331	0.002331	0.002331	0.002331	0.002331	0.002331	0.002331	0.002331	0.016317	0.060606	0.041958	0.046620	0.002331	0.002331	0.002331	0.002331	0.002331	0.002331	0.002331	0.002331	0.002331	0.002331	0.002331	0.002331	
0.009324	0.018648	0.025641	0.011655	0.039627	0.037296	0.027972	0.060606	0.118881	0.170163	0.170163	0.090909	0.011655	0.053613	0.132867	0.058275	0.002331	0.002331	0.002331	0.002331	0.002331	0.002331	0.002331	0.002331	0.002331	0.002331	0.002331	0.002331	0.002331	0.002331	0.002331	0.002331	0.002331	0.002331	0.002331	0.002331	0.002331	0.002331	0.002331	0.002331	0.002331	0.002331	0.002331	0.002331	0.002331	0.002331	0.002331	0.002331	0.002331	0.002331	0.002331	0.002331	0.002331	0.002331	0.002331	0.002331	0.002331	0.002331	0.002331	0.002331	0.002331	0.002331	0.002331	0.002331	
0.002331	0.006993	0.002331	0.004662	0.002331	0.006993	0.013986	0.002331	0.002331	0.020979	0.004662	0.004662	0.004662	0.004662	0.004662	0.004662	0.006993	0.009324	0.020979	0.009324	0.004662	0.009324	0.020979	0.009324	0.006993	0.023310	0.002331	0.002331	0.002331	0.034965	0.009324	0.020979	0.037296	0.034965	0.027972	0.025641	0.002331	0.100233	0.053613	0.020979	0.018648	0.116550	0.025641	0.016317	0.004662	0.048951	0.020979	0.023310	0.004662	0.004662	0.004662	0.004662	0.002331	0.027972	0.023310	0.006993	0.020979	0.069930	0.037296	0.011655	0.002331	0.041958	0.004662	0.016317	
0.009324	0.018648	0.016317	0.006993	0.004662	0.023310	0.025641	0.002331	0.011655	0.023310	0.016317	0.004662	0.002331	0.027972	0.011655	0.002331	0.002331	0.004662	0.002331	0.002331	0.013986	0.046620	0.076923	0.006993	0.016317	0.034965	0.037296	0.023310	0.002331	0.018648	0.011655	0.006993	0.006993	0.016317	0.013986	0.011655	0.030303	0.102564	0.076923	0.020979	0.011655	0.032634	0.016317	0.009324	0.004662	0.013986	0.009324	0.006993	0.004662	0.002331	0.002331	0.004662	0.011655	0.067599	0.041958	0.009324	0.011655	0.013986	0.011655	0.002331	0.002331	0.037296	0.020979	0.004662	
0.006993	0.006993	0.004662	0.004662	0.023310	0.004662	0.011655	0.002331	0.004662	0.006993	0.016317	0.006993	0.002331	0.009324	0.009324	0.004662	0.009324	0.004662	0.013986	0.032634	0.034965	0.037296	0.081585	0.086247	0.046620	0.074592	0.079254	0.020979	0.002331	0.016317	0.006993	0.013986	0.013986	0.006993	0.013986	0.016317	0.023310	0.025641	0.027972	0.027972	0.009324	0.025641	0.030303	0.016317	0.002331	0.013986	0.016317	0.006993	0.004662	0.002331	0.002331	0.002331	0.030303	0.020979	0.023310	0.023310	0.013986	0.013986	0.016317	0.009324	0.002331	0.006993	0.006993	0.004662	
0.004662	0.009324	0.013986	0.006993	0.004662	0.009324	0.004662	0.002331	0.013986	0.009324	0.009324	0.002331	0.009324	0.016317	0.020979	0.009324	0.004662	0.030303	0.065268	0.011655	0.009324	0.020979	0.041958	0.016317	0.016317	0.072261	0.032634	0.023310	0.002331	0.079254	0.023310	0.034965	0.016317	0.016317	0.027972	0.013986	0.006993	0.051282	0.041958	0.020979	0.011655	0.079254	0.030303	0.020979	0.002331	0.023310	0.016317	0.011655	0.002331	0.002331	0.002331	0.002331	0.002331	0.025641	0.013986	0.004662	0.004662	0.013986	0.006993	0.013986	0.002331	0.013986	0.006993	0.006993	
0.009324	0.002331	0.011655	0.004662	0.004662	0.027972	0.020979	0.004662	0.018648	0.053613	0.032634	0.004662	0.002331	0.011655	0.018648	0.002331	0.004662	0.006993	0.006993	0.004662	0.011655	0.048951	0.034965	0.011655	0.011655	0.039627	0.046620	0.004662	0.002331	0.020979	0.011655	0.009324	0.009324	0.011655	0.018648	0.006993	0.018648	0.067599	0.069930	0.018648	0.013986	0.030303	0.018648	0.016317	0.004662	0.032634	0.013986	0.009324	0.004662	0.004662	0.004662	0.002331	0.004662	0.067599	0.053613	0.006993	0.016317	0.013986	0.030303	0.006993	0.002331	0.030303	0.023310	0.006993	
0.004662	0.006993	0.004662	0.011655	0.004662	0.004662	0.006993	0.009324	0.013986	0.009324	0.013986	0.004662	0.002331	0.002331	0.002331	0.011655	0.011655	0.006993	0.006993	0.013986	0.034965	0.048951	0.058275	0.069930	0.053613	0.034965	0.067599	0.023310	0.004662	0.006993	0.018648	0.011655	0.016317	0.018648	0.004662	0.020979	0.034965	0.025641	0.051282	0.025641	0.023310	0.037296	0.048951	0.018648	0.004662	0.006993	0.011655	0.009324	0.002331	0.004662	0.002331	0.002331	0.037296	0.016317	0.018648	0.023310	0.020979	0.025641	0.011655	0.009324	0.006993	0.006993	0.006993	0.006993	
0.006993	0.004662	0.018648	0.004662	0.002331	0.013986	0.011655	0.009324	0.004662	0.009324	0.002331	0.002331	0.006993	0.020979	0.016317	0.004662	0.009324	0.039627	0.046620	0.016317	0.018648	0.020979	0.039627	0.016317	0.020979	0.055944	0.027972	0.030303	0.002331	0.060606	0.025641	0.039627	0.025641	0.027972	0.032634	0.025641	0.004662	0.030303	0.055944	0.016317	0.013986	0.065268	0.025641	0.037296	0.009324	0.023310	0.013986	0.009324	0.002331	0.011655	0.002331	0.002331	0.002331	0.011655	0.006993	0.002331	0.004662	0.016317	0.009324	0.009324	0.002331	0.020979	0.004662	0.011655	
0.004662	0.016317	0.018648	0.004662	0.006993	0.044289	0.030303	0.002331	0.009324	0.046620	0.034965	0.009324	0.002331	0.023310	0.020979	0.002331	0.002331	0.004662	0.018648	0.002331	0.006993	0.030303	0.027972	0.011655	0.013986	0.053613	0.034965	0.011655	0.002331	0.030303	0.006993	0.004662	0.004662	0.009324	0.023310	0.006993	0.011655	0.062937	0.058275	0.013986	0.011655	0.030303	0.018648	0.004662	0.006993	0.037296	0.027972	0.006993	0.002331	0.004662	0.011655	0.002331	0.006993	0.053613	0.058275	0.006993	0.013986	0.025641	0.016317	0.004662	0.004662	0.030303	0.023310	0.006993	
0.002331	0.002331	0.004662	0.004662	0.004662	0.013986	0.006993	0.009324	0.027972	0.011655	0.025641	0.006993	0.002331	0.002331	0.004662	0.006993	0.009324	0.009324	0.004662	0.009324	0.032634	0.039627	0.041958	0.076923	0.048951	0.055944	0.058275	0.011655	0.002331	0.013986	0.006993	0.011655	0.006993	0.023310	0.006993	0.011655	0.048951	0.034965	0.046620	0.025641	0.025641	0.032634	0.030303	0.016317	0.006993	0.006993	0.009324	0.006993	0.004662	0.002331	0.002331	0.006993	0.034965	0.032634	0.025641	0.027972	0.027972	0.020979	0.018648	0.011655	0.004662	0.009324	0.004662	0.002331	
0.006993	0.004662	0.006993	0.004662	0.004662	0.011655	0.018648	0.002331	0.004662	0.004662	0.004662	0.004662	0.009324	0.009324	0.009324	0.004662	0.006993	0.034965	0.055944	0.023310	0.018648	0.030303	0.055944	0.016317	0.011655	0.060606	0.027972	0.020979	0.002331	0.074592	0.027972	0.034965	0.027972	0.039627	0.030303	0.032634	0.004662	0.055944	0.046620	0.013986	0.009324	0.067599	0.027972	0.027972	0.004662	0.023310	0.009324	0.009324	0.002331	0.004662	0.004662	0.004662	0.002331	0.020979	0.002331	0.006993	0.002331	0.009324	0.009324	0.004662	0.002331	0.011655	0.009324	0.004662	
0.002331	0.011655	0.020979	0.009324	0.011655	0.037296	0.030303	0.004662	0.013986	0.044289	0.037296	0.002331	0.002331	0.039627	0.020979	0.002331	0.004662	0.006993	0.013986	0.004662	0.004662	0.044289	0.051282	0.018648	0.004662	0.046620	0.060606	0.011655	0.002331	0.011655	0.016317	0.009324	0.006993	0.009324	0.006993	0.004662	0.009324	0.072261	0.051282	0.009324	0.011655	0.032634	0.016317	0.009324	0.004662	0.027972	0.020979	0.004662	0.002331	0.002331	0.011655	0.002331	0.006993	0.051282	0.044289	0.016317	0.011655	0.027972	0.013986	0.002331	0.002331	0.025641	0.018648	0.006993	
0.002331	0.004662	0.004662	0.004662	0.004662	0.009324	0.006993	0.009324	0.030303	0.011655	0.006993	0.004662	0.002331	0.004662	0.004662	0.009324	0.002331	0.006993	0.006993	0.016317	0.032634	0.030303	0.072261	0.069930	0.041958	0.053613	0.053613	0.027972	0.002331	0.009324	0.011655	0.025641	0.009324	0.011655	0.011655	0.009324	0.032634	0.027972	0.060606	0.030303	0.032634	0.034965	0.037296	0.023310	0.002331	0.011655	0.002331	0.009324	0.002331	0.002331	0.002331	0.004662	0.030303	0.030303	0.023310	0.020979	0.011655	0.027972	0.023310	0.013986	0.004662	0.004662	0.004662	0.009324	
0.004662	0.002331	0.006993	0.002331	0.006993	0.006993	0.006993	0.004662	0.006993	0.006993	0.006993	0.004662	0.006993	0.020979	0.004662	0.002331	0.002331	0.018648	0.065268	0.013986	0.020979	0.025641	0.039627	0.011655	0.023310	0.072261	0.055944	0.011655	0.002331	0.053613	0.041958	0.032634	0.023310	0.025641	0.023310	0.044289	0.006993	0.034965	0.072261	0.013986	0.013986	0.055944	0.023310	0.027972	0.016317	0.025641	0.013986	0.013986	0.002331	0.004662	0.002331	0.002331	0.002331	0.016317	0.009324	0.002331	0.002331	0.011655	0.004662	0.004662	0.002331	0.025641	0.013986	0.011655	
0.002331	0.004662	0.023310	0.002331	0.009324	0.018648	0.020979	0.002331	0.016317	0.041958	0.034965	0.004662	0.004662	0.027972	0.023310	0.006993	0.004662	0.004662	0.023310	0.004662	0.004662	0.034965	0.027972	0.016317	0.006993	0.065268	0.048951	0.006993	0.002331	0.009324	0.013986	0.006993	0.011655	0.006993	0.018648	0.009324	0.027972	0.046620	0.067599	0.004662	0.011655	0.046620	0.025641	0.006993	0.002331	0.030303	0.006993	0.009324	0.002331	0.002331	0.018648	0.004662	0.006993	0.039627	0.065268	0.013986	0.016317	0.032634	0.020979	0.004662	0.004662	0.020979	0.025641	0.009324	
0.002331	0.004662	0.006993	0.006993	0.006993	0.006993	0.002331	0.002331	0.020979	0.027972	0.027972	0.006993	0.004662	0.009324	0.004662	0.002331	0.013986	0.009324	0.006993	0.018648	0.027972	0.034965	0.034965	0.041958	0.076923	0.034965	0.051282	0.018648	0.002331	0.006993	0.016317	0.011655	0.011655	0.009324	0.006993	0.023310	0.060606	0.034965	0.067599	0.023310	0.039627	0.039627	0.025641	0.025641	0.004662	0.006993	0.006993	0.004662	0.002331	0.002331	0.002331	0.006993	0.018648	0.018648	0.020979	0.030303	0.023310	0.030303	0.009324	0.006993	0.002331	0.016317	0.006993	0.006993	
0.009324	0.006993	0.009324	0.004662	0.002331	0.011655	0.009324	0.002331	0.004662	0.006993	0.009324	0.002331	0.016317	0.025641	0.009324	0.004662	0.011655	0.025641	0.055944	0.020979	0.013986	0.023310	0.051282	0.006993	0.018648	0.053613	0.030303	0.023310	0.002331	0.053613	0.032634	0.009324	0.041958	0.041958	0.032634	0.044289	0.009324	0.053613	0.058275	0.011655	0.004662	0.053613	0.027972	0.027972	0.006993	0.032634	0.006993	0.011655	0.004662	0.004662	0.002331	0.002331	0.002331	0.018648	0.011655	0.006993	0.002331	0.018648	0.006993	0.006993	0.002331	0.011655	0.004662	0.006993	
0.006993	0.016317	0.039627	0.004662	0.004662	0.032634	0.039627	0.002331	0.016317	0.044289	0.030303	0.009324	0.006993	0.037296	0.025641	0.002331	0.002331	0.004662	0.018648	0.002331	0.004662	0.032634	0.060606	0.009324	0.009324	0.058275	0.051282	0.011655	0.002331	0.004662	0.016317	0.004662	0.009324	0.009324	0.009324	0.002331	0.016317	0.048951	0.058275	0.009324	0.016317	0.023310	0.027972	0.006993	0.006993	0.039627	0.011655	0.002331	0.004662	0.006993	0.013986	0.002331	0.013986	0.030303	0.065268	0.013986	0.013986	0.013986	0.016317	0.009324	0.002331	0.016317	0.011655	0.002331	
0.004662	0.011655	0.002331	0.004662	0.009324	0.011655	0.009324	0.006993	0.023310	0.018648	0.032634	0.006993	0.002331	0.002331	0.002331	0.004662	0.009324	0.006993	0.004662	0.018648	0.041958	0.020979	0.034965	0.046620	0.067599	0.046620	0.081585	0.027972	0.002331	0.006993	0.016317	0.009324	0.011655	0.013986	0.013986	0.016317	0.030303	0.023310	0.053613	0.032634	0.046620	0.023310	0.032634	0.023310	0.002331	0.009324	0.006993	0.018648	0.004662	0.002331	0.004662	0.006993	0.027972	0.018648	0.041958	0.009324	0.016317	0.016317	0.020979	0.011655	0.002331	0.002331	0.002331	0.004662	
0.002331	0.009324	0.013986	0.004662	0.004662	0.009324	0.016317	0.004662	0.002331	0.011655	0.006993	0.004662	0.009324	0.020979	0.009324	0.006993	0.004662	0.018648	0.067599	0.018648	0.013986	0.018648	0.034965	0.006993	0.018648	0.062937	0.039627	0.018648	0.002331	0.053613	0.027972	0.011655	0.032634	0.020979	0.067599	0.032634	0.006993	0.032634	0.046620	0.018648	0.023310	0.081585	0.030303	0.032634	0.006993	0.034965	0.016317	0.011655	0.002331	0.002331	0.002331	0.002331	0.002331	0.011655	0.004662	0.002331	0.002331	0.011655	0.004662	0.009324	0.002331	0.018648	0.009324	0.006993	
0.006993	0.006993	0.025641	0.002331	0.004662	0.027972	0.013986	0.004662	0.020979	0.076923	0.044289	0.009324	0.004662	0.032634	0.016317	0.004662	0.002331	0.006993	0.016317	0.002331	0.002331	0.027972	0.034965	0.006993	0.016317	0.039627	0.039627	0.006993	0.002331	0.011655	0.013986	0.004662	0.002331	0.006993	0.030303	0.006993	0.011655	0.055944	0.090909	0.009324	0.013986	0.037296	0.020979	0.009324	0.002331	0.032634	0.025641	0.004662	0.002331	0.002331	0.013986	0.002331	0.009324	0.037296	0.072261	0.009324	0.009324	0.027972	0.020979	0.004662	0.002331	0.018648	0.013986	0.002331	
0.002331	0.002331	0.002331	0.006993	0.002331	0.004662	0.006993	0.009324	0.020979	0.025641	0.027972	0.011655	0.002331	0.002331	0.004662	0.004662	0.006993	0.006993	0.006993	0.006993	0.032634	0.023310	0.046620	0.046620	0.055944	0.048951	0.081585	0.025641	0.002331	0.006993	0.009324	0.011655	0.016317	0.006993	0.009324	0.027972	0.041958	0.039627	0.065268	0.034965	0.023310	0.039627	0.034965	0.027972	0.004662	0.006993	0.009324	0.009324	0.002331	0.004662	0.002331	0.002331	0.032634	0.011655	0.027972	0.023310	0.027972	0.011655	0.011655	0.018648	0.002331	0.002331	0.002331	0.009324	
0.002331	0.004662	0.016317	0.004662	0.002331	0.006993	0.009324	0.002331	0.004662	0.011655	0.002331	0.002331	0.006993	0.025641	0.009324	0.002331	0.002331	0.027972	0.055944	0.023310	0.006993	0.025641	0.037296	0.009324	0.004662	0.079254	0.037296	0.025641	0.002331	0.062937	0.023310	0.025641	0.009324	0.020979	0.060606	0.037296	0.013986	0.041958	0.051282	0.018648	0.018648	0.067599	0.034965	0.034965	0.018648	0.046620	0.011655	0.006993	0.004662	0.002331	0.002331	0.002331	0.002331	0.009324	0.004662	0.002331	0.004662	0.006993	0.009324	0.004662	0.002331	0.009324	0.009324	0.013986	
0.004662	0.006993	0.004662	0.002331	0.006993	0.018648	0.027972	0.002331	0.025641	0.048951	0.048951	0.011655	0.004662	0.048951	0.011655	0.002331	0.002331	0.006993	0.013986	0.002331	0.002331	0.034965	0.039627	0.006993	0.002331	0.039627	0.053613	0.006993	0.002331	0.011655	0.011655	0.006993	0.006993	0.006993	0.011655	0.006993	0.013986	0.076923	0.065268	0.009324	0.016317	0.034965	0.025641	0.006993	0.009324	0.025641	0.027972	0.004662	0.004662	0.002331	0.020979	0.002331	0.009324	0.039627	0.088578	0.006993	0.011655	0.020979	0.018648	0.002331	0.006993	0.023310	0.013986	0.004662	
0.002331	0.002331	0.004662	0.009324	0.004662	0.004662	0.006993	0.006993	0.018648	0.013986	0.009324	0.009324	0.002331	0.002331	0.006993	0.002331	0.002331	0.004662	0.006993	0.018648	0.041958	0.023310	0.055944	0.048951	0.083916	0.039627	0.065268	0.032634	0.002331	0.006993	0.006993	0.009324	0.011655	0.013986	0.011655	0.018648	0.039627	0.030303	0.039627	0.034965	0.048951	0.037296	0.030303	0.030303	0.004662	0.006993	0.002331	0.013986	0.006993	0.002331	0.004662	0.009324	0.030303	0.020979	0.032634	0.025641	0.018648	0.023310	0.016317	0.006993	0.002331	0.009324	0.004662	0.002331	
0.002331	0.013986	0.004662	0.002331	0.004662	0.006993	0.006993	0.004662	0.004662	0.011655	0.009324	0.002331	0.016317	0.013986	0.018648	0.006993	0.002331	0.044289	0.051282	0.018648	0.011655	0.023310	0.034965	0.009324	0.018648	0.060606	0.032634	0.023310	0.002331	0.041958	0.046620	0.025641	0.041958	0.037296	0.044289	0.046620	0.002331	0.034965	0.067599	0.009324	0.006993	0.074592	0.020979	0.018648	0.011655	0.034965	0.018648	0.013986	0.002331	0.002331	0.002331	0.004662	0.002331	0.011655	0.006993	0.004662	0.002331	0.011655	0.002331	0.004662	0.002331	0.016317	0.004662	0.004662	
0.002331	0.009324	0.034965	0.002331	0.013986	0.030303	0.051282	0.002331	0.025641	0.044289	0.027972	0.004662	0.002331	0.041958	0.023310	0.004662	0.002331	0.004662	0.011655	0.002331	0.006993	0.025641	0.037296	0.006993	0.006993	0.055944	0.041958	0.011655	0.002331	0.009324	0.013986	0.002331	0.004662	0.006993	0.016317	0.004662	0.016317	0.060606	0.074592	0.006993	0.006993	0.037296	0.016317	0.004662	0.006993	0.011655	0.027972	0.002331	0.006993	0.006993	0.011655	0.006993	0.002331	0.009324	0.093240	0.002331	0.016317	0.032634	0.032634	0.006993	0.002331	0.025641	0.020979	0.002331	
0.004662	0.002331	0.004662	0.004662	0.006993	0.004662	0.009324	0.006993	0.023310	0.020979	0.020979	0.009324	0.002331	0.004662	0.002331	0.006993	0.006993	0.004662	0.013986	0.013986	0.037296	0.020979	0.046620	0.020979	0.072261	0.053613	0.090909	0.039627	0.002331	0.004662	0.004662	0.006993	0.013986	0.009324	0.006993	0.025641	0.048951	0.030303	0.060606	0.030303	0.034965	0.039627	0.025641	0.018648	0.004662	0.004662	0.011655	0.006993	0.002331	0.004662	0.004662	0.002331	0.025641	0.016317	0.030303	0.016317	0.037296	0.020979	0.011655	0.016317	0.002331	0.002331	0.002331	0.004662	
0.002331	0.006993	0.013986	0.004662	0.002331	0.009324	0.006993	0.002331	0.004662	0.011655	0.011655	0.002331	0.016317	0.018648	0.006993	0.004662	0.006993	0.048951	0.039627	0.023310	0.018648	0.018648	0.027972	0.006993	0.032634	0.058275	0.027972	0.027972	0.002331	0.039627	0.018648	0.013986	0.025641	0.039627	0.058275	0.044289	0.009324	0.055944	0.055944	0.013986	0.016317	0.093240	0.013986	0.025641	0.011655	0.051282	0.006993	0.013986	0.002331	0.004662	0.002331	0.002331	0.002331	0.006993	0.002331	0.004662	0.002331	0.009324	0.004662	0.004662	0.002331	0.013986	0.002331	0.006993	
0.002331	0.011655	0.020979	0.002331	0.006993	0.039627	0.048951	0.004662	0.016317	0.055944	0.037296	0.004662	0.002331	0.041958	0.027972	0.002331	0.002331	0.004662	0.018648	0.006993	0.002331	0.034965	0.044289	0.009324	0.009324	0.048951	0.030303	0.004662	0.002331	0.009324	0.011655	0.004662	0.009324	0.011655	0.030303	0.004662	0.011655	0.074592	0.074592	0.011655	0.009324	0.034965	0.009324	0.004662	0.004662	0.027972	0.025641	0.002331	0.004662	0.004662	0.020979	0.002331	0.009324	0.034965	0.074592	0.004662	0.009324	0.009324	0.011655	0.004662	0.002331	0.020979	0.013986	0.002331	
0.009324	0.002331	0.004662	0.002331	0.009324	0.006993	0.006993	0.009324	0.037296	0.018648	0.023310	0.011655	0.002331	0.004662	0.004662	0.004662	0.009324	0.004662	0.004662	0.011655	0.051282	0.020979	0.067599	0.044289	0.074592	0.062937	0.069930	0.034965	0.002331	0.004662	0.009324	0.013986	0.011655	0.006993	0.002331	0.023310	0.037296	0.039627	0.055944	0.016317	0.032634	0.030303	0.016317	0.009324	0.004662	0.004662	0.002331	0.006993	0.002331	0.002331	0.002331	0.004662	0.023310	0.027972	0.018648	0.030303	0.018648	0.030303	0.011655	0.018648	0.002331	0.004662	0.002331	0.002331	
0.006993	0.009324	0.013986	0.002331	0.004662	0.004662	0.004662	0.002331	0.002331	0.006993	0.002331	0.002331	0.004662	0.018648	0.016317	0.002331	0.006993	0.053613	0.037296	0.023310	0.030303	0.013986	0.041958	0.009324	0.016317	0.074592	0.041958	0.016317	0.002331	0.053613	0.020979	0.023310	0.034965	0.037296	0.051282	0.039627	0.018648	0.046620	0.062937	0.013986	0.006993	0.053613	0.018648	0.041958	0.009324	0.030303	0.009324	0.025641	0.002331	0.002331	0.002331	0.004662	0.002331	0.002331	0.009324	0.004662	0.004662	0.009324	0.002331	0.002331	0.002331	0.016317	0.004662	0.004662	
0.004662	0.013986	0.027972	0.004662	0.013986	0.039627	0.046620	0.002331	0.013986	0.044289	0.039627	0.006993	0.002331	0.037296	0.025641	0.004662	0.004662	0.011655	0.030303	0.009324	0.004662	0.016317	0.034965	0.011655	0.018648	0.046620	0.048951	0.004662	0.002331	0.013986	0.011655	0.002331	0.004662	0.009324	0.013986	0.002331	0.009324	0.062937	0.062937	0.009324	0.006993	0.030303	0.025641	0.002331	0.002331	0.020979	0.034965	0.004662	0.002331	0.002331	0.009324	0.004662	0.004662	0.032634	0.076923	0.004662	0.013986	0.009324	0.020979	0.006993	0.002331	0.032634	0.013986	0.006993	
0.004662	0.004662	0.002331	0.004662	0.002331	0.016317	0.006993	0.011655	0.034965	0.013986	0.025641	0.006993	0.002331	0.002331	0.006993	0.009324	0.011655	0.006993	0.006993	0.006993	0.027972	0.020979	0.067599	0.034965	0.074592	0.062937	0.062937	0.020979	0.002331	0.006993	0.009324	0.009324	0.009324	0.016317	0.009324	0.018648	0.027972	0.016317	0.058275	0.027972	0.039627	0.053613	0.023310	0.018648	0.002331	0.004662	0.002331	0.011655	0.002331	0.002331	0.002331	0.002331	0.032634	0.020979	0.025641	0.025641	0.023310	0.018648	0.020979	0.023310	0.004662	0.009324	0.002331	0.002331	
0.004662	0.004662	0.011655	0.006993	0.002331	0.009324	0.013986	0.004662	0.004662	0.009324	0.004662	0.002331	0.004662	0.011655	0.009324	0.006993	0.002331	0.018648	0.046620	0.023310	0.018648	0.013986	0.030303	0.011655	0.016317	0.086247	0.032634	0.023310	0.002331	0.051282	0.020979	0.025641	0.025641	0.032634	0.046620	0.067599	0.006993	0.051282	0.079254	0.011655	0.009324	0.076923	0.023310	0.023310	0.018648	0.025641	0.011655	0.013986	0.002331	0.004662	0.002331	0.002331	0.002331	0.004662	0.013986	0.002331	0.002331	0.011655	0.004662	0.002331	0.002331	0.020979	0.004662	0.004662	
0.002331	0.006993	0.020979	0.004662	0.011655	0.023310	0.018648	0.006993	0.013986	0.058275	0.030303	0.004662	0.004662	0.044289	0.046620	0.004662	0.004662	0.009324	0.013986	0.002331	0.002331	0.023310	0.041958	0.011655	0.004662	0.074592	0.041958	0.016317	0.002331	0.011655	0.009324	0.006993	0.004662	0.006993	0.016317	0.004662	0.011655	0.067599	0.097902	0.006993	0.016317	0.032634	0.013986	0.002331	0.004662	0.023310	0.013986	0.009324	0.004662	0.004662	0.013986	0.004662	0.002331	0.023310	0.074592	0.009324	0.006993	0.011655	0.025641	0.002331	0.004662	0.018648	0.020979	0.006993	
0.002331	0.002331	0.004662	0.006993	0.004662	0.004662	0.006993	0.011655	0.013986	0.018648	0.030303	0.002331	0.002331	0.002331	0.004662	0.006993	0.004662	0.006993	0.009324	0.006993	0.032634	0.023310	0.046620	0.034965	0.081585	0.053613	0.067599	0.030303	0.002331	0.009324	0.006993	0.016317	0.013986	0.004662	0.004662	0.018648	0.048951	0.037296	0.065268	0.025641	0.032634	0.030303	0.025641	0.023310	0.004662	0.009324	0.002331	0.009324	0.004662	0.002331	0.002331	0.006993	0.020979	0.016317	0.023310	0.037296	0.018648	0.034965	0.016317	0.020979	0.002331	0.004662	0.013986	0.006993	
0.006993	0.002331	0.013986	0.002331	0.002331	0.004662	0.006993	0.002331	0.002331	0.006993	0.006993	0.004662	0.009324	0.016317	0.006993	0.006993	0.009324	0.027972	0.048951	0.020979	0.016317	0.020979	0.030303	0.013986	0.027972	0.065268	0.027972	0.020979	0.002331	0.060606	0.018648	0.027972	0.027972	0.027972	0.053613	0.037296	0.016317	0.058275	0.048951	0.013986	0.011655	0.062937	0.037296	0.027972	0.011655	0.046620	0.013986	0.004662	0.002331	0.004662	0.002331	0.002331	0.002331	0.013986	0.006993	0.002331	0.002331	0.011655	0.002331	0.011655	0.002331	0.027972	0.002331	0.006993	
0.004662	0.006993	0.032634	0.002331	0.013986	0.020979	0.023310	0.004662	0.020979	0.051282	0.041958	0.004662	0.006993	0.030303	0.023310	0.002331	0.002331	0.009324	0.018648	0.006993	0.002331	0.030303	0.055944	0.009324	0.006993	0.044289	0.030303	0.011655	0.002331	0.006993	0.018648	0.004662	0.006993	0.004662	0.027972	0.004662	0.027972	0.060606	0.053613	0.004662	0.009324	0.039627	0.020979	0.004662	0.004662	0.025641	0.025641	0.009324	0.004662	0.002331	0.016317	0.002331	0.009324	0.048951	0.083916	0.009324	0.006993	0.011655	0.018648	0.004662	0.006993	0.011655	0.023310	0.004662	
0.004662	0.004662	0.002331	0.006993	0.009324	0.002331	0.004662	0.006993	0.030303	0.013986	0.037296	0.013986	0.002331	0.004662	0.006993	0.002331	0.018648	0.004662	0.002331	0.027972	0.039627	0.018648	0.067599	0.034965	0.074592	0.079254	0.051282	0.011655	0.004662	0.004662	0.013986	0.004662	0.009324	0.006993	0.004662	0.023310	0.044289	0.030303	0.044289	0.027972	0.039627	0.030303	0.018648	0.023310	0.002331	0.006993	0.004662	0.011655	0.004662	0.004662	0.004662	0.006993	0.027972	0.004662	0.016317	0.025641	0.027972	0.020979	0.020979	0.020979	0.004662	0.006993	0.006993	0.002331	
0.016317	0.004662	0.004662	0.011655	0.002331	0.009324	0.004662	0.004662	0.002331	0.004662	0.002331	0.004662	0.013986	0.034965	0.011655	0.004662	0.004662	0.032634	0.055944	0.027972	0.020979	0.013986	0.018648	0.002331	0.018648	0.065268	0.025641	0.023310	0.002331	0.060606	0.023310	0.009324	0.023310	0.044289	0.051282	0.053613	0.011655	0.069930	0.034965	0.027972	0.004662	0.079254	0.020979	0.023310	0.009324	0.032634	0.006993	0.020979	0.002331	0.004662	0.002331	0.004662	0.002331	0.016317	0.002331	0.002331	0.004662	0.016317	0.002331	0.009324	0.002331	0.013986	0.002331	0.002331	
0.006993	0.016317	0.018648	0.004662	0.011655	0.025641	0.046620	0.002331	0.018648	0.053613	0.034965	0.006993	0.004662	0.030303	0.053613	0.009324	0.004662	0.004662	0.018648	0.009324	0.004662	0.032634	0.065268	0.006993	0.004662	0.023310	0.023310	0.009324	0.002331	0.020979	0.011655	0.002331	0.004662	0.009324	0.009324	0.006993	0.023310	0.058275	0.081585	0.002331	0.011655	0.018648	0.018648	0.002331	0.002331	0.025641	0.027972	0.004662	0.004662	0.002331	0.018648	0.002331	0.004662	0.058275	0.074592	0.004662	0.004662	0.018648	0.018648	0.002331	0.002331	0.016317	0.013986	0.004662	
0.002331	0.002331	0.002331	0.013986	0.004662	0.009324	0.011655	0.006993	0.013986	0.013986	0.030303	0.006993	0.004662	0.009324	0.002331	0.006993	0.004662	0.009324	0.006993	0.023310	0.051282	0.018648	0.055944	0.048951	0.067599	0.060606	0.100233	0.039627	0.002331	0.002331	0.006993	0.004662	0.006993	0.009324	0.004662	0.018648	0.025641	0.023310	0.044289	0.020979	0.023310	0.039627	0.025641	0.006993	0.002331	0.002331	0.006993	0.009324	0.002331	0.002331	0.002331	0.004662	0.020979	0.013986	0.018648	0.039627	0.032634	0.032634	0.025641	0.016317	0.002331	0.006993	0.004662	0.006993	
0.004662	0.002331	0.006993	0.002331	0.002331	0.009324	0.006993	0.004662	0.004662	0.006993	0.002331	0.002331	0.009324	0.027972	0.013986	0.009324	0.002331	0.039627	0.041958	0.018648	0.013986	0.016317	0.025641	0.009324	0.016317	0.069930	0.032634	0.011655	0.002331	0.081585	0.018648	0.013986	0.041958	0.027972	0.041958	0.025641	0.013986	0.055944	0.055944	0.020979	0.013986	0.093240	0.025641	0.048951	0.011655	0.032634	0.018648	0.006993	0.002331	0.004662	0.002331	0.002331	0.002331	0.009324	0.004662	0.004662	0.006993	0.006993	0.002331	0.004662	0.002331	0.018648	0.002331	0.004662	
0.004662	0.009324	0.034965	0.002331	0.011655	0.027972	0.027972	0.006993	0.009324	0.048951	0.032634	0.002331	0.002331	0.027972	0.016317	0.002331	0.004662	0.004662	0.020979	0.002331	0.002331	0.034965	0.051282	0.002331	0.004662	0.041958	0.044289	0.002331	0.002331	0.011655	0.018648	0.006993	0.006993	0.006993	0.023310	0.004662	0.018648	0.067599	0.086247	0.004662	0.009324	0.037296	0.011655	0.004662	0.002331	0.027972	0.032634	0.004662	0.004662	0.002331	0.013986	0.004662	0.006993	0.039627	0.102564	0.011655	0.011655	0.023310	0.013986	0.004662	0.002331	0.011655	0.013986	0.006993	
0.002331	0.006993	0.006993	0.004662	0.004662	0.002331	0.004662	0.011655	0.025641	0.032634	0.027972	0.006993	0.002331	0.002331	0.004662	0.004662	0.004662	0.006993	0.009324	0.018648	0.037296	0.020979	0.051282	0.060606	0.093240	0.058275	0.072261	0.044289	0.002331	0.004662	0.004662	0.013986	0.009324	0.004662	0.002331	0.018648	0.039627	0.032634	0.046620	0.032634	0.027972	0.034965	0.018648	0.020979	0.002331	0.002331	0.006993	0.002331	0.002331	0.002331	0.002331	0.002331	0.020979	0.013986	0.027972	0.016317	0.037296	0.016317	0.011655	0.016317	0.004662	0.004662	0.004662	0.006993	
0.004662	0.002331	0.006993	0.004662	0.004662	0.009324	0.002331	0.004662	0.002331	0.006993	0.009324	0.002331	0.006993	0.020979	0.011655	0.004662	0.009324	0.039627	0.044289	0.009324	0.013986	0.016317	0.030303	0.009324	0.020979	0.053613	0.034965	0.020979	0.002331	0.062937	0.032634	0.023310	0.037296	0.037296	0.072261	0.037296	0.009324	0.067599	0.046620	0.018648	0.009324	0.074592	0.027972	0.018648	0.013986	0.044289	0.011655	0.018648	0.002331	0.004662	0.002331	0.002331	0.002331	0.006993	0.002331	0.002331	0.002331	0.006993	0.004662	0.006993	0.002331	0.016317	0.006993	0.002331	
0.002331	0.011655	0.037296	0.002331	0.013986	0.030303	0.037296	0.002331	0.016317	0.067599	0.034965	0.006993	0.006993	0.020979	0.023310	0.002331	0.002331	0.004662	0.020979	0.002331	0.002331	0.041958	0.053613	0.002331	0.004662	0.027972	0.046620	0.002331	0.002331	0.013986	0.011655	0.006993	0.002331	0.009324	0.013986	0.009324	0.020979	0.039627	0.072261	0.009324	0.018648	0.037296	0.018648	0.002331	0.004662	0.018648	0.018648	0.006993	0.004662	0.004662	0.013986	0.002331	0.004662	0.051282	0.081585	0.006993	0.011655	0.037296	0.009324	0.004662	0.002331	0.020979	0.018648	0.006993	
0.002331	0.002331	0.004662	0.002331	0.006993	0.006993	0.002331	0.013986	0.037296	0.016317	0.023310	0.009324	0.002331	0.006993	0.002331	0.004662	0.011655	0.009324	0.009324	0.011655	0.044289	0.018648	0.058275	0.041958	0.090909	0.044289	0.081585	0.027972	0.004662	0.004662	0.004662	0.006993	0.018648	0.009324	0.009324	0.013986	0.055944	0.025641	0.072261	0.016317	0.037296	0.027972	0.025641	0.018648	0.002331	0.004662	0.002331	0.006993	0.002331	0.006993	0.002331	0.004662	0.039627	0.004662	0.009324	0.020979	0.027972	0.018648	0.006993	0.018648	0.002331	0.004662	0.004662	0.011655	
0.006993	0.009324	0.013986	0.004662	0.002331	0.006993	0.011655	0.006993	0.004662	0.004662	0.009324	0.006993	0.006993	0.018648	0.004662	0.002331	0.004662	0.046620	0.067599	0.027972	0.016317	0.013986	0.018648	0.006993	0.018648	0.060606	0.044289	0.018648	0.002331	0.053613	0.023310	0.013986	0.039627	0.053613	0.062937	0.037296	0.006993	0.041958	0.041958	0.016317	0.009324	0.069930	0.020979	0.037296	0.011655	0.034965	0.016317	0.011655	0.004662	0.002331	0.002331	0.002331	0.002331	0.013986	0.002331	0.002331	0.004662	0.004662	0.002331	0.002331	0.002331	0.018648	0.004662	0.004662	
0.013986	0.011655	0.027972	0.002331	0.018648	0.041958	0.046620	0.004662	0.018648	0.058275	0.062937	0.006993	0.002331	0.046620	0.020979	0.002331	0.002331	0.002331	0.018648	0.004662	0.004662	0.027972	0.037296	0.006993	0.002331	0.025641	0.039627	0.006993	0.002331	0.016317	0.011655	0.002331	0.006993	0.004662	0.020979	0.004662	0.020979	0.046620	0.065268	0.006993	0.002331	0.041958	0.027972	0.004662	0.004662	0.020979	0.034965	0.004662	0.002331	0.002331	0.016317	0.002331	0.002331	0.034965	0.081585	0.006993	0.004662	0.023310	0.016317	0.004662	0.002331	0.011655	0.013986	0.004662	
0.004662	0.002331	0.006993	0.011655	0.004662	0.002331	0.006993	0.006993	0.032634	0.013986	0.030303	0.006993	0.002331	0.004662	0.002331	0.004662	0.002331	0.006993	0.002331	0.034965	0.046620	0.016317	0.044289	0.044289	0.090909	0.053613	0.067599	0.018648	0.002331	0.002331	0.016317	0.004662	0.009324	0.004662	0.004662	0.009324	0.046620	0.020979	0.060606	0.020979	0.044289	0.032634	0.039627	0.030303	0.004662	0.004662	0.006993	0.006993	0.002331	0.002331	0.002331	0.004662	0.039627	0.016317	0.018648	0.020979	0.030303	0.020979	0.023310	0.006993	0.002331	0.002331	0.002331	0.006993	
0.004662	0.006993	0.004662	0.002331	0.002331	0.004662	0.006993	0.002331	0.004662	0.004662	0.004662	0.002331	0.016317	0.018648	0.013986	0.011655	0.004662	0.053613	0.051282	0.027972	0.016317	0.016317	0.020979	0.002331	0.025641	0.048951	0.032634	0.023310	0.002331	0.046620	0.020979	0.023310	0.032634	0.051282	0.058275	0.055944	0.006993	0.048951	0.046620	0.018648	0.013986	0.076923	0.025641	0.044289	0.009324	0.032634	0.004662	0.016317	0.002331	0.004662	0.002331	0.002331	0.002331	0.004662	0.004662	0.002331	0.002331	0.018648	0.004662	0.002331	0.002331	0.006993	0.004662	0.009324	
0.004662	0.011655	0.023310	0.004662	0.006993	0.044289	0.062937	0.002331	0.013986	0.044289	0.046620	0.011655	0.002331	0.039627	0.044289	0.002331	0.002331	0.004662	0.016317	0.004662	0.004662	0.032634	0.032634	0.004662	0.006993	0.034965	0.030303	0.006993	0.002331	0.006993	0.011655	0.004662	0.009324	0.020979	0.013986	0.002331	0.016317	0.062937	0.065268	0.004662	0.016317	0.030303	0.016317	0.004662	0.004662	0.020979	0.044289	0.002331	0.002331	0.004662	0.020979	0.002331	0.006993	0.030303	0.058275	0.009324	0.009324	0.013986	0.016317	0.004662	0.004662	0.030303	0.023310	0.002331	
0.002331	0.002331	0.004662	0.009324	0.011655	0.006993	0.011655	0.011655	0.027972	0.016317	0.027972	0.002331	0.002331	0.004662	0.002331	0.004662	0.004662	0.006993	0.009324	0.013986	0.058275	0.023310	0.051282	0.037296	0.067599	0.069930	0.051282	0.030303	0.004662	0.004662	0.006993	0.004662	0.006993	0.004662	0.009324	0.025641	0.041958	0.030303	0.039627	0.011655	0.023310	0.023310	0.030303	0.032634	0.002331	0.004662	0.009324	0.011655	0.004662	0.002331	0.002331	0.004662	0.027972	0.011655	0.025641	0.032634	0.032634	0.051282	0.023310	0.016317	0.002331	0.002331	0.002331	0.004662	
0.002331	0.004662	0.006993	0.004662	0.002331	0.004662	0.006993	0.002331	0.004662	0.006993	0.006993	0.006993	0.006993	0.025641	0.016317	0.004662	0.002331	0.048951	0.062937	0.025641	0.016317	0.018648	0.034965	0.002331	0.030303	0.037296	0.039627	0.020979	0.002331	0.030303	0.027972	0.032634	0.032634	0.037296	0.041958	0.039627	0.011655	0.074592	0.055944	0.018648	0.011655	0.079254	0.027972	0.013986	0.011655	0.034965	0.013986	0.020979	0.002331	0.004662	0.002331	0.002331	0.002331	0.004662	0.006993	0.002331	0.004662	0.006993	0.002331	0.006993	0.002331	0.018648	0.002331	0.002331	
0.006993	0.009324	0.018648	0.004662	0.011655	0.027972	0.053613	0.002331	0.018648	0.058275	0.034965	0.002331	0.004662	0.044289	0.018648	0.004662	0.002331	0.004662	0.023310	0.002331	0.006993	0.039627	0.046620	0.009324	0.004662	0.051282	0.046620	0.002331	0.002331	0.009324	0.011655	0.002331	0.006993	0.009324	0.027972	0.006993	0.009324	0.044289	0.069930	0.006993	0.006993	0.039627	0.025641	0.004662	0.004662	0.016317	0.020979	0.006993	0.004662	0.004662	0.011655	0.002331	0.002331	0.027972	0.074592	0.004662	0.009324	0.030303	0.016317	0.004662	0.004662	0.030303	0.023310	0.002331	
0.004662	0.004662	0.002331	0.009324	0.011655	0.009324	0.004662	0.002331	0.023310	0.013986	0.034965	0.009324	0.002331	0.002331	0.004662	0.006993	0.011655	0.002331	0.006993	0.009324	0.037296	0.011655	0.055944	0.034965	0.088578	0.039627	0.079254	0.037296	0.002331	0.006993	0.009324	0.004662	0.013986	0.004662	0.004662	0.016317	0.032634	0.046620	0.058275	0.041958	0.041958	0.039627	0.018648	0.023310	0.002331	0.002331	0.002331	0.006993	0.004662	0.002331	0.002331	0.006993	0.018648	0.011655	0.034965	0.034965	0.018648	0.013986	0.027972	0.013986	0.002331	0.004662	0.004662	0.004662	
0.009324	0.006993	0.016317	0.002331	0.002331	0.002331	0.006993	0.002331	0.004662	0.006993	0.002331	0.002331	0.013986	0.016317	0.006993	0.004662	0.002331	0.016317	0.053613	0.027972	0.020979	0.016317	0.037296	0.004662	0.025641	0.081585	0.027972	0.018648	0.002331	0.053613	0.023310	0.034965	0.030303	0.030303	0.046620	0.065268	0.006993	0.041958	0.039627	0.018648	0.016317	0.088578	0.020979	0.034965	0.006993	0.053613	0.009324	0.013986	0.002331	0.002331	0.002331	0.002331	0.002331	0.009324	0.002331	0.002331	0.002331	0.009324	0.006993	0.002331	0.002331	0.011655	0.002331	0.006993	
